0.007000	3.605551	0	0	0	2	0	0	0	0
0.001000	2.828427	0	0	0	2	0	0	0	0
0.001000	3.162278	0	0	0	2	0	0	0	0
0.002000	3.605551	0	0	0	2	0	0	0	0
0.002000	2.000000	0	0	0	2	0	0	0	0
0.001000	3.000000	0	0	0	2	0	0	0	0
0.002000	1.414214	0	0	0	2	0	0	0	0
0.002000	2.000000	0	0	0	2	0	0	0	0
0.001000	2.000000	0	0	0	2	0	0	0	0
0.002000	3.605551	0	0	0	2	0	0	0	0
0.002000	5.385165	0	0	0	2	0	0	0	0
0.002000	6.403124	0	0	0	2	0	0	0	0
0.002000	4.123106	0	0	0	2	0	0	0	0
0.001000	6.000000	0	0	0	2	0	0	0	0
0.002000	7.280110	0	0	0	2	0	0	0	0
0.002000	5.385165	0	0	0	2	0	0	0	0
0.001000	4.000000	0	0	0	2	0	0	0	0
0.001000	4.000000	0	0	0	2	0	0	0	0
0.001000	7.071068	0	0	0	2	0	0	0	0
0.001000	7.071068	0	0	0	2	0	0	0	0
0.003000	9.486833	0	0	0	2	0	0	0	0
0.002000	8.602325	0	0	0	2	0	0	0	0
0.002000	9.000000	0	0	0	2	0	0	0	0
0.001000	10.440307	0	0	0	2	0	0	0	0
0.000000	10.198039	0	0	0	2	0	0	0	0
0.001000	8.602325	0	0	0	2	0	0	0	0
0.002000	8.062258	0	0	0	2	0	0	0	0
0.001000	10.295630	0	0	0	2	0	0	0	0
0.002000	7.810250	0	0	0	2	0	0	0	0
0.002000	8.062258	0	0	0	2	0	0	0	0
0.001000	13.000000	0	0	0	2	0	0	0	0
0.001000	13.038405	0	0	0	2	0	0	0	0
0.002000	15.132746	0	0	0	2	0	0	0	0
0.001000	13.038405	0	0	0	2	0	0	0	0
0.002000	12.727922	0	0	0	2	0	0	0	0
0.002000	15.000000	0	0	0	2	0	0	0	0
0.001000	12.041595	0	0	0	2	0	0	0	0
0.005000	12.369317	0	0	0	2	0	0	0	0
0.002000	15.033296	0	0	0	2	0	0	0	0
0.002000	11.661904	0	0	0	2	0	0	0	0
0.002000	17.464249	0	0	0	2	0	0	0	0
0.025000	15.193485	4	23	26	5	1	0	1	0
0.000000	16.552945	0	0	0	2	0	0	0	0
0.002000	18.027756	0	0	0	2	0	0	0	0
0.002000	16.492423	0	0	0	2	0	0	0	0
0.002000	18.110770	0	0	0	2	0	0	0	0
0.017000	17.066689	8	27	53	6	2	0	2	0
0.021000	17.841397	5	20	29	5	1	0	1	0
0.002000	16.278821	0	0	0	2	0	0	0	0
0.001000	16.124515	0	0	0	2	0	0	0	0
0.009000	22.000330	4	12	16	4	1	0	1	0
0.011000	20.901047	4	23	26	5	2	0	2	0
0.000000	20.223748	0	0	0	2	0	0	0	0
0.001000	23.000000	0	0	0	2	0	0	0	0
0.000000	19.416488	0	0	0	2	0	0	0	0
0.002000	22.803509	0	0	0	2	0	0	0	0
0.000000	19.849433	0	0	0	2	0	0	0	0
0.012000	21.672538	7	26	46	7	2	0	2	0
0.000000	21.023796	0	0	0	2	0	0	0	0
0.017000	20.046897	5	25	42	5	1	0	1	0
0.022000	26.248931	2	25	41	3	1	0	1	0
0.018000	24.280110	5	23	37	5	1	0	1	0
0.021000	24.836419	5	21	28	6	2	0	2	0
0.001000	25.495098	0	0	0	2	0	0	0	0
0.002000	27.073973	0	0	0	2	0	0	0	0
0.002000	25.179357	0	0	0	2	0	0	0	0
0.002000	24.515301	0	0	0	2	0	0	0	0
0.000000	25.961510	0	0	0	2	0	0	0	0
0.002000	24.186773	0	0	0	2	0	0	0	0
0.002000	24.166092	0	0	0	2	0	0	0	0
0.002000	28.861739	0	0	0	2	0	0	0	0
0.018000	27.898009	12	28	53	6	3	0	3	0
0.002000	28.844410	0	0	0	2	0	0	0	0
0.018000	28.049245	4	21	30	4	1	0	1	0
0.001000	30.479501	0	0	0	2	0	0	0	0
0.016000	28.687354	5	25	49	6	2	0	2	0
0.019000	28.730919	6	38	60	6	1	0	1	0
0.017000	25.958217	8	21	39	6	3	0	3	0
0.001000	29.154759	0	0	0	2	0	0	0	0
0.001000	30.000000	0	0	0	2	0	0	0	0
0.017000	32.918896	4	21	33	5	1	0	1	0
0.013000	32.712377	7	35	41	6	3	0	3	0
0.002000	32.649655	0	0	0	2	0	0	0	0
0.017000	31.080305	11	40	75	6	3	0	3	0
0.002000	31.320920	0	0	0	2	0	0	0	0
0.013000	30.533651	6	25	44	5	1	0	1	0
0.001000	33.541020	0	0	0	2	0	0	0	0
0.002000	30.232433	0	0	0	2	0	0	0	0
0.013000	30.415145	11	30	65	7	1	0	1	0
0.002000	31.320920	0	0	0	2	0	0	0	0
0.002000	36.000000	0	0	0	2	0	0	0	0
0.018000	33.426847	11	44	103	7	3	0	3	0
0.002000	35.902646	0	0	0	2	0	0	0	0
0.015000	35.649886	8	24	41	5	2	0	2	0
0.001000	36.069378	0	0	0	2	0	0	0	0
0.020000	36.364649	4	32	57	5	1	0	1	0
0.012000	36.223038	6	23	43	5	1	0	1	0
0.002000	36.055513	0	0	0	2	0	0	0	0
0.010000	36.643317	6	32	56	6	1	0	1	0
0.019000	35.242008	5	26	47	5	1	0	1	0
0.008000	39.426739	7	17	21	7	3	0	3	0
0.014000	39.913676	8	47	76	7	3	0	3	0
0.012000	39.719321	12	43	77	7	2	0	2	0
0.003000	42.107007	0	0	0	2	0	0	0	0
0.015000	40.379448	8	36	69	7	1	0	1	0
0.001000	40.311289	0	0	0	2	0	0	0	0
0.015000	38.205635	5	32	48	6	2	0	2	0
0.012000	40.968982	6	24	44	7	1	0	1	0
0.016000	39.981209	4	17	28	5	2	0	2	0
0.014000	38.134553	9	41	74	8	4	0	4	0
0.014000	45.559804	16	38	97	9	1	0	1	0
0.012000	46.124784	7	35	44	6	1	0	1	0
0.019000	46.317351	7	37	68	5	1	0	1	0
0.002000	46.690470	0	0	0	2	0	0	0	0
0.013000	42.638498	10	33	79	8	2	0	2	0
0.015000	43.839688	11	47	108	9	2	0	2	0
0.012000	39.774893	11	34	66	7	3	0	3	0
0.001000	44.147480	0	0	0	2	0	0	0	0
0.017000	42.850566	5	19	27	5	1	0	1	0
0.018000	41.658272	5	28	51	5	1	0	1	0
0.012000	46.140523	15	23	26	7	4	0	4	0
0.011000	44.104847	12	23	25	8	4	0	4	0
0.003000	46.690470	0	0	0	2	0	0	0	0
0.013000	47.315154	7	41	80	7	2	0	1	1
0.012000	45.851037	8	24	38	7	2	0	2	0
0.013000	48.316113	15	34	88	9	2	0	1	1
0.012000	48.648694	11	39	55	6	3	0	2	1
0.014000	50.160453	11	38	59	6	1	0	1	0
0.017000	46.309969	7	28	46	7	2	0	1	1
0.016000	48.351424	5	25	32	5	1	0	1	0
0.015000	49.941211	13	23	30	7	4	0	4	0
0.012000	51.313723	4	23	38	5	1	0	1	0
0.015000	51.333715	4	18	27	4	1	0	1	0
0.016000	50.068884	8	29	49	8	1	0	1	0
0.016000	50.846868	8	37	69	8	2	0	1	1
0.019000	50.083218	11	31	62	8	2	0	2	0
0.017000	50.283733	12	30	79	7	1	0	1	0
0.013000	50.781728	14	40	82	7	1	0	1	0
0.015000	50.505406	20	40	110	10	2	0	2	0
0.014000	51.579739	9	36	67	7	3	0	3	0
0.014000	53.558296	9	23	33	8	4	0	4	0
0.016000	55.014095	11	23	33	7	3	0	3	0
0.001000	57.384667	0	0	0	2	0	0	0	0
0.022000	55.286447	17	42	75	7	3	0	3	0
0.002000	55.901699	0	0	0	2	0	0	0	0
0.018000	54.244289	20	45	109	8	1	0	1	0
0.013000	57.245158	10	39	79	11	1	0	1	0
0.020000	55.759833	6	27	49	4	1	0	1	0
0.016000	51.145387	15	35	63	7	3	0	2	1
0.003000	54.424259	0	0	0	2	0	0	0	0
0.014000	61.152946	12	48	127	9	1	0	1	0
0.002000	57.706152	0	0	0	2	0	0	0	0
0.015000	54.680701	10	46	84	9	5	0	5	0
0.012000	59.641062	9	45	75	6	2	0	2	0
0.017000	57.992438	13	39	68	8	5	0	5	0
0.012000	60.990966	6	32	44	6	2	0	2	0
0.018000	59.841698	3	37	36	4	1	0	1	0
0.018000	57.300072	10	29	68	8	1	0	1	0
0.017000	57.286434	16	42	89	8	3	0	3	0
0.003000	60.016664	0	0	0	2	0	0	0	0
0.017000	61.029648	13	51	116	7	1	0	1	0
0.021000	62.698291	10	38	76	8	2	0	2	0
0.015000	63.853721	9	30	49	9	1	0	1	0
0.002000	65.192024	0	0	0	2	0	0	0	0
0.011000	58.886419	21	38	105	7	4	0	4	0
0.019000	60.838760	13	39	97	9	2	0	2	0
0.003000	61.522354	0	0	0	2	0	0	0	0
0.018000	60.400593	25	57	162	10	4	0	4	0
0.012000	59.949911	20	45	119	7	3	0	2	1
0.018000	62.401618	11	42	58	7	4	0	4	0
0.017000	67.283776	12	27	36	9	5	0	5	0
0.004000	63.788714	0	0	0	2	0	0	0	0
0.019000	63.193112	11	39	83	7	3	0	3	0
0.015000	64.742948	9	37	57	8	3	0	2	1
0.013000	66.732605	10	35	69	8	1	0	1	0
0.013000	65.686720	14	35	86	8	2	0	2	0
0.016000	65.088752	12	41	101	11	4	0	2	2
0.004000	71.028163	0	0	0	2	0	0	0	0
0.015000	67.868843	17	43	98	4	1	0	1	0
0.014000	66.491377	6	35	51	7	3	0	3	0
0.022000	69.158821	11	25	34	7	3	0	2	1
0.015000	71.224146	12	45	103	8	2	0	2	0
0.018000	66.152439	25	54	109	9	4	0	4	0
0.023000	66.095217	21	54	119	10	5	0	5	0
0.018000	69.515291	15	37	117	7	2	0	1	1
0.002000	71.021124	0	0	0	2	0	0	0	0
0.020000	68.486342	20	52	119	11	3	0	3	0
0.024000	67.783560	23	64	149	10	5	0	4	1
0.020000	69.621525	25	52	130	8	3	0	2	1
0.016000	68.046955	7	29	33	6	2	0	2	0
0.016000	72.699018	10	26	22	8	5	0	5	0
0.020000	71.425595	23	69	199	11	6	0	5	1
0.017000	71.093393	15	49	97	11	7	0	7	0
0.016000	74.681329	15	46	115	11	2	0	2	0
0.013000	72.125584	7	37	50	6	2	0	2	0
0.022000	72.860028	8	26	48	7	2	0	2	0
0.014000	77.610767	8	40	49	7	3	0	3	0
0.024000	70.601386	33	58	118	8	4	0	4	0
0.014000	72.193622	21	47	143	11	3	0	1	2
0.003000	74.518454	0	0	0	2	0	0	0	0
0.019000	75.784061	14	29	54	7	3	0	3	0
0.016000	74.574762	12	22	19	9	6	0	6	0
0.014000	76.063679	13	36	71	8	2	0	2	0
0.014000	76.505192	14	37	80	10	3	0	2	1
0.023000	73.952566	24	54	120	10	6	0	6	0
0.010000	80.386830	7	38	48	6	2	0	2	0
0.020000	74.048286	35	56	162	10	4	0	4	0
0.021000	75.612708	46	79	198	12	7	0	7	0
0.016000	77.242181	22	47	123	11	2	0	2	0
0.019000	76.040652	6	26	50	6	2	0	2	0
0.010000	84.066144	4	33	23	3	1	0	1	0
0.023000	78.410343	29	68	217	12	6	0	5	1
0.016000	82.799335	14	49	101	8	4	0	4	0
0.011000	82.129336	12	42	83	9	3	0	3	0
0.020000	80.856600	12	39	84	7	3	0	3	0
0.019000	79.046509	49	75	215	10	6	0	6	0
0.020000	82.114773	16	49	112	11	4	0	3	1
0.015000	83.207956	7	36	52	6	2	0	2	0
0.020000	80.143670	15	40	104	10	2	0	2	0
0.018000	80.174130	28	60	123	8	4	0	4	0
0.017000	82.044332	12	23	32	7	3	0	3	0
0.013000	83.956520	22	39	85	11	7	0	7	0
0.015000	86.492864	13	40	100	7	3	0	2	1
0.025000	81.209989	38	84	276	13	6	0	4	2
0.015000	84.228230	17	50	90	11	4	0	4	0
0.016000	83.454428	16	48	98	10	6	0	6	0
0.027000	83.366562	56	88	242	10	6	0	6	0
0.019000	82.070090	21	54	124	12	6	0	6	0
0.021000	84.946969	23	53	133	11	1	0	1	0
0.020000	84.332970	19	53	119	11	2	0	2	0
0.016000	89.600518	8	21	20	8	1	0	1	0
0.018000	87.418596	9	24	25	8	2	0	1	1
0.012000	88.024955	19	35	63	12	9	0	9	0
0.018000	89.190901	11	46	79	10	2	0	2	0
0.017000	86.798774	24	64	142	12	6	0	5	1
0.020000	91.530385	10	30	46	7	4	0	4	0
0.018000	88.001426	23	50	142	14	4	0	4	0
0.019000	88.557335	22	51	127	12	3	0	3	0
0.018000	85.947690	30	79	196	12	6	0	5	1
0.018000	86.798179	12	37	83	7	3	0	3	0
0.017000	93.392828	8	22	23	8	5	0	4	1
0.010000	88.671377	15	30	38	13	7	0	7	0
0.005000	91.782351	0	0	0	2	0	0	0	0
0.028000	95.852298	28	72	203	10	5	0	4	1
0.013000	89.515002	10	27	60	10	4	0	2	2
0.013000	90.556570	13	28	65	9	3	0	3	0
0.021000	94.785413	8	36	73	8	4	0	3	1
0.022000	89.822664	25	64	158	12	8	0	8	0
0.029000	91.395725	45	76	214	10	4	0	4	0
0.022000	90.601980	30	57	179	14	3	0	0	3
0.026000	96.870574	28	65	203	9	3	0	2	1
0.019000	98.750568	7	40	66	7	2	0	1	1
0.019000	95.206112	25	61	202	13	4	0	3	1
0.021000	93.528205	21	47	106	6	3	0	3	0
0.028000	94.871125	37	62	152	9	5	0	4	1
0.023000	97.345930	9	41	80	9	3	0	1	2
0.022000	95.890183	26	60	159	13	4	0	4	0
0.023000	95.869570	43	71	177	11	5	0	4	1
0.025000	93.681626	45	69	265	16	3	0	2	1
0.019000	98.097909	22	55	117	11	4	0	4	0
0.009000	99.168255	8	22	25	8	5	0	4	1
0.013000	102.401754	8	25	32	7	2	0	2	0
0.031000	96.280999	47	94	380	15	6	0	5	1
0.051000	97.815968	28	72	170	14	5	0	4	1
0.033000	102.405793	15	53	122	8	3	0	3	0
0.039000	97.538912	35	88	213	12	4	0	4	0
0.027000	102.513745	19	53	136	10	4	0	4	0
0.031000	98.745128	20	46	109	6	3	0	3	0
0.034000	98.957197	67	96	259	12	6	0	6	0
0.024000	98.776859	46	71	187	12	5	0	4	1
0.016000	104.240576	17	41	80	13	6	0	5	1
0.013000	102.616709	17	28	41	9	6	0	6	0
0.004000	101.651365	0	0	0	2	0	0	0	0
0.030000	101.071669	48	90	300	14	6	0	4	2
0.024000	101.063157	47	84	312	16	8	0	5	3
0.016000	107.245585	20	53	125	10	4	0	4	0
0.023000	103.543616	38	88	257	12	5	0	4	1
0.021000	103.523440	10	41	67	9	4	0	3	1
0.030000	101.846735	40	66	215	17	5	0	3	2
0.025000	105.165835	37	61	198	14	4	0	4	0
0.022000	106.069378	16	34	34	10	6	0	6	0
0.019000	109.447115	7	23	33	8	3	0	3	0
0.038000	110.276711	43	73	273	9	4	0	3	1
0.045000	109.371105	61	82	308	12	5	0	5	0
0.031000	106.975895	30	69	171	13	5	0	4	1
0.042000	105.839046	68	91	283	9	4	0	4	0
0.027000	105.453050	35	79	194	13	7	0	7	0
0.026000	105.488608	30	64	176	15	5	0	4	1
0.027000	108.399876	28	61	184	15	4	0	4	0
0.026000	105.627992	38	70	190	12	6	0	6	0
0.025000	115.628123	18	45	71	13	6	0	6	0
0.031000	109.142275	12	69	114	8	1	0	1	0
0.035000	110.924732	17	60	121	10	5	0	4	1
0.043000	109.462764	68	91	271	9	4	0	4	0
0.028000	114.073976	22	54	127	8	4	0	4	0
0.041000	110.588144	59	84	257	10	4	0	4	0
0.039000	108.028415	52	72	240	15	5	0	2	3
0.040000	113.160635	62	81	242	12	2	0	2	0
0.046000	110.426708	77	98	305	11	4	0	4	0
0.027000	109.992122	78	112	390	13	5	0	3	2
0.014000	112.699897	22	38	75	10	5	0	4	1
0.028000	118.721422	29	60	128	12	5	0	5	0
0.017000	115.036974	22	40	77	10	5	0	5	0
0.021000	115.658576	7	38	48	4	1	0	1	0
0.028000	113.297672	52	78	283	7	3	0	3	0
0.021000	112.876770	21	56	102	9	4	0	3	1
0.024000	113.038110	33	54	126	8	3	0	3	0
0.029000	116.832385	66	83	265	9	5	0	5	0
0.023000	114.841281	18	58	128	10	3	0	1	2
0.032000	112.350748	61	86	269	10	4	0	4	0
0.011000	117.711463	22	39	75	13	7	0	6	1
0.019000	122.131945	18	49	92	11	4	0	4	0
0.014000	118.265240	16	40	43	13	5	0	5	0
0.011000	115.550268	12	24	19	9	7	0	7	0
0.033000	118.462831	65	102	483	16	7	0	6	1
0.018000	117.224908	19	69	187	16	5	0	4	1
0.022000	121.647073	17	46	96	11	6	0	5	1
0.022000	121.698128	35	60	169	13	6	0	5	1
0.021000	118.655578	11	45	90	10	3	0	2	1
0.027000	122.066817	69	87	305	13	5	0	4	1
0.014000	122.030713	14	25	36	7	4	0	4	0
0.013000	120.798695	17	31	59	7	4	0	4	0
0.020000	122.611028	24	49	116	15	7	0	7	0
0.014000	123.027748	22	45	90	15	8	0	7	1
0.023000	123.889063	18	59	128	10	5	0	5	0
0.020000	126.128237	13	41	57	7	3	0	3	0
0.023000	124.934684	43	60	213	17	3	0	3	0
0.000000	122.128808	49	85	247	14	5	0	4	1
0.000000	120.259508	36	69	229	16	5	0	4	1
0.022000	119.325466	40	93	240	15	6	0	5	1
0.017000	127.803563	26	50	116	17	10	0	9	1
0.020000	129.902111	22	51	100	11	4	0	4	0
0.014000	123.485975	18	29	35	11	4	0	3	1
0.015000	126.996355	23	55	107	15	8	0	8	0
0.025000	127.652729	33	67	146	14	8	0	7	1
0.020000	127.657866	19	49	86	10	4	0	2	2
0.000000	124.250278	29	98	228	13	7	0	7	0
0.000000	127.482943	27	66	213	16	5	0	4	1
0.052000	122.932132	57	97	266	14	5	0	4	1
0.036000	123.921032	80	93	316	18	6	0	3	3
0.024000	131.045770	18	43	59	11	5	0	4	1
0.021000	136.158292	14	43	62	8	3	0	3	0
0.022000	130.187274	20	68	154	11	6	0	6	0
0.019000	131.835015	17	47	103	12	6	0	5	1
0.024000	131.453945	39	65	196	13	5	0	4	1
0.001000	127.189711	63	110	374	14	6	0	5	1
0.000000	126.677840	71	109	357	17	6	0	5	1
0.000000	128.045694	74	96	293	10	4	0	4	0
0.028000	129.466731	39	68	208	17	5	0	2	3
0.036000	127.218013	78	98	285	12	5	0	5	0
0.017000	135.087270	17	31	61	7	4	0	4	0
0.016000	133.512549	27	54	88	13	6	0	5	1
0.025000	130.876427	20	50	84	10	4	0	3	1
0.023000	135.653435	18	49	91	11	4	0	4	0
0.026000	135.384140	35	63	185	12	5	0	4	1
0.024000	132.143549	49	77	265	17	5	0	5	0
0.023000	133.725751	57	92	260	16	6	0	5	1
0.025000	131.374546	60	99	290	18	7	0	6	1
0.025000	130.521233	33	70	205	17	4	0	0	4
0.028000	131.942192	39	64	215	9	3	0	2	1
0.018000	137.400919	42	71	145	12	6	0	5	1
0.014000	132.820149	20	34	45	13	5	0	4	1
0.018000	137.480365	29	59	129	15	8	0	8	0
0.019000	140.760743	27	62	131	14	7	0	6	1
0.013000	136.264434	21	42	60	14	9	0	8	1
0.019000	137.609497	17	43	57	11	3	0	2	1
0.021000	137.988644	20	59	153	10	4	0	4	0
0.039000	137.505504	112	149	576	14	8	0	8	0
0.022000	143.124511	24	61	144	11	5	0	4	1
0.022000	140.841168	39	67	226	15	5	0	4	1
0.018000	140.878969	32	60	114	13	8	0	7	1
0.020000	138.702068	36	67	122	13	6	0	5	1
0.016000	142.169069	35	65	135	13	6	0	5	1
0.017000	145.465353	7	22	28	8	2	0	1	1
0.030000	137.620094	70	108	431	16	7	0	6	1
0.021000	143.628338	16	56	122	10	5	0	5	0
0.022000	140.457631	34	55	195	13	4	0	4	0
0.041000	143.368437	122	167	664	14	8	0	7	1
0.027000	142.527796	32	74	181	9	4	0	4	0
0.021000	142.709503	36	61	177	12	5	0	4	1
0.015000	142.452208	26	42	79	13	7	0	7	0
0.015000	144.206631	25	41	78	13	6	0	6	0
0.016000	147.228297	17	31	62	7	4	0	4	0
0.017000	149.892594	29	63	141	14	3	0	3	0
0.020000	142.585149	42	71	154	12	7	0	6	1
0.018000	145.010970	32	60	117	12	5	0	4	1
0.015000	143.924516	25	53	114	17	9	0	9	0
0.023000	142.482522	19	63	152	11	5	0	5	0
0.020000	142.483361	36	79	186	11	4	0	4	0
0.026000	144.070833	52	95	304	18	7	0	6	1
0.019000	147.574902	40	69	142	13	6	0	5	1
0.020000	151.045516	30	61	178	15	5	0	5	0
0.024000	146.673805	16	44	58	11	3	0	1	2
0.016000	149.821466	7	23	31	8	4	0	3	1
0.025000	151.467461	25	56	147	8	4	0	4	0
0.025000	151.853242	25	75	167	11	6	0	6	0
0.019000	150.190768	16	50	103	12	6	0	5	1
0.032000	149.591203	82	116	403	13	5	0	5	0
0.025000	150.186895	41	95	253	19	6	0	5	1
0.027000	149.565190	66	108	379	19	7	0	6	1
0.022000	155.765419	15	42	69	12	5	0	5	0
0.021000	154.446674	27	58	148	17	8	0	7	1
0.019000	153.247458	29	63	169	16	7	0	6	1
0.019000	148.879387	26	55	125	18	10	0	9	1
0.022000	156.378270	14	57	123	11	5	0	4	1
0.032000	149.888717	68	94	316	17	8	0	8	0
0.025000	149.297888	56	95	286	12	5	0	5	0
0.027000	154.860804	51	93	332	17	6	0	5	1
0.030000	151.076355	66	119	397	20	7	0	6	1
0.029000	152.988315	78	95	284	20	4	0	3	1
0.019000	158.558145	26	58	146	17	9	0	8	1
0.020000	157.263689	35	67	183	19	8	0	7	1
0.019000	159.033878	17	42	61	11	2	0	1	1
0.023000	158.289790	23	64	181	10	5	0	5	0
0.016000	156.022231	17	51	112	13	6	0	5	1
0.013000	155.628906	17	48	117	14	7	0	6	1
0.032000	157.155398	72	118	417	19	8	0	7	1
0.015000	158.151195	13	44	92	12	5	0	3	2
0.043000	159.871882	106	145	528	14	5	0	4	1
0.019000	155.460755	36	64	185	17	6	0	2	4
0.012000	167.482874	14	41	69	10	3	0	3	0
0.018000	166.880457	17	45	76	12	6	0	5	1
0.021000	163.781027	46	75	230	12	7	0	7	0
0.032000	158.680540	76	129	492	18	7	0	6	1
0.027000	164.661602	60	79	298	16	6	0	6	0
0.025000	161.247341	44	81	297	17	6	0	5	1
0.041000	160.360054	90	135	438	14	6	0	5	1
0.038000	157.628714	88	138	488	19	6	0	5	1
0.032000	159.350529	88	135	494	22	8	0	5	3
0.032000	161.006879	61	81	302	16	5	0	5	0
0.020000	165.731773	37	65	193	20	9	0	8	1
0.019000	168.287536	35	67	177	13	8	0	8	0
0.020000	166.544892	27	59	125	15	8	0	8	0
0.031000	163.136402	83	100	331	17	8	0	6	2
0.032000	164.485788	85	103	328	17	8	0	7	1
0.037000	164.075882	109	133	483	22	6	0	3	3
0.569000	162.984709	27	60	161	13	4	0	3	1
0.065000	162.486672	83	136	484	17	7	0	6	1
0.053000	164.535610	83	123	503	19	8	0	7	1
0.050000	164.616763	107	132	450	21	5	0	4	1
0.035000	171.269819	46	100	279	15	7	0	7	0
0.024000	166.053986	38	64	195	19	6	0	5	1
0.024000	169.621170	32	71	164	15	7	0	7	0
0.035000	169.868580	52	84	344	13	6	0	5	1
0.036000	172.843952	67	90	398	11	5	0	5	0
0.036000	168.260913	85	108	327	16	7	0	6	1
0.017000	168.124499	18	56	127	14	6	0	4	2
0.046000	168.149783	138	177	683	17	8	0	7	1
0.035000	168.522962	104	145	534	16	6	0	5	1
0.037000	169.373807	104	142	492	18	5	0	4	1
0.022000	175.004938	44	70	205	14	8	0	8	0
0.018000	172.263143	54	80	280	21	9	0	8	1
0.019000	172.309408	38	65	198	20	5	0	4	1
0.023000	175.396948	24	54	100	11	4	0	2	2
0.020000	173.820510	23	60	126	14	5	0	5	0
0.027000	170.577745	43	68	195	18	6	0	5	1
0.033000	174.625067	55	82	339	12	5	0	3	2
0.025000	172.218052	43	70	264	12	5	0	4	1
0.048000	170.659321	154	186	769	18	9	0	8	1
0.023000	169.874725	33	69	192	11	4	0	3	1
0.019000	177.244413	39	67	195	13	5	0	5	0
0.020000	179.241621	44	74	215	12	6	0	6	0
0.027000	176.039934	60	102	301	13	7	0	6	1
0.021000	175.687135	35	73	175	14	6	0	6	0
0.020000	175.679935	20	52	80	13	3	0	1	2
0.018000	177.800607	37	64	167	14	7	0	7	0
0.022000	175.913667	20	55	86	16	6	0	5	1
0.024000	175.102406	48	97	278	17	10	0	10	0
0.028000	172.514115	78	117	362	20	11	0	10	1
0.045000	177.466769	144	178	668	20	8	0	7	1
0.023000	179.084381	36	80	197	15	7	0	7	0
0.024000	182.103108	52	95	249	13	6	0	5	1
0.026000	179.582376	60	102	323	16	6	0	6	0
0.019000	179.684592	41	73	208	21	10	0	8	2
0.023000	179.245874	48	73	209	19	7	0	5	2
0.021000	178.538323	57	79	254	18	7	0	4	3
0.024000	180.859984	21	51	90	12	4	0	3	1
0.026000	180.715795	60	102	279	15	10	0	9	1
0.026000	181.153560	67	88	350	16	9	0	8	1
0.025000	175.596046	59	80	285	13	7	0	6	1
0.027000	185.287997	60	103	312	13	6	0	5	1
0.020000	180.942001	49	72	196	19	7	0	5	2
0.023000	185.669197	20	57	100	15	6	0	5	1
0.025000	186.505109	50	97	263	15	4	0	3	1
0.028000	186.720862	83	116	379	20	7	0	7	0
0.029000	183.079383	86	105	348	17	8	0	8	0
0.027000	183.112202	39	79	275	14	6	0	4	2
0.019000	182.742056	60	78	296	17	4	0	4	0
0.000000	178.819815	80	106	335	19	9	0	8	1
0.000000	183.467335	45	76	278	11	6	0	6	0
0.000000	192.556072	22	55	112	15	7	0	7	0
0.000000	186.064708	52	70	219	20	8	0	6	2
0.000000	188.533320	56	99	296	16	7	0	6	1
0.001000	189.110591	53	73	303	15	7	0	6	1
0.005000	184.918091	83	105	389	20	8	0	7	1
0.038000	185.142323	52	82	292	21	7	0	4	3
0.025000	183.322099	56	81	272	17	7	0	4	3
0.022000	186.899974	33	63	185	12	5	0	3	2
0.026000	189.726514	53	89	344	13	6	0	4	2
0.030000	189.168179	66	83	330	12	6	0	6	0
0.030000	192.202098	57	109	349	17	7	0	7	0
0.023000	192.908463	28	60	120	16	6	0	6	0
0.020000	194.322677	29	63	127	16	6	0	6	0
0.041000	194.719115	117	151	613	15	7	0	6	1
0.030000	187.440643	72	97	360	14	7	0	6	1
0.018000	188.576166	55	80	258	12	5	0	3	2
0.004000	190.201699	40	98	321	15	9	0	9	0
0.020000	193.980331	26	59	143	15	8	0	6	2
0.027000	191.714405	53	82	305	14	6	0	4	2
0.030000	188.049162	82	126	376	22	10	0	8	2
0.036000	197.119112	77	113	444	18	9	0	9	0
0.029000	194.192944	60	106	378	16	6	0	6	0
0.023000	198.752731	49	80	264	16	7	0	7	0
0.025000	196.939119	27	58	104	13	5	0	3	2
0.023000	198.217763	32	66	157	13	5	0	4	1
0.015000	197.359225	67	109	329	16	7	0	5	2
0.000000	195.098533	49	96	241	15	4	0	3	1
0.022000	198.858100	50	96	256	15	7	0	6	1
0.022000	196.517441	21	53	106	14	5	0	4	1
0.037000	194.413524	71	91	408	11	5	0	5	0
0.021000	198.295452	25	55	111	13	5	0	3	2
0.026000	201.401796	58	89	314	17	7	0	7	0
0.025000	199.956756	66	94	277	14	8	0	8	0
0.023000	200.840035	26	79	167	18	7	0	7	0
0.051000	200.647297	120	149	646	11	6	0	6	0
0.037000	199.407184	77	100	440	11	5	0	5	0
0.046000	202.593009	137	159	774	14	7	0	6	1
0.039000	200.681950	113	139	637	16	9	0	8	1
0.026000	198.712655	44	99	332	15	8	0	6	2
0.030000	199.729583	73	89	382	17	10	0	8	2
0.025000	203.988530	30	67	141	14	4	0	3	1
0.021000	208.845044	21	55	103	16	7	0	7	0
0.037000	205.526634	104	135	501	17	7	0	6	1
0.026000	203.152716	64	98	262	15	10	0	10	0
0.022000	202.813159	21	52	70	14	5	0	4	1
0.034000	201.628987	73	91	385	10	5	0	5	0
0.035000	204.421478	95	124	506	17	10	0	9	1
0.030000	200.551627	73	89	355	15	8	0	6	2
0.030000	198.817855	65	95	326	20	7	0	5	2
0.032000	200.405996	83	98	372	20	8	0	6	2
0.030000	202.676598	72	101	363	24	10	0	6	4
0.033000	205.993355	88	97	391	12	6	0	4	2
0.025000	203.035090	56	80	288	13	6	0	4	2
0.039000	204.864306	109	148	502	22	10	0	8	2
0.034000	203.404059	81	101	376	14	7	0	5	2
0.033000	208.821290	82	116	429	14	7	0	6	1
0.037000	204.964825	103	132	563	15	9	0	8	1
0.027000	204.127599	72	88	371	16	9	0	8	1
0.038000	206.501000	102	134	602	15	8	0	7	1
0.041000	206.644445	105	144	679	15	9	0	9	0
0.031000	212.087990	70	99	433	17	10	0	9	1
0.044000	210.327065	135	155	720	16	9	0	7	2
1.931000	209.946116	117	142	623	16	9	0	8	1
0.047000	211.548596	131	146	698	16	8	0	6	2
0.040000	212.086503	107	133	551	15	8	0	7	1
0.041000	211.774116	111	137	533	14	8	0	7	1
0.034000	208.142422	91	101	399	14	8	0	7	1
0.045000	212.641552	120	153	657	14	7	0	6	1
0.021000	213.041464	115	146	619	13	6	0	4	2
0.024000	211.783658	124	144	676	16	9	0	9	0
0.023000	215.508961	22	52	91	13	5	0	4	1
0.021000	218.406762	25	55	102	12	4	0	3	1
0.025000	218.342109	30	72	170	15	6	0	6	0
0.045000	219.832004	133	142	619	13	7	0	7	0
0.041000	213.893079	131	165	598	23	8	0	6	2
0.045000	214.661519	120	144	686	16	8	0	6	2
0.040000	214.640562	112	136	589	16	9	0	8	1
0.039000	216.167270	103	123	493	14	8	0	7	1
0.031000	212.897867	75	98	359	18	8	0	8	0
0.040000	218.572229	113	137	537	12	6	0	4	2
0.046000	221.502293	137	152	739	12	7	0	7	0
0.023000	216.244659	44	67	237	17	7	0	5	2
0.030000	214.600302	57	85	291	21	8	0	4	4
0.043000	217.476503	114	133	635	14	7	0	5	2
0.047000	218.234006	131	147	737	14	8	0	6	2
0.063000	221.266627	201	228	1184	17	9	0	8	1
0.022000	216.689995	36	70	199	17	9	0	6	3
0.033000	218.519091	82	98	389	20	7	0	5	2
0.040000	218.249149	126	142	668	15	9	0	8	1
0.041000	219.081977	135	154	707	15	9	0	8	1
0.021000	224.298350	29	75	154	17	6	0	5	1
0.047000	224.732396	135	149	685	14	8	0	7	1
0.024000	221.050074	57	82	294	16	6	0	5	1
0.038000	222.077688	107	129	566	17	10	0	8	2
0.057000	223.340469	193	214	1052	16	9	0	7	2
0.036000	221.899843	103	124	528	18	11	0	10	1
0.041000	226.176313	120	134	603	15	9	0	8	1
0.038000	221.233450	110	139	521	16	9	0	8	1
0.034000	218.562643	85	102	371	19	9	0	6	3
0.034000	216.520545	77	94	345	18	7	0	4	3
0.042000	227.912354	135	144	610	17	10	0	10	0
0.059000	225.764440	191	208	984	17	9	0	7	2
0.028000	223.021770	60	85	316	22	8	0	3	5
0.030000	220.596383	81	98	353	23	9	0	6	3
0.032000	223.509652	80	98	371	19	7	0	4	3
0.031000	224.464265	83	104	376	20	7	0	5	2
0.029000	222.128053	79	92	350	20	8	0	5	3
0.052000	224.967581	164	199	740	19	7	0	5	2
0.042000	223.881783	120	135	619	16	9	0	7	2
0.063000	228.675562	183	192	1097	15	9	0	9	0
0.045000	228.290365	129	149	583	21	9	0	8	1
0.040000	224.654091	112	138	512	20	9	0	6	3
0.031000	225.200594	82	98	365	19	7	0	4	3
0.036000	227.946032	102	132	559	15	8	0	7	1
0.043000	231.341346	129	150	703	16	8	0	7	1
0.045000	232.491891	137	152	722	12	7	0	7	0
0.031000	230.642900	87	121	386	18	8	0	8	0
0.029000	228.724246	66	81	315	16	7	0	6	1
0.029000	225.936089	77	100	420	17	10	0	7	3
0.037000	226.603839	95	130	560	16	9	0	7	2
0.023000	235.411014	33	81	179	18	9	0	8	1
0.047000	237.623661	149	174	793	12	6	0	6	0
0.055000	237.508727	173	214	951	17	10	0	10	0
0.042000	234.473877	133	145	659	18	11	0	10	1
0.035000	232.295696	108	129	500	17	11	0	10	1
0.045000	232.569760	150	174	667	15	8	0	7	1
0.043000	233.582763	118	135	544	21	9	0	7	2
0.043000	232.312271	130	148	678	16	8	0	7	1
0.057000	233.869709	190	200	1059	14	8	0	6	2
0.046000	237.098138	143	166	796	15	8	0	6	2
0.034000	237.009165	92	129	574	17	9	0	6	3
0.030000	237.233238	86	113	369	17	8	0	8	0
0.041000	237.041829	119	159	639	17	10	0	8	2
0.021000	239.043322	137	152	724	13	8	0	8	0
0.016000	237.152965	120	143	732	17	10	0	9	1
0.037000	235.936919	102	126	543	17	9	0	6	3
0.024000	233.536203	48	72	262	17	7	0	5	2
0.043000	236.717756	120	137	544	21	9	0	7	2
0.048000	239.574704	146	177	749	14	7	0	5	2
0.030000	235.014297	76	94	308	18	8	0	7	1
0.024000	245.928341	37	77	223	16	6	0	5	1
0.048000	242.471093	152	177	734	17	11	0	11	0
0.053000	242.110555	165	193	912	17	10	0	10	0
0.032000	242.179465	86	118	412	17	7	0	6	1
0.039000	242.480286	116	130	543	17	11	0	10	1
0.036000	245.462226	133	149	561	16	9	0	8	1
0.029000	237.361502	70	87	295	18	8	0	7	1
0.037000	242.554172	116	143	574	20	13	0	12	1
0.042000	239.321961	131	147	585	16	9	0	7	2
0.040000	239.724352	137	143	552	20	9	0	8	1
0.029000	242.735416	69	88	344	18	8	0	7	1
0.029000	246.382988	81	106	405	16	7	0	6	1
0.037000	246.691524	103	125	490	17	10	0	9	1
0.037000	240.181600	95	122	439	23	11	0	9	2
0.055000	242.350946	176	202	885	20	8	0	5	3
0.054000	245.561139	196	197	893	13	6	0	4	2
0.057000	244.882060	182	203	869	17	11	0	11	0
0.031000	244.460835	88	99	362	20	9	0	5	4
0.047000	245.917131	137	161	801	17	9	0	9	0
0.045000	247.550898	138	160	695	14	9	0	9	0
0.045000	250.365384	139	166	781	17	10	0	9	1
0.058000	250.003224	188	201	1116	17	9	0	7	2
0.038000	250.759150	103	127	527	17	10	0	9	1
0.043000	248.118782	129	143	566	22	9	0	7	2
0.042000	246.721042	115	139	529	23	10	0	7	3
0.041000	246.027229	112	133	522	23	10	0	8	2
0.032000	246.119271	89	113	377	21	10	0	6	4
0.062000	250.988053	199	211	1123	15	9	0	9	0
0.058000	248.911728	194	217	1055	17	10	0	10	0
0.053000	249.441568	160	195	1054	17	9	0	7	2
0.044000	253.524411	151	174	860	19	13	0	13	0
0.045000	252.138477	136	145	669	19	12	0	11	1
0.038000	254.400321	130	137	565	18	11	0	10	1
0.036000	253.657708	115	130	548	19	12	0	11	1
0.036000	252.446834	124	135	535	17	10	0	9	1
0.034000	250.829682	101	134	483	18	11	0	10	1
0.038000	249.728934	115	138	520	23	11	0	10	1
0.049000	256.125758	167	182	887	14	7	0	5	2
0.031000	253.064958	80	107	392	18	8	0	6	2
0.058000	252.965532	187	193	1027	16	9	0	7	2
0.031000	259.283749	64	100	363	20	9	0	9	0
0.061000	257.788816	210	227	1041	17	10	0	10	0
0.044000	255.258394	138	149	663	19	12	0	11	1
0.041000	257.236292	131	150	577	18	9	0	8	1
0.041000	253.928862	125	138	539	20	9	0	6	3
0.031000	253.805729	76	95	319	18	8	0	7	1
0.036000	255.550486	101	132	447	21	8	0	6	2
0.040000	254.740746	108	147	507	23	10	0	7	3
0.058000	254.038409	192	198	1026	16	9	0	6	3
0.036000	255.129956	104	128	522	18	11	0	10	1
0.039000	265.171909	100	135	584	21	12	0	12	0
0.033000	260.068407	89	116	420	16	7	0	6	1
0.034000	261.198727	104	133	515	19	12	0	11	1
0.034000	257.225239	99	138	482	23	10	0	7	3
0.042000	257.951853	122	152	613	16	9	0	7	2
0.027000	259.265315	73	101	375	20	10	0	9	1
0.039000	261.406955	107	133	539	17	10	0	9	1
0.033000	258.270532	92	121	408	23	12	0	9	3
0.035000	260.078890	107	143	520	18	11	0	10	1
0.034000	259.338726	91	120	457	18	8	0	6	2
0.041000	263.426849	142	165	652	20	14	0	14	0
0.057000	266.712385	200	215	1030	17	10	0	10	0
0.033000	262.485989	91	120	459	18	8	0	6	2
0.032000	260.745910	115	138	509	23	11	0	10	1
0.000000	261.648856	111	147	511	25	12	0	10	2
0.000000	262.889334	97	128	426	20	9	0	5	4
0.000000	260.257938	127	151	609	21	9	0	7	2
0.001000	263.408104	103	138	512	17	7	0	6	1
0.036000	267.402684	143	168	640	20	13	0	13	0
0.063000	262.247126	189	192	982	16	9	0	6	3
0.037000	270.223691	80	117	442	18	8	0	7	1
0.035000	266.615201	109	141	531	19	13	0	12	1
0.038000	264.211238	112	134	521	22	9	0	5	4
0.038000	267.869245	116	139	532	22	10	0	9	1
0.034000	266.546543	94	125	457	18	8	0	6	2
0.049000	268.742998	165	200	926	18	11	0	9	2
0.053000	268.780224	188	205	1019	18	11	0	9	2
0.050000	268.535625	154	189	869	20	13	0	12	1
0.032000	268.299803	88	114	444	18	8	0	7	1
0.028000	267.403553	80	109	388	20	10	0	9	1
0.043000	273.885687	106	139	593	21	8	0	8	0
0.034000	273.770565	84	113	447	20	10	0	9	1
0.046000	271.448186	149	169	742	19	12	0	11	1
0.039000	270.750018	116	152	552	24	12	0	11	1
0.037000	272.166613	116	130	535	19	12	0	11	1
0.038000	269.844014	100	128	480	17	7	0	6	1
0.030000	269.617920	90	110	383	21	10	0	6	4
0.027000	272.142074	75	92	386	19	9	0	8	1
0.027000	270.234955	74	91	366	19	9	0	8	1
0.027000	271.401932	75	93	379	18	8	0	7	1
0.042000	274.990234	103	138	563	19	7	0	6	1
0.039000	275.647426	86	125	526	22	11	0	11	0
0.058000	277.024909	195	224	1144	19	12	0	12	0
0.706000	274.540704	152	188	829	20	13	0	13	0
0.045000	270.134231	88	99	367	20	10	0	6	4
0.051000	274.794440	107	138	501	18	8	0	6	2
0.069000	277.381708	195	210	1131	18	11	0	11	0
0.045000	279.278837	129	136	578	18	12	0	11	1
0.035000	273.612286	79	107	395	20	10	0	9	1
0.029000	275.007989	82	114	413	20	11	0	10	1
0.050000	284.195166	158	178	832	18	8	0	7	1
0.051000	284.423360	155	173	817	21	12	0	12	0
0.040000	279.846918	98	127	514	20	10	0	8	2
0.041000	280.350697	124	146	640	18	8	0	7	1
0.029000	279.742559	72	87	356	19	9	0	8	1
0.026000	279.019086	73	101	380	20	10	0	9	1
0.028000	281.048645	82	114	410	20	10	0	9	1
0.033000	279.719931	70	87	356	19	9	0	8	1
0.026000	278.417117	72	88	366	19	10	0	9	1
0.051000	280.722506	148	160	857	21	10	0	9	1
0.049000	283.085620	148	165	808	18	8	0	7	1
0.051000	286.713153	155	173	831	21	11	0	11	0
0.048000	284.166863	138	154	792	22	12	0	11	1
0.049000	286.921893	168	191	896	20	10	0	10	0
0.034000	285.957514	194	210	1137	18	11	0	11	0
0.028000	282.181780	76	102	365	20	10	0	9	1
0.028000	280.951937	74	90	371	19	9	0	8	1
0.031000	281.885423	91	118	435	18	8	0	7	1
0.058000	285.204861	195	220	1174	19	12	0	12	0
0.028000	282.557911	71	87	355	19	9	0	8	1
0.041000	288.894365	101	139	617	22	11	0	11	0
0.051000	290.101059	154	173	758	19	10	0	9	1
0.037000	287.365890	87	126	536	23	13	0	13	0
0.051000	289.368425	160	177	781	18	8	0	7	1
0.032000	285.135299	92	121	448	18	8	0	7	1
0.056000	288.324766	193	202	1031	17	10	0	8	2
0.054000	288.469789	193	216	1044	18	11	0	9	2
0.027000	286.003220	75	104	392	20	10	0	9	1
0.055000	291.225818	195	202	913	19	10	0	9	1
0.034000	284.898061	82	110	398	22	13	0	12	1
0.033000	292.441604	82	111	417	21	11	0	10	1
0.049000	291.906869	159	176	804	20	12	0	11	1
0.057000	289.525759	194	220	1125	19	12	0	12	0
0.026000	289.162425	78	103	396	19	10	0	9	1
0.027000	287.843046	74	103	388	20	10	0	9	1
0.049000	294.569995	151	168	818	21	11	0	11	0
0.049000	290.772307	152	169	802	22	12	0	12	0
0.051000	297.017852	163	186	892	21	9	0	9	0
0.039000	292.078587	99	128	528	20	9	0	8	1
0.049000	291.312825	146	155	792	22	9	0	8	1
0.042000	295.929177	114	142	677	22	12	0	12	0
0.047000	295.131422	143	155	802	22	9	0	8	1
0.048000	297.303571	150	162	867	21	10	0	9	1
0.051000	296.218709	148	156	750	20	8	0	6	2
0.046000	294.373092	136	149	711	20	11	0	9	2
0.047000	293.121760	146	155	797	23	13	0	12	1
0.046000	296.027159	145	154	821	22	11	0	10	1
0.058000	295.564273	201	212	963	19	9	0	8	1
0.049000	294.740935	147	160	876	21	10	0	9	1
0.055000	297.286729	185	194	890	19	8	0	7	1
0.053000	301.121924	155	172	820	21	10	0	10	0
0.052000	301.914978	176	196	913	21	11	0	11	0
0.044000	298.195703	134	148	701	20	10	0	8	2
0.045000	298.767467	143	152	736	20	9	0	7	2
0.049000	300.300457	154	170	820	20	9	0	9	0
0.047000	299.552440	150	167	791	23	11	0	11	0
0.043000	299.575304	153	171	765	23	12	0	12	0
0.045000	297.832251	129	146	682	22	10	0	9	1
0.047000	299.733079	153	170	789	22	12	0	12	0
0.049000	299.598385	158	175	879	20	9	0	9	0
0.046000	305.108882	148	156	816	21	10	0	9	1
0.056000	306.243669	195	202	877	20	10	0	9	1
0.045000	302.448633	146	155	797	23	13	0	12	1
0.055000	303.321014	195	202	910	19	8	0	7	1
0.057000	302.847092	195	202	876	20	8	0	7	1
0.045000	298.565987	143	152	723	22	12	0	10	2
0.055000	305.995135	196	199	895	20	11	0	9	2
0.026000	303.676477	46	87	262	19	9	0	9	0
0.025000	305.323869	46	87	266	19	9	0	9	0
0.023000	304.214753	43	87	256	19	8	0	8	0
0.055000	307.311497	191	198	877	21	9	0	7	2
0.052000	308.123922	200	201	935	18	9	0	8	1
0.000000	304.310819	181	190	843	21	10	0	9	1
0.040000	304.440038	149	161	785	22	12	0	12	0
0.056000	309.030892	192	201	930	20	10	0	9	1
0.053000	308.570726	194	195	890	18	8	0	7	1
0.026000	311.523983	46	91	270	18	8	0	8	0
0.022000	309.346748	41	77	210	21	8	0	7	1
0.034000	308.623449	49	93	289	20	9	0	9	0
0.045000	306.769857	128	167	758	20	12	0	12	0
0.051000	314.253452	158	181	856	22	8	0	8	0
0.048000	313.332183	151	159	784	22	12	0	11	1
0.051000	313.945860	165	188	900	21	9	0	9	0
0.048000	311.244291	152	169	798	21	8	0	8	0
0.053000	311.533290	190	199	918	21	12	0	11	1
0.056000	309.341467	193	206	906	21	12	0	11	1
0.056000	311.510701	201	208	943	19	9	0	8	1
0.053000	315.016563	194	195	850	18	9	0	8	1
0.044000	309.028373	140	152	739	22	12	0	10	2
0.054000	312.056260	197	210	928	20	12	0	11	1
0.053000	314.092554	191	192	854	21	11	0	10	1
0.052000	314.563604	173	194	825	24	13	0	12	1
0.054000	316.013611	196	209	863	21	12	0	11	1
0.053000	317.593993	196	199	838	21	12	0	10	2
0.053000	313.803442	191	195	854	20	12	0	11	1
0.047000	312.119085	149	157	761	23	13	0	12	1
0.053000	317.777413	183	192	886	21	11	0	10	1
0.074000	316.001378	191	213	951	22	11	0	10	1
0.053000	314.393684	188	198	923	20	11	0	10	1
0.053000	315.351512	193	200	883	21	12	0	10	2
0.048000	318.447868	146	160	820	24	13	0	11	2
0.052000	319.788420	184	193	856	21	11	0	10	1
0.054000	319.333762	194	216	951	22	12	0	11	1
0.048000	316.774864	153	165	766	24	12	0	11	1
0.008000	317.923677	196	203	851	19	9	0	8	1
0.000000	320.850359	197	202	851	19	9	0	8	1
0.000000	319.494414	196	209	906	22	12	0	11	1
0.008000	319.163741	46	87	265	19	9	0	9	0
0.031000	316.666895	57	98	366	21	8	0	8	0
0.027000	318.539516	50	93	312	19	11	0	11	0
0.064000	320.942063	196	203	853	21	12	0	11	1
0.052000	326.335169	195	204	802	20	10	0	9	1
0.052000	325.782266	195	196	804	19	9	0	8	1
0.052000	320.678898	184	194	843	22	13	0	12	1
0.052000	322.317143	196	207	880	22	12	0	11	1
0.053000	320.420546	195	202	860	21	12	0	11	1
0.055000	321.996120	185	207	878	22	12	0	11	1
0.054000	325.949280	196	202	881	20	10	0	9	1
0.033000	322.846296	75	104	389	22	12	0	12	0
0.024000	323.293023	44	79	220	22	12	0	12	0
0.053000	326.285519	187	209	865	22	12	0	11	1
0.053000	325.557574	191	192	824	21	11	0	10	1
0.050000	325.914447	192	193	831	22	11	0	10	1
0.050000	323.479569	183	193	837	23	14	0	13	1
0.046000	321.548344	145	153	750	24	12	0	11	1
0.052000	328.980354	186	195	845	21	11	0	10	1
0.054000	327.797963	195	196	837	19	8	0	7	1
0.050000	327.050157	191	196	779	20	9	0	8	1
0.034000	330.620771	78	108	467	20	11	0	11	0
0.026000	326.724135	45	86	264	20	9	0	9	0
0.073000	332.843984	190	212	873	23	14	0	13	1
0.045000	331.249144	199	215	918	22	12	0	11	1
0.055000	333.285280	197	202	836	20	10	0	9	1
0.054000	331.539026	204	215	825	22	10	0	9	1
0.050000	327.522010	184	206	825	25	13	0	12	1
0.060000	331.914339	201	213	975	22	11	0	10	1
0.030000	333.313871	49	92	285	19	11	0	11	0
0.030000	330.687607	60	96	356	21	10	0	9	1
0.044000	327.394759	119	162	695	23	12	0	12	0
0.030000	329.490373	66	100	387	21	9	0	8	1
0.052000	338.648920	196	197	763	20	10	0	9	1
0.055000	333.875888	198	200	839	20	10	0	8	2
0.053000	337.360533	196	208	925	23	11	0	10	1
0.056000	336.205291	187	196	808	21	11	0	10	1
0.052000	335.794075	184	193	809	21	11	0	10	1
0.054000	336.652170	191	213	926	22	12	0	11	1
0.052000	332.331224	187	209	884	23	11	0	10	1
0.052000	334.425460	187	196	827	21	11	0	10	1
0.044000	330.688447	125	162	758	22	11	0	10	1
0.044000	332.540168	112	137	556	23	14	0	14	0
0.054000	338.431879	194	197	818	21	9	0	8	1
0.052000	339.836032	185	194	820	22	13	0	12	1
0.053000	337.536703	191	213	937	22	12	0	11	1
0.038000	338.912070	101	132	542	22	11	0	10	1
0.030000	337.122494	59	96	345	21	9	0	8	1
0.023000	338.830068	44	82	219	23	11	0	10	1
0.031000	335.466097	89	104	430	22	12	0	11	1
0.028000	340.470561	45	77	205	20	10	0	10	0
0.033000	337.869011	84	106	410	23	13	0	13	0
0.024000	340.984643	56	92	250	22	12	0	12	0
0.054000	341.504063	193	215	935	22	12	0	11	1
0.052000	344.513631	187	196	796	22	12	0	11	1
0.022000	341.828251	44	77	208	20	10	0	10	0
0.025000	342.287865	46	83	229	21	11	0	11	0
0.022000	343.483805	49	83	239	21	12	0	12	0
0.020000	341.378658	49	83	228	21	12	0	12	0
0.025000	343.182159	47	83	212	21	12	0	12	0
0.032000	342.990746	77	98	381	22	12	0	12	0
0.029000	340.226114	68	96	320	22	11	0	10	1
0.025000	342.385812	58	94	266	22	13	0	13	0
0.054000	346.012891	188	198	899	21	12	0	11	1
0.051000	345.012200	199	210	768	25	13	0	11	2
0.036000	343.331233	102	126	507	23	13	0	13	0
0.033000	346.023724	92	109	435	22	13	0	13	0
0.034000	344.082364	90	109	417	22	13	0	13	0
0.045000	346.126406	133	166	675	24	14	0	14	0
0.030000	346.335094	75	103	365	23	13	0	13	0
0.034000	344.719189	103	120	511	23	14	0	14	0
0.024000	345.527163	58	94	267	22	13	0	13	0
0.027000	344.632413	58	87	280	23	12	0	11	1
0.054000	349.817310	186	208	856	23	13	0	12	1
0.055000	348.855412	185	207	858	23	14	0	13	1
0.055000	346.255276	193	194	754	23	11	0	10	1
0.051000	347.954707	195	198	754	21	9	0	8	1
0.040000	345.853733	124	155	611	24	13	0	13	0
0.047000	345.627154	156	186	844	23	13	0	13	0
0.036000	348.246933	94	111	461	23	13	0	13	0
0.038000	347.649555	110	148	581	25	15	0	15	0
0.023000	350.279036	43	81	219	23	13	0	13	0
0.026000	348.452522	45	77	193	22	12	0	12	0
0.050000	349.408900	183	205	838	24	13	0	12	1
0.053000	349.966076	194	210	855	24	15	0	14	1
0.050000	350.813636	185	194	790	24	14	0	13	1
0.050000	355.585707	183	193	809	22	12	0	11	1
0.028000	352.464477	59	87	269	21	10	0	9	1
0.028000	353.300400	57	91	245	21	11	0	11	0
0.024000	354.522151	49	83	215	22	14	0	14	0
0.039000	350.872918	102	127	513	25	15	0	15	0
0.026000	357.275227	49	83	216	22	13	0	13	0

