0.027000	3.643651	3	22	26	0	2	2	0	0
0.008000	2.828427	2	19	13	0	0	0	0	0
0.009000	3.176047	3	20	19	0	2	2	0	0
0.010000	3.643649	3	22	24	0	2	2	0	0
0.022000	2.000000	2	15	7	0	0	0	0	0
0.007000	3.000000	3	18	14	0	0	0	0	0
0.004000	1.414214	1	11	1	0	0	0	0	0
0.005000	2.000000	2	14	5	0	0	0	0	0
0.005000	2.000000	2	15	12	0	0	0	0	0
0.010000	3.643651	3	22	18	0	2	2	0	0
0.016000	5.390655	6	29	48	0	4	4	0	0
0.015000	6.434946	5	32	52	0	3	3	0	0
0.011000	4.164292	4	23	32	0	3	3	0	0
0.012000	6.000000	6	27	44	0	0	0	0	0
0.017000	7.327015	9	35	64	0	6	6	0	0
0.015000	5.403841	7	30	45	0	4	4	0	0
0.009000	4.000000	4	21	31	0	0	0	0	0
0.010000	4.000000	4	21	31	0	0	0	0	0
0.017000	7.109585	7	32	62	0	5	5	0	0
0.012000	7.071068	5	34	48	0	0	0	0	0
0.028000	9.508673	14	45	97	0	9	9	0	0
0.020000	8.637176	9	41	67	0	6	5	0	1
0.019000	9.000000	9	36	80	0	0	0	0	0
0.033000	10.498380	16	51	112	0	10	10	0	0
0.024000	10.250283	14	47	96	0	8	8	0	0
0.021000	8.637175	9	42	78	0	6	6	0	0
0.021000	8.096650	11	42	75	0	6	6	0	0
0.026000	10.351616	15	52	108	0	8	8	0	0
0.018000	7.835163	6	37	63	0	4	4	0	0
0.016000	8.100341	8	35	62	0	5	5	0	0
0.035000	13.038721	24	67	167	0	12	12	0	0
0.035000	13.090579	21	66	151	0	10	10	0	0
0.034000	15.185917	20	63	168	0	11	11	0	0
0.024000	13.072237	13	50	138	0	7	7	0	0
0.020000	12.727922	9	52	107	0	0	0	0	0
0.038000	15.048825	19	70	167	0	10	10	0	0
0.026000	12.061574	9	51	109	0	5	5	0	0
0.028000	12.455608	20	59	141	0	10	10	0	0
0.025000	15.063293	15	56	135	0	8	8	0	0
0.033000	11.704943	17	58	117	0	9	9	0	0
0.040000	17.535325	31	82	219	0	16	16	0	0
0.032000	15.197226	22	69	156	0	7	6	1	0
0.044000	16.563465	37	90	238	0	14	14	0	0
0.037000	18.056559	18	65	209	0	9	9	0	0
0.039000	16.570769	31	80	239	0	15	15	0	0
0.039000	18.172253	25	74	225	0	12	12	0	0
0.064000	17.076670	50	117	339	0	15	13	2	0
0.046000	17.901543	41	89	269	0	15	14	1	0
0.030000	16.296040	12	65	160	0	6	6	0	0
0.045000	16.159212	28	76	184	0	13	13	0	0
0.064000	22.073856	68	120	354	0	20	19	1	0
0.055000	21.013637	53	111	318	0	16	15	1	0
0.047000	20.307195	34	89	282	0	17	17	0	0
0.040000	23.000000	23	78	246	0	0	0	0	0
0.052000	19.507742	36	91	268	0	17	17	0	0
0.057000	22.869719	33	106	300	0	15	15	0	0
0.044000	19.884869	21	84	210	0	11	11	0	0
0.051000	21.805390	44	99	307	0	18	17	1	0
0.063000	21.044104	51	116	376	0	18	18	0	0
0.050000	20.104213	45	99	310	0	19	18	1	0
0.063000	26.318221	33	113	325	0	15	14	1	0
0.067000	24.344230	59	129	390	0	21	20	1	0
0.090000	24.882849	123	185	671	0	13	11	2	0
0.064000	25.587166	54	120	408	0	25	25	0	0
0.053000	27.122626	38	105	369	0	17	17	0	0
0.056000	25.251268	42	107	353	0	19	19	0	0
0.058000	24.635788	52	119	382	0	23	23	0	0
0.069000	26.043967	67	140	467	0	26	26	0	0
0.058000	24.268242	43	106	354	0	19	19	0	0
0.069000	24.183403	66	137	440	0	21	21	0	0
0.083000	28.953714	75	150	532	0	30	30	0	0
0.166000	27.932439	320	375	1585	0	7	4	3	0
0.085000	28.952008	69	155	516	0	22	22	0	0
0.071000	28.071261	83	164	582	0	15	14	1	0
0.073000	30.523462	41	134	402	0	20	20	0	0
0.077000	28.763853	96	168	516	0	23	21	2	0
0.075000	28.775414	48	132	385	0	21	20	1	0
0.082000	25.978216	130	195	608	0	10	7	3	0
0.082000	29.176265	90	175	632	0	26	26	0	0
0.055000	30.000000	30	99	377	0	0	0	0	0
0.097000	33.021617	116	207	746	0	29	28	1	0
0.054000	32.857863	188	260	952	0	22	20	2	0
0.000000	32.714535	108	201	740	0	28	28	0	0
0.000000	31.162938	342	448	1769	0	22	19	3	0
0.098000	31.484852	101	188	687	0	32	32	0	0
0.098000	30.601306	119	205	774	0	24	23	1	0
0.088000	33.660024	81	168	621	0	31	31	0	0
0.077000	30.343866	71	161	544	0	23	21	1	1
0.090000	30.686589	88	177	723	0	23	22	1	0
0.086000	31.402502	92	179	651	0	31	31	0	0
0.063000	36.000000	36	117	475	0	0	0	0	0
0.234000	33.520704	452	587	2447	0	27	24	3	0
0.134000	36.070846	108	203	779	0	36	36	0	0
0.168000	35.715806	268	352	1348	0	20	18	2	0
0.067000	36.078813	26	134	422	0	12	12	0	0
0.131000	36.430624	143	246	964	0	37	36	1	0
0.123000	36.348783	160	262	1056	0	38	37	1	0
0.070000	36.097242	52	137	540	0	22	22	0	0
0.106000	36.845186	123	223	859	0	28	27	1	0
0.083000	35.342476	69	154	577	0	28	28	0	0
0.108000	39.516368	101	180	739	0	22	20	2	0
0.141000	40.054544	183	284	1175	0	30	29	1	0
0.372000	39.817838	439	591	2500	0	32	30	2	0
0.101000	42.179399	76	175	690	0	28	28	0	0
0.136000	40.582490	149	267	1046	0	31	30	1	0
0.103000	40.418625	94	193	723	0	34	34	0	0
0.121000	38.309108	128	228	836	0	38	36	2	0
0.128000	41.078080	141	251	980	0	35	33	1	1
0.824000	40.105468	113	213	754	0	30	28	2	0
0.154000	38.393206	184	295	1212	0	25	23	2	0
0.127000	45.710651	117	224	934	0	40	39	1	0
0.143000	46.273368	129	254	1077	0	23	22	1	0
0.145000	46.383431	149	276	1169	0	21	21	0	0
0.089000	46.712262	49	190	632	0	19	19	0	0
0.127000	42.735739	163	261	967	0	30	28	2	0
0.156000	43.958867	199	315	1355	0	42	41	1	0
0.218000	39.816912	391	538	2241	0	22	19	3	0
0.000000	44.356981	166	283	1167	0	47	47	0	0
0.066000	43.034509	84	212	729	0	24	23	1	0
0.146000	41.711888	175	292	1202	0	38	37	1	0
0.255000	46.202581	479	527	2726	0	18	15	3	0
0.114000	44.487796	377	424	2147	0	39	36	3	0
0.139000	46.891400	160	279	1172	0	42	42	0	0
0.111000	47.389073	81	213	695	0	31	29	2	0
0.080000	46.000128	453	550	2545	0	27	25	2	0
0.192000	47.691338	226	351	1506	0	49	49	0	0
0.335000	48.743438	547	674	3501	0	32	30	2	0
0.902000	50.219818	436	565	2956	0	29	27	1	1
0.238000	46.397035	297	411	1899	0	45	44	1	0
0.168000	48.376541	226	358	1558	0	29	28	1	0
0.229000	50.221569	400	470	2360	0	37	35	2	0
0.163000	51.467967	182	318	1227	0	39	38	1	0
0.113000	51.464076	98	250	858	0	26	25	1	0
0.205000	50.165596	330	445	2088	0	34	33	1	0
0.212000	51.206092	317	456	2137	0	50	48	1	1
0.204000	50.259502	312	437	2107	0	46	45	1	0
0.180000	50.390980	279	423	1893	0	49	48	1	0
0.177000	50.782787	207	352	1506	0	44	44	0	0
0.150000	50.720169	190	322	1340	0	47	46	1	0
0.208000	51.634619	372	481	1839	0	13	10	3	0
0.162000	53.708970	222	337	1550	0	34	32	2	0
0.187000	55.409746	317	407	2004	0	46	44	1	1
0.155000	57.455541	108	279	1087	0	40	40	0	0
0.220000	55.352677	677	805	3476	0	35	32	3	0
0.182000	56.126287	213	344	1548	0	54	54	0	0
0.176000	54.401500	232	383	1746	0	56	54	1	1
0.156000	57.258725	186	307	1501	0	26	25	1	0
0.214000	55.839949	270	423	1956	0	46	46	0	0
0.318000	50.981793	618	736	3298	0	46	44	2	0
0.199000	54.485965	277	424	1947	0	55	55	0	0
0.171000	61.200478	218	370	1475	0	11	10	1	0
0.167000	57.916289	209	352	1599	0	54	54	0	0
0.276000	54.881427	512	631	2854	0	40	36	4	0
0.209000	59.784607	369	482	2031	0	40	38	2	0
0.321000	58.092640	637	753	3577	0	30	26	4	0
0.153000	61.078326	175	312	1280	0	43	41	2	0
0.201000	59.963608	183	357	1538	0	55	55	0	0
0.243000	57.437897	342	499	2340	0	57	56	1	0
0.224000	57.959664	667	803	4458	0	51	49	2	0
0.380000	60.193339	231	375	1709	0	56	56	0	0
0.277000	61.081473	359	527	2595	0	58	57	1	0
0.217000	62.786662	339	464	2127	0	22	21	1	0
0.202000	63.981027	336	458	2116	0	23	22	1	0
0.175000	65.284097	140	331	1362	0	48	48	0	0
0.597000	58.982387	1076	1225	6073	0	35	32	3	0
0.240000	61.172716	398	547	2746	0	59	57	1	1
0.191000	61.726369	210	359	1638	0	55	55	0	0
0.492000	60.842126	1035	1169	6336	0	38	35	3	0
0.380000	60.160813	767	912	4342	0	52	50	2	0
0.254000	62.637325	484	633	2628	0	29	25	4	0
0.735000	67.472765	372	487	2420	0	44	38	6	0
0.253000	64.070474	336	498	2395	0	65	65	0	0
0.276000	63.337008	456	600	2383	0	48	45	3	0
0.347000	64.852241	509	657	3136	0	55	53	2	0
0.188000	66.784598	270	407	1777	0	37	36	1	0
0.293000	65.745100	535	697	3154	0	25	22	2	1
0.252000	64.943906	388	553	2601	0	61	58	3	0
0.144000	71.054556	103	252	1193	0	40	40	0	0
0.380000	68.146358	737	890	4818	0	20	19	1	0
0.152000	66.589229	199	306	1433	0	13	11	2	0
0.229000	69.361953	369	486	2483	0	54	52	1	1
0.247000	71.463196	359	520	2204	0	34	33	1	0
0.394000	66.282620	1258	1444	7151	0	42	39	3	0
0.459000	66.360646	910	1062	5249	0	59	55	4	0
0.296000	69.558921	438	637	3278	0	67	66	1	0
0.268000	71.210538	349	545	2679	0	75	75	0	0
0.414000	68.813246	820	961	5301	0	50	47	3	0
0.470000	68.151416	971	1134	5650	0	58	54	4	0
0.397000	69.739836	1075	1270	6149	0	61	58	2	1
0.211000	68.419222	462	635	2986	0	57	55	2	0
0.296000	72.883911	525	650	3272	0	61	56	5	0
1.253000	71.945860	1706	1944	11077	0	56	52	4	0
0.442000	71.567521	734	898	4399	0	57	52	5	0
0.265000	74.771190	355	508	2313	0	18	17	1	0
0.264000	72.374260	379	548	2426	0	63	61	2	0
0.378000	73.094852	606	793	4378	0	65	63	2	0
0.308000	77.665592	538	686	3240	0	16	13	3	0
0.732000	70.699726	1612	1835	9440	0	42	37	4	1
0.320000	72.041855	487	680	3482	0	66	64	2	0
0.134000	74.646554	217	431	1982	0	66	66	0	0
0.281000	76.053024	481	628	3108	0	63	61	1	1
0.226000	74.901025	363	507	2337	0	62	57	5	0
0.415000	76.380877	671	834	4211	0	67	64	2	1
0.219000	76.532211	669	842	4101	0	53	51	2	0
0.964000	74.336113	1097	1284	6579	0	60	57	3	0
0.292000	80.551255	290	515	2441	0	52	50	2	0
0.733000	74.197970	1409	1610	8404	0	69	66	3	0
0.887000	75.732911	2229	2398	13638	0	49	43	6	0
0.403000	77.374457	679	853	4572	0	72	70	2	0
0.350000	76.381888	421	627	3181	0	69	68	1	0
0.437000	84.784842	742	937	5321	0	62	61	1	0
0.907000	78.832925	1907	2148	12512	0	50	45	5	0
0.286000	82.891908	505	689	2917	0	42	39	3	0
0.380000	82.563538	624	814	4064	0	71	69	2	0
1.034000	81.033279	605	794	3526	0	71	68	3	0
1.033000	79.281103	2283	2575	14210	0	45	40	5	0
0.389000	82.090637	705	892	4369	0	57	54	3	0
0.256000	83.454953	377	557	2589	0	70	68	2	0
0.352000	80.465465	579	768	4079	0	77	76	1	0
0.616000	80.396428	1245	1456	6973	0	74	72	2	0
0.344000	82.549933	526	668	3411	0	79	78	1	0
0.445000	84.151173	823	934	4788	0	53	48	5	0
0.402000	86.464616	703	900	5008	0	52	50	2	0
1.122000	81.128533	2285	2544	15077	0	75	71	4	0
0.452000	84.435108	837	993	4569	0	77	73	4	0
0.390000	83.966849	698	899	4181	0	60	56	4	0
1.434000	83.524958	2421	2736	15329	0	39	34	5	0
0.506000	82.338015	904	1092	5336	0	67	63	4	0
0.432000	85.106843	678	857	4654	0	83	81	1	1
0.416000	84.711226	685	877	4959	0	64	63	1	0
0.243000	89.895035	360	503	2457	0	39	37	2	0
0.258000	87.793010	390	539	2717	0	65	64	1	0
0.420000	88.287350	820	913	4775	0	59	50	9	0
0.358000	89.731043	529	757	3559	0	77	75	2	0
0.476000	86.628498	1388	1675	8694	0	61	54	6	1
0.299000	91.617016	480	681	3016	0	57	53	4	0
0.364000	88.281450	601	817	3970	0	57	55	2	0
0.368000	88.857852	644	814	3899	0	83	79	3	1
0.802000	85.842545	1731	2016	10814	0	71	65	5	1
0.390000	86.994213	695	902	4148	0	80	77	3	0
0.293000	93.690562	453	639	3253	0	74	70	4	0
0.355000	89.066972	624	751	3743	0	71	64	7	0
0.368000	92.019798	548	771	4150	0	92	92	0	0
1.224000	95.629996	2788	3025	20677	0	52	48	4	0
0.574000	89.964763	1077	1261	7566	0	76	74	2	0
1.420000	90.218265	1448	1632	9709	0	91	89	2	0
0.317000	94.821912	463	647	3242	0	42	39	3	0
0.187000	90.291733	1315	1540	8092	0	76	71	5	0
1.458000	91.614198	2250	2488	14070	0	85	81	3	1
0.459000	90.596876	669	888	4984	0	90	89	1	0
1.015000	96.560092	1958	2168	14086	0	92	90	2	0
0.399000	98.094335	643	861	4853	0	73	72	1	0
0.492000	95.304826	730	919	4616	0	90	87	2	1
0.358000	93.765383	1129	1389	6888	0	83	80	3	0
0.816000	94.083557	1750	2028	10942	0	89	86	3	0
0.378000	97.289212	615	806	4102	0	74	72	2	0
0.580000	96.508588	1122	1337	7624	0	65	62	3	0
1.004000	94.929248	2220	2472	13952	0	90	87	3	0
0.451000	94.054899	741	983	5476	0	93	92	1	0
0.467000	98.242023	960	1146	5251	0	81	77	4	0
0.312000	99.498065	451	644	3231	0	77	72	4	1
0.207000	102.467804	231	433	2114	0	11	10	1	0
1.947000	96.466857	3134	3412	21085	0	93	87	5	1
0.569000	98.071257	985	1250	6234	0	70	67	3	0
0.404000	102.532065	764	936	4344	0	43	39	3	1
0.727000	97.835911	1762	2101	11482	0	74	71	3	0
0.367000	102.731082	615	810	4055	0	46	43	3	0
0.619000	98.971517	1223	1499	7679	0	92	88	3	1
1.493000	99.166771	3499	3693	20544	0	72	67	5	0
0.925000	97.938597	2348	2571	14767	0	90	86	4	0
0.500000	104.241202	870	1043	5950	0	101	97	4	0
0.470000	103.211004	942	1068	5569	0	78	71	7	0
0.482000	101.834476	781	1034	5930	0	103	103	0	0
2.994000	101.235880	3483	3775	23782	0	88	83	4	1
1.412000	100.869748	2942	3236	19902	0	80	75	5	0
0.395000	107.489306	688	880	4423	0	35	32	2	1
1.059000	103.671190	2629	2918	18489	0	69	64	4	1
0.407000	103.529223	652	864	4272	0	49	46	3	0
0.477000	102.263838	1801	2000	12626	0	94	90	4	0
0.690000	105.811247	1359	1581	9569	0	75	72	3	0
1.218000	106.365597	1153	1240	6260	0	66	58	8	0
0.246000	109.552060	186	401	1915	0	19	17	2	0
1.622000	109.845782	3836	4019	26036	0	90	87	3	0
2.284000	110.272912	5610	5880	39002	0	68	63	5	0
0.607000	106.446339	1109	1376	7184	0	87	84	3	0
1.853000	106.089720	3894	4205	25919	0	84	81	3	0
0.767000	105.918313	1528	1808	9652	0	82	78	4	0
0.738000	105.787143	1391	1642	9345	0	78	75	3	0
0.642000	109.135160	1184	1428	8411	0	71	68	3	0
0.964000	106.015242	1992	2292	13334	0	91	87	4	0
0.792000	115.787593	1493	1677	10836	0	58	53	5	0
0.599000	109.340456	976	1239	7422	0	112	111	1	0
0.421000	111.130263	720	968	4564	0	67	63	4	0
1.176000	109.759114	3567	3949	24125	0	82	79	3	0
0.697000	113.788402	1164	1408	7128	0	83	79	4	0
1.256000	110.839418	3066	3347	19813	0	106	103	3	0
1.282000	108.597204	2437	2613	17081	0	101	97	4	0
1.534000	111.892398	3314	3544	20810	0	88	86	2	0
1.931000	110.656679	4129	4375	26552	0	88	86	2	0
2.482000	110.042932	4535	4804	29522	0	78	75	3	0
0.564000	113.200135	1026	1174	6062	0	84	80	4	0
1.001000	118.898339	1694	1897	12312	0	63	61	2	0
0.502000	115.610915	897	1120	5816	0	77	73	4	0
0.695000	116.730492	1295	1547	9293	0	64	63	1	0
2.166000	113.547587	4552	4779	30966	0	102	100	2	0
0.619000	112.919694	1086	1367	7065	0	108	105	3	0
1.035000	113.227192	1989	2326	12977	0	109	105	3	1
2.055000	116.897570	3705	4030	24920	0	61	58	3	0
0.558000	114.917529	945	1179	6648	0	104	102	2	0
1.430000	112.617541	3209	3488	20790	0	107	104	3	0
0.538000	117.997633	996	1153	5795	0	96	91	5	0
1.175000	122.371101	1129	1358	8211	0	70	68	2	0
0.385000	118.434503	606	802	4277	0	75	72	3	0
0.442000	115.951872	716	965	4687	0	89	81	8	0
2.085000	119.097560	4378	4615	30802	0	95	89	5	1
0.447000	117.525839	1190	1473	8269	0	91	86	4	1
0.718000	121.916309	1364	1603	8672	0	60	56	4	0
0.895000	121.750831	1853	2084	12238	0	73	68	5	0
0.527000	118.910385	905	1151	6250	0	92	89	2	1
1.063000	122.451753	2754	3030	18223	0	80	76	4	0
0.250000	122.380464	860	1089	5375	0	74	70	4	0
0.477000	121.163938	831	1068	5280	0	96	92	4	0
0.475000	123.187956	835	1064	5563	0	75	70	5	0
1.359000	123.415841	1319	1509	8300	0	105	99	6	0
0.317000	124.245678	889	1151	5907	0	53	49	4	0
0.547000	126.323456	848	1122	4820	0	109	106	3	0
0.509000	124.306664	1549	1831	11290	0	93	90	3	0
0.986000	122.490775	2051	2392	13331	0	106	103	3	0
0.770000	120.877637	1218	1494	8475	0	104	101	3	0
1.299000	119.852254	2687	3048	19118	0	92	88	4	0
1.168000	128.121553	1476	1626	8690	0	99	92	7	0
0.736000	130.103423	1407	1639	10292	0	68	65	2	1
0.562000	123.910430	1085	1262	6445	0	105	101	4	0
0.475000	127.397857	753	1007	5094	0	98	91	7	0
1.083000	127.839797	2319	2551	16310	0	101	95	6	0
0.410000	127.859740	753	1010	5665	0	115	114	1	0
2.372000	125.129092	3395	3719	24189	0	95	88	7	0
0.827000	127.768021	1589	1894	11270	0	91	87	4	0
1.225000	122.245208	2874	3275	19651	0	115	112	3	0
1.843000	124.867142	4196	4332	26786	0	112	108	4	0
0.641000	131.153790	1210	1425	8464	0	117	111	5	1
0.335000	136.291440	736	1047	4291	0	75	72	3	0
0.623000	130.641939	1146	1440	8077	0	59	55	4	0
0.915000	132.141126	1608	1906	10955	0	71	67	4	0
0.904000	131.438324	1841	2123	12467	0	79	75	4	0
2.177000	127.446247	4097	4473	29826	0	103	98	4	1
1.498000	126.220197	3237	3633	22077	0	120	116	4	0
1.594000	128.346474	4100	4416	27352	0	117	114	3	0
1.353000	129.927355	2080	2362	14675	0	125	122	3	0
1.924000	127.516023	4485	4690	28490	0	100	96	4	0
0.532000	135.620137	892	1157	5766	0	105	101	4	0
1.036000	133.954752	1995	2196	14026	0	110	104	6	0
0.571000	131.143294	963	1207	7041	0	124	123	1	0
0.374000	135.923787	480	744	3992	0	78	77	1	0
0.952000	135.410319	1820	2117	12396	0	84	79	4	1
0.820000	132.749408	1639	1962	11794	0	108	105	3	0
1.402000	134.124486	2620	2937	17056	0	114	109	5	0
1.557000	131.324053	3039	3324	19813	0	120	115	5	0
1.309000	130.386031	1324	1620	9796	0	134	132	2	0
1.038000	132.362485	1805	2101	12233	0	121	118	2	1
1.524000	137.837651	3201	3394	21047	0	95	91	4	0
0.599000	132.935256	1213	1399	7267	0	115	110	5	0
0.779000	137.758494	1224	1465	8542	0	128	118	8	2
0.837000	140.665660	1691	1950	12094	0	80	75	5	0
0.756000	136.601552	1536	1690	9091	0	118	110	8	0
0.585000	137.817026	986	1257	7202	0	139	138	1	0
1.766000	139.121371	2146	2561	17594	0	104	102	2	0
4.198000	138.288920	8455	8919	63780	0	99	91	8	0
0.868000	143.376297	1896	2352	13738	0	55	51	4	0
1.844000	141.118800	2115	2433	15159	0	84	80	4	0
1.446000	141.317955	2783	2993	19072	0	119	113	6	0
1.055000	139.064679	2836	3034	19215	0	115	108	6	1
1.612000	142.407531	2753	2967	18875	0	116	112	4	0
0.326000	145.567219	311	583	2959	0	78	77	1	0
2.635000	138.175759	5733	6063	40535	0	119	113	5	1
0.556000	143.951127	933	1235	6331	0	77	72	4	1
1.000000	141.168362	1653	1963	12776	0	95	92	3	0
4.753000	143.352577	9367	9809	69996	0	57	51	6	0
1.235000	143.250444	2890	3312	21078	0	126	122	4	0
1.002000	142.785078	1926	2239	13206	0	87	82	4	1
0.669000	143.394571	1211	1449	7601	0	106	98	8	0
0.630000	144.853830	1230	1469	7774	0	94	88	6	0
0.548000	147.852044	949	1242	6261	0	119	115	4	0
0.930000	150.104171	2169	2424	15521	0	87	84	3	0
2.130000	143.133988	3437	3660	23245	0	114	108	6	0
0.715000	145.579230	1886	2143	13346	0	146	141	5	0
0.614000	144.413112	805	1113	5768	0	113	105	8	0
1.574000	143.463528	2291	2620	16290	0	106	102	4	0
1.628000	142.700816	3240	3658	23820	0	138	134	4	0
2.004000	144.658464	3566	3904	26237	0	116	110	5	1
1.572000	148.140260	3078	3331	20962	0	122	119	3	0
0.624000	151.608276	920	1220	6266	0	115	111	4	0
0.614000	146.999642	1035	1301	7397	0	145	143	2	0
0.275000	150.089411	654	963	5403	0	120	118	2	0
0.790000	151.739978	1273	1614	8393	0	127	124	3	0
1.037000	152.223539	1841	2307	14159	0	83	79	4	0
1.305000	150.363226	1339	1657	9327	0	94	88	4	2
2.793000	149.886861	5431	5870	40593	0	147	142	5	0
1.027000	150.634410	2084	2456	14449	0	131	126	4	1
1.909000	150.073601	3970	4351	29722	0	115	110	5	0
0.451000	156.038868	642	955	5399	0	92	89	3	0
1.040000	154.543197	1202	1499	8510	0	130	124	6	0
0.725000	153.378171	1166	1470	8294	0	122	117	5	0
0.664000	148.556376	1028	1344	7691	0	125	117	8	0
1.089000	157.078193	1993	2308	16403	0	94	91	3	0
1.760000	150.290013	3848	3985	25036	0	110	103	7	0
2.132000	149.691197	4502	4929	33621	0	148	143	5	0
1.209000	155.219557	2753	3144	20162	0	114	110	4	0
2.461000	151.482728	4106	4497	29604	0	118	112	5	1
1.685000	153.390439	3743	4025	25419	0	91	88	3	0
0.700000	158.564380	1156	1460	8208	0	136	129	7	0
0.801000	156.719874	1439	1719	10521	0	145	138	6	1
0.576000	159.607560	921	1214	6946	0	142	141	1	0
1.862000	157.792438	3422	3798	27952	0	127	125	2	0
0.896000	156.042994	1457	1782	10423	0	112	106	5	1
0.920000	155.750854	1652	1964	12192	0	106	100	6	0
3.188000	157.792876	5513	5820	40581	0	121	115	5	1
0.849000	158.262292	1502	1829	11162	0	145	141	3	1
3.394000	160.130895	7325	7835	55131	0	94	90	4	0
0.888000	155.381233	1730	2088	13867	0	162	156	4	2
0.335000	167.703679	400	716	4051	0	74	73	1	0
0.353000	167.105652	403	717	3678	0	92	88	4	0
0.972000	164.396959	2441	2682	17189	0	91	86	5	0
3.140000	159.237225	6185	6499	44283	0	122	116	5	1
1.859000	164.753367	3755	3977	25836	0	84	79	5	0
1.012000	161.754007	2594	2970	18762	0	130	126	4	0
3.188000	160.594873	7021	7518	53333	0	131	127	4	0
3.418000	157.938869	5992	6394	44071	0	134	128	5	1
2.105000	159.224156	4861	5268	35585	0	133	128	4	1
1.542000	161.490546	3225	3430	22502	0	98	93	5	0
0.923000	164.468641	1623	1925	11855	0	153	145	7	1
1.006000	168.840811	1486	1783	10385	0	103	95	8	0
1.137000	166.955187	2071	2318	14950	0	137	129	8	0
1.963000	162.554370	4683	4905	29732	0	119	114	5	0
2.362000	164.969957	5299	5461	32378	0	101	94	6	1
5.178000	164.118037	9316	9757	69822	0	110	106	4	0
0.880000	163.053112	1748	2131	13663	0	146	143	3	0
2.963000	163.015154	6330	6646	45073	0	122	116	5	1
2.919000	165.005296	6849	7155	50170	0	105	100	5	0
4.751000	164.802145	8724	9176	65100	0	107	103	4	0
1.239000	171.592002	2981	3328	22408	0	104	99	5	0
0.903000	164.296277	1650	1950	12169	0	169	163	5	1
1.126000	170.035658	2078	2357	15451	0	150	144	6	0
3.319000	169.733667	5723	6057	43658	0	130	127	3	0
2.903000	172.505513	6626	6887	49492	0	131	129	2	0
2.094000	168.229806	5163	5350	31600	0	126	120	6	0
0.968000	168.080321	1559	1920	11254	0	113	108	4	1
6.230000	168.180674	11315	11725	85025	0	83	78	5	0
3.151000	168.727752	7559	7986	55725	0	135	130	5	0
3.283000	168.153650	7656	8066	56002	0	119	115	4	0
1.499000	175.384312	2986	3198	20639	0	107	99	7	1
1.781000	170.794840	2373	2624	17593	0	162	155	7	0
1.088000	170.003392	1926	2217	14047	0	175	169	5	1
0.844000	173.347283	1511	1850	11690	0	156	155	1	0
0.468000	174.214141	839	1163	7042	0	97	95	2	0
0.969000	171.255331	2485	2762	17747	0	163	158	5	0
3.176000	172.975412	5584	5931	42733	0	139	136	3	0
1.388000	172.362484	2336	2603	17040	0	148	144	4	0
6.726000	170.700732	12166	12550	90724	0	89	83	6	0
1.387000	170.193198	2382	2685	17565	0	183	180	2	1
1.257000	177.801360	2281	2555	16099	0	117	112	5	0
0.971000	179.895203	2339	2625	16566	0	111	106	5	0
2.449000	177.032975	5177	5489	38288	0	97	91	6	0
0.957000	176.106556	2226	2493	16206	0	161	156	5	0
0.781000	176.312066	1360	1670	10247	0	165	162	3	0
1.330000	178.177549	2679	2929	18987	0	110	103	7	0
1.067000	176.136151	706	1037	5758	0	118	114	4	0
1.800000	175.494877	3840	4212	29327	0	109	99	10	0
2.487000	173.430699	4672	4987	31669	0	128	121	7	0
5.815000	177.500546	11814	12171	87320	0	96	89	7	0
1.138000	179.526387	2147	2431	15596	0	165	157	7	1
2.727000	183.159607	4622	4959	34319	0	105	100	5	0
2.218000	180.040264	4836	5171	36222	0	115	109	6	0
0.857000	179.120940	1415	1770	10666	0	158	151	7	0
1.393000	180.048363	2689	2951	18973	0	154	148	6	0
1.195000	178.823664	2444	2775	17972	0	180	174	6	0
0.990000	181.878996	1871	2188	14411	0	142	140	2	0
3.157000	181.985816	6442	6763	48464	0	84	74	10	0
2.385000	181.605159	4664	4914	33441	0	127	118	7	2
1.906000	176.033399	3932	4149	28337	0	176	171	5	0
2.532000	186.443460	5709	6047	42446	0	104	98	6	0
1.272000	180.920263	2423	2712	17015	0	176	171	5	0
0.671000	185.525033	1019	1381	8456	0	128	125	3	0
2.495000	187.698031	4813	5245	36859	0	91	86	5	0
3.036000	186.915665	5704	5957	38750	0	99	93	6	0
2.175000	183.421343	5173	5421	32543	0	139	133	6	0
2.043000	184.121057	4095	4409	30626	0	117	114	3	0
1.467000	183.304322	3031	3306	21741	0	150	146	4	0
1.965000	179.708645	4342	4619	27847	0	137	130	7	0
3.125000	184.390973	5941	6307	44501	0	138	134	4	0
0.523000	192.948293	938	1297	7792	0	106	101	5	0
0.903000	186.205560	2578	2868	18346	0	177	169	8	0
2.322000	189.649657	5171	5604	40036	0	88	82	6	0
3.249000	188.968476	6071	6421	46115	0	138	134	4	0
2.360000	185.608973	5095	5309	34928	0	163	156	6	1
2.666000	186.527758	4492	4776	33854	0	179	174	4	1
2.366000	184.298468	4240	4463	29931	0	183	180	3	0
1.434000	187.274930	3320	3648	25009	0	156	152	3	1
2.245000	190.408078	4559	4882	34200	0	123	119	4	0
4.487000	189.510012	7478	7748	54752	0	157	153	4	0
1.912000	192.535128	3834	4248	29527	0	105	100	5	0
1.333000	193.540474	2255	2582	19787	0	99	96	3	0
1.197000	194.782791	2437	2777	21423	0	107	104	3	0
5.518000	194.631253	11488	11862	85118	0	127	123	4	0
2.862000	188.407869	4894	5132	33840	0	184	178	5	1
2.085000	189.240747	4211	4541	31465	0	159	156	3	0
2.344000	190.922628	5057	5540	42839	0	103	97	6	0
1.486000	194.279054	2485	2863	18322	0	127	121	5	1
2.966000	192.991743	4236	4580	31761	0	159	156	3	0
2.311000	189.279544	5110	5488	34782	0	137	130	7	0
2.646000	197.521500	6275	6565	52052	0	107	101	6	0
1.920000	194.675946	2547	2939	19130	0	181	176	5	0
1.880000	199.057640	3641	3995	28741	0	146	141	4	1
0.935000	196.373076	1861	2246	14771	0	179	177	2	0
1.283000	199.750789	3353	3686	26593	0	145	142	3	0
3.695000	198.478568	6961	7306	52665	0	109	103	6	0
1.821000	196.162773	4413	4833	33250	0	160	154	6	0
2.249000	200.016163	5085	5502	38703	0	92	84	8	0
0.668000	196.844809	1018	1383	8342	0	145	144	1	0
4.019000	194.828987	7375	7668	54134	0	174	171	3	0
0.831000	198.659742	1666	2037	13274	0	179	175	4	0
5.693000	201.697843	4466	4787	34764	0	145	140	4	1
2.220000	200.340705	4569	4777	28181	0	125	119	6	0
0.871000	201.257128	1386	1802	11484	0	149	146	3	0
7.383000	200.850874	11859	12239	88356	0	126	123	3	0
4.096000	199.766096	8537	8891	61873	0	155	152	3	0
5.676000	202.527423	13026	13363	97240	0	120	116	4	0
4.639000	201.430370	10115	10503	78927	0	127	121	6	0
3.379000	198.739102	5579	6218	46660	0	144	139	5	0
2.195000	200.336455	4929	5213	35796	0	145	137	7	1
1.826000	206.063778	3646	4008	28696	0	117	113	4	0
0.966000	209.412821	1650	2035	15051	0	107	103	4	0
3.918000	207.802563	9103	9478	69593	0	126	121	5	0
2.409000	203.536412	5296	5541	32927	0	136	127	9	0
1.827000	203.776626	2038	2408	15932	0	175	171	4	0
3.631000	202.362824	8557	8920	62384	0	158	156	2	0
5.140000	204.756699	9124	9479	66761	0	116	106	8	2
3.845000	201.716257	4978	5251	34431	0	186	179	6	1
4.260000	200.377601	5129	5423	38469	0	190	186	4	0
3.497000	200.556529	7106	7349	47683	0	169	161	7	1
1.999000	203.672221	3993	4352	26998	0	148	143	5	0
3.830000	206.512963	6467	6744	47573	0	155	151	4	0
2.065000	203.548626	4625	4990	34911	0	144	140	4	0
3.753000	205.598943	7175	7528	50245	0	156	148	8	0
3.552000	204.298270	6317	6586	46372	0	172	169	3	0
3.553000	208.820274	7615	8035	53356	0	120	115	5	0
4.924000	205.441592	10199	10566	76021	0	123	116	7	0
2.231000	204.840747	5250	5566	37933	0	138	130	8	0
4.079000	206.804237	9359	9759	70713	0	147	140	7	0
5.251000	206.809161	10666	11082	83693	0	129	123	6	0
3.708000	211.906142	6990	7441	54133	0	140	134	6	0
6.217000	210.897477	12381	12813	98459	0	131	125	6	0
5.232000	210.423379	10787	11178	81875	0	151	143	7	1
5.295000	212.348756	11328	11774	91776	0	124	119	5	0
5.873000	212.348183	11423	11756	82258	0	112	104	6	2
3.887000	212.173028	8826	9217	62353	0	140	134	6	0
3.147000	208.654882	6589	6806	44782	0	155	148	6	1
5.305000	212.601587	11394	11772	80950	0	150	145	5	0
5.460000	212.695814	11074	11509	85468	0	133	129	4	0
4.720000	212.107926	10913	11305	85959	0	133	126	6	1
1.383000	216.674604	2436	2824	19537	0	166	161	4	1
1.229000	219.503520	2467	2862	19990	0	154	152	2	0
1.202000	218.833262	2343	2744	19005	0	140	138	2	0
6.497000	220.272052	14112	14415	103337	0	116	112	4	0
4.878000	213.915701	10655	11094	79292	0	131	124	7	0
5.432000	215.255692	10966	11443	89165	0	140	134	5	1
5.392000	214.812579	11562	11899	81552	0	122	114	7	1
4.776000	216.188012	10639	10981	74239	0	132	126	6	0
3.010000	213.519746	5924	6118	38370	0	140	132	8	0
6.340000	218.075419	11851	12247	91580	0	135	130	4	1
6.684000	222.636277	13128	13467	97580	0	147	144	3	0
2.571000	216.332532	4320	4627	34807	0	163	160	3	0
2.180000	216.104838	4753	5074	36157	0	200	194	5	1
5.517000	217.614430	10511	11020	85941	0	158	153	5	0
6.063000	217.965322	12735	13277	103283	0	118	112	6	0
8.609000	221.245342	17032	17298	132964	0	125	119	6	0
1.496000	217.999615	4481	4869	33373	0	155	150	5	0
3.173000	218.173226	6966	7252	47297	0	189	185	4	0
5.978000	218.302009	12636	13011	91354	0	133	126	7	0
6.477000	219.358178	13706	14023	103031	0	130	122	8	0
1.033000	224.491083	1741	2164	14496	0	143	141	2	0
6.561000	224.450635	13596	13915	100543	0	141	136	4	1
1.950000	222.009980	5281	5490	41632	0	172	168	4	0
5.543000	222.191470	10240	10667	77855	0	163	155	7	1
8.032000	223.445138	16846	17162	135435	0	136	128	6	2
3.915000	222.051183	10325	10660	71851	0	117	109	8	0
5.653000	226.124824	12042	12410	82953	0	114	107	7	0
4.273000	221.594879	8491	8886	58154	0	153	147	6	0
2.730000	219.399798	6652	6890	42145	0	175	168	7	0
3.420000	217.971321	6487	6804	42951	0	205	199	5	1
6.268000	228.563563	13248	13583	98535	0	117	112	5	0
9.095000	225.857241	17153	17456	137295	0	142	134	6	2
2.326000	224.533067	5353	5698	40556	0	209	205	4	0
3.003000	221.115985	5186	5508	34666	0	218	208	7	3
3.299000	224.576477	6792	7101	44413	0	211	207	4	0
3.671000	225.399773	7109	7399	47425	0	194	189	4	1
3.262000	221.831631	6517	6854	44090	0	219	213	5	1
9.069000	224.981681	14735	15178	111699	0	159	153	5	1
5.745000	223.527802	11511	11935	88205	0	163	156	6	1
7.848000	228.930617	16253	16640	129749	0	127	121	6	0
5.096000	228.657117	11839	12192	82796	0	171	164	7	0
5.573000	225.328192	10839	11169	74004	0	185	177	7	1
3.038000	226.977044	6905	7212	45267	0	190	186	4	0
5.506000	228.396797	9890	10317	72206	0	172	165	6	1
6.109000	231.488956	12236	12640	89219	0	149	143	5	1
5.955000	233.597031	13545	13871	100721	0	133	130	3	0
3.808000	231.337572	6980	7251	43335	0	144	138	6	0
2.903000	228.922797	6195	6403	47004	0	151	146	5	0
2.930000	225.752334	6440	6812	44532	0	163	156	7	0
3.592000	226.897492	8866	9353	66609	0	159	152	7	0
1.203000	235.441915	2061	2488	17133	0	149	144	5	0
6.925000	238.677672	15647	16017	114016	0	164	161	3	0
7.131000	237.807081	16152	16446	120694	0	112	105	7	0
5.427000	234.625545	12151	12508	85570	0	131	123	8	0
5.257000	232.417781	10099	10467	70559	0	155	147	8	0
6.203000	232.941325	13781	14118	96349	0	171	165	6	0
5.223000	232.850048	11422	11800	78322	0	168	163	5	0
6.368000	232.309777	12588	12968	92250	0	152	146	6	0
8.834000	233.537643	17170	17483	136881	0	131	125	6	0
19.452000	237.074160	14726	15067	107574	0	144	140	4	0
5.707000	238.125489	10756	11289	86688	0	173	167	6	0
15.271000	237.833707	6934	7211	42603	0	150	144	6	0
7.165000	236.701762	12422	12888	98797	0	120	112	7	1
6.764000	240.402171	13803	14162	103016	0	156	151	4	1
6.343000	237.604693	11094	11552	83513	0	159	153	6	0
4.658000	235.773825	9892	10488	81260	0	184	178	5	1
3.583000	234.053263	4971	5270	39859	0	208	203	5	0
5.337000	235.907231	11504	11893	77976	0	173	167	6	0
7.337000	239.479590	14042	14583	111459	0	165	160	4	1
2.612000	235.083598	5560	5838	34340	0	180	174	6	0
1.229000	246.384980	2483	2936	20511	0	158	154	3	1
7.598000	242.894390	15911	16239	116029	0	126	118	8	0
6.954000	242.564354	15322	15627	109499	0	129	122	7	0
4.012000	241.945571	7698	7963	55874	0	174	169	5	0
10.836000	242.719847	11851	12256	81748	0	139	131	8	0
6.539000	245.405351	13843	14215	94914	0	132	125	7	0
12.237000	238.440309	5286	5571	32689	0	181	175	6	0
8.747000	242.566187	12389	12761	87912	0	119	109	10	0
6.413000	238.494407	11884	12291	81404	0	177	171	6	0
6.469000	240.026701	12525	12912	85056	0	160	154	6	0
3.198000	242.593279	6453	6678	48186	0	171	166	5	0
3.803000	245.868719	7262	7526	53289	0	167	161	5	1
6.420000	246.822403	10720	11111	74952	0	144	137	7	0
3.270000	240.694407	8035	8477	53839	0	175	168	7	0
7.429000	241.905966	15096	15583	117010	0	189	184	5	0
8.141000	245.407915	17543	17923	138210	0	171	166	4	1
7.678000	245.309935	16902	17202	124265	0	132	123	8	1
3.386000	244.521577	7965	8276	58662	0	177	171	6	0
6.967000	246.562119	13538	13915	100324	0	169	163	6	0
6.304000	248.033913	14548	14885	108920	0	141	136	5	0
6.745000	250.672953	14678	15022	110407	0	147	141	6	0
8.408000	248.166497	15764	16320	127085	0	186	181	5	0
4.753000	250.876393	10808	11207	74676	0	158	152	6	0
5.787000	247.458282	12252	12664	82731	0	187	181	6	0
5.785000	245.886096	11096	11501	74708	0	198	192	6	0
4.614000	245.673752	9973	10365	67011	0	190	184	6	0
4.582000	246.627548	8651	9060	64156	0	182	175	7	0
8.488000	251.068211	18108	18321	138422	0	149	143	6	0
8.877000	249.371092	16694	17010	118644	0	135	128	7	0
7.087000	249.104851	14157	14782	114227	0	188	183	5	0
6.935000	254.101122	14645	14925	105495	0	122	113	9	0
5.478000	252.234434	13018	13404	92316	0	121	112	9	0
5.941000	254.614655	12733	13143	88060	0	151	143	8	0
4.880000	253.784233	11936	12350	83575	0	134	126	8	0
5.770000	252.739524	12282	12705	84557	0	150	143	7	0
5.014000	250.955871	11475	11833	81384	0	174	166	8	0
3.996000	249.953990	9538	9989	65678	0	171	163	7	1
7.453000	256.043547	15499	15979	125367	0	160	155	4	1
3.724000	252.338648	7175	7440	52243	0	191	184	5	2
8.783000	252.621288	17514	17861	141436	0	148	141	6	1
3.585000	260.457693	6877	7278	59609	0	161	157	4	0
8.163000	258.316753	17311	17624	121317	0	143	136	7	0
5.996000	255.421745	13286	13673	94367	0	134	124	9	1
5.391000	257.478748	12464	12899	85479	0	181	175	6	0
6.166000	254.362904	12342	12766	82553	0	199	193	6	0
2.654000	254.118246	5949	6271	36626	0	208	203	5	0
4.554000	255.867012	10102	10619	77401	0	192	185	6	1
5.757000	254.752417	11381	11860	87417	0	193	185	7	1
9.121000	253.546081	18146	18361	142509	0	160	154	5	1
4.650000	255.217114	11062	11472	77024	0	134	126	8	0
5.593000	265.806851	9258	9685	77112	0	167	160	7	0
4.746000	259.545670	8446	8787	60658	0	186	180	6	0
5.377000	261.331285	11913	12273	84336	0	146	137	9	0
6.698000	258.552286	11551	12004	88178	0	186	179	7	0
5.980000	258.728311	12525	12980	97410	0	183	177	6	0
3.645000	259.071150	7523	7778	56636	0	168	161	7	0
4.764000	261.521549	10210	10692	71813	0	182	175	7	0
4.304000	258.578319	8170	8483	52188	0	190	182	7	1
4.304000	260.120767	10690	11123	75124	0	156	149	7	0
4.501000	258.552888	8244	8584	60088	0	188	182	6	0
7.184000	263.969347	15175	15471	110013	0	130	120	10	0
7.513000	267.320063	16722	17076	117505	0	146	139	7	0
4.112000	261.484693	8225	8563	59455	0	184	178	6	0
4.455000	260.869374	9771	10256	67218	0	161	153	7	1
5.256000	260.681987	9832	10295	67362	0	178	171	7	0
5.032000	262.968868	9947	10467	76092	0	201	194	6	1
5.334000	260.562560	11702	12220	90826	0	184	178	6	0
4.949000	262.896314	9397	9738	67016	0	183	176	6	1
7.742000	267.844567	15641	15909	113195	0	122	113	9	0
8.608000	261.830843	18289	18511	141987	0	166	160	5	1
3.868000	270.908334	8145	8541	65964	0	182	179	3	0
5.892000	266.673382	12477	12883	88897	0	140	131	9	0
5.342000	264.627343	11185	11741	86502	0	199	193	6	0
4.494000	267.926776	10083	10563	70176	0	175	167	7	1
4.004000	265.388443	8635	8988	61842	0	193	187	6	0
8.152000	268.830255	17082	17542	137708	0	161	153	8	0
8.942000	268.709949	18567	18922	149675	0	152	144	7	1
12.142000	268.512394	15583	15864	111880	0	136	126	10	0
4.014000	267.926627	7810	8139	57277	0	194	188	6	0
3.904000	267.467816	7964	8214	59171	0	172	165	7	0
5.798000	274.399737	10806	11284	89049	0	198	193	5	0
4.003000	274.529905	9126	9564	73677	0	212	206	6	0
7.103000	271.627013	14474	14810	102269	0	145	136	9	0
5.059000	270.920481	10109	10589	69265	0	187	179	7	1
6.021000	272.224732	12856	13325	91304	0	144	135	9	0
4.399000	269.399256	9168	9531	65527	0	198	191	6	1
5.302000	270.420702	10714	11208	80298	0	217	209	7	1
3.527000	271.959700	7312	7617	54529	0	184	178	5	1
3.625000	270.057199	7321	7615	55160	0	182	177	5	0
3.528000	271.012589	7331	7625	54361	0	161	155	6	0
4.707000	275.822127	9764	10106	77140	0	235	230	5	0
4.869000	276.440326	9440	10032	79104	0	190	184	6	0
9.020000	277.255170	18796	19112	146959	0	158	151	7	0
7.531000	275.124369	15646	15932	112646	0	142	133	9	0
4.485000	270.579254	9344	9670	69031	0	216	209	7	0
5.180000	273.270184	9708	10096	69237	0	202	195	6	1
9.124000	277.623329	18401	18721	143319	0	163	156	7	0
6.348000	279.249567	13801	14237	98717	0	127	118	9	0
3.967000	274.003673	8554	8783	64083	0	181	174	7	0
4.071000	275.438137	8907	9136	66840	0	166	160	6	0
6.833000	284.444703	13935	14304	112388	0	210	206	4	0
7.056000	284.897118	15115	15408	120738	0	164	156	8	0
4.672000	280.049006	9419	9796	75121	0	230	223	6	1
5.379000	280.893108	10841	11310	87199	0	241	237	4	0
4.116000	279.485876	7678	8004	57664	0	193	187	6	0
3.376000	278.998373	8137	8429	61290	0	181	175	6	0
4.308000	281.466284	8866	9113	66917	0	182	175	7	0
3.301000	279.396917	7760	8119	58506	0	193	186	6	1
4.137000	278.088991	7913	8237	59532	0	173	167	6	0
6.604000	280.671182	12793	13237	106029	0	190	186	4	0
6.378000	283.465080	12308	12718	99382	0	246	242	4	0
7.949000	287.247943	15227	15512	121611	0	170	162	8	0
6.831000	284.575117	12482	12967	103694	0	190	184	6	0
7.520000	287.355492	16352	16714	128661	0	171	166	5	0
8.784000	286.135248	18505	18887	144415	0	157	150	7	0
3.957000	282.377473	8648	8884	65352	0	178	171	7	0
4.013000	280.827925	7590	7905	56238	0	195	189	6	0
3.915000	281.522797	8411	8785	61122	0	219	212	6	1
9.151000	285.839734	19562	19781	154726	0	158	150	8	0
3.790000	282.294550	7873	8203	59301	0	178	172	6	0
5.718000	289.634236	10296	10862	86552	0	196	191	5	0
6.595000	290.629964	14235	14558	114601	0	240	232	7	1
4.860000	288.051123	9018	9596	75476	0	192	183	9	0
7.324000	289.884996	16225	16527	127045	0	212	206	5	1
4.188000	284.868254	8489	8870	61607	0	222	215	6	1
8.799000	288.192624	18825	19168	148533	0	145	138	7	0
8.554000	288.422111	19106	19407	151617	0	150	142	7	1
4.726000	285.965228	8292	8591	62823	0	199	193	6	0
11.442000	291.511684	18179	18391	142018	0	198	192	5	1
6.529000	285.803763	9137	9567	73955	0	236	226	10	0
5.323000	293.133007	9278	9711	74862	0	243	233	9	1
9.191000	292.299002	16156	16468	127537	0	205	196	9	0
10.095000	289.939540	19070	19389	149391	0	162	155	7	0
4.682000	289.633815	8727	8975	65441	0	202	194	7	1
4.582000	288.006930	8359	8669	63345	0	195	189	6	0
8.953000	295.289036	14737	15056	117288	0	200	194	6	0
7.428000	291.307159	14460	14749	116451	0	182	173	8	1
7.321000	297.546271	15741	16067	122575	0	188	184	4	0
4.982000	292.850213	10232	10760	82615	0	243	238	5	0
6.127000	291.047453	13183	13584	108172	0	211	207	4	0
5.965000	296.701714	11166	11704	93439	0	186	178	8	0
6.348000	295.084363	13121	13527	107053	0	216	211	5	0
6.231000	297.416276	13377	13794	108793	0	197	193	4	0
7.125000	295.292648	13630	14033	110082	0	261	255	5	1
6.193000	294.757503	12344	12815	100395	0	247	240	7	0
6.375000	292.913081	13769	14160	111677	0	197	189	8	0
7.457000	295.908648	14304	14675	115073	0	200	194	5	1
9.619000	296.414119	18666	18865	143432	0	177	173	4	0
6.996000	295.274030	13661	14087	110635	0	201	197	4	0
7.417000	298.094429	17209	17494	131010	0	184	180	4	0
8.885000	301.678127	14786	15089	116762	0	198	193	5	0
8.632000	302.435417	17180	17496	132871	0	185	177	8	0
5.592000	298.816132	12134	12634	98684	0	247	238	8	1
6.257000	299.136609	13115	13580	105722	0	263	258	4	1
8.239000	301.032880	15086	15416	118614	0	212	208	4	0
6.492000	300.148926	14790	15097	116877	0	213	206	7	0
7.229000	300.121076	15691	15985	122320	0	188	181	7	0
5.220000	298.351137	11979	12474	97591	0	256	248	7	1
7.443000	300.380651	14679	14982	116646	0	200	192	8	0
7.103000	300.318071	15102	15449	118929	0	216	212	4	0
6.331000	304.923294	14282	14649	114214	0	214	210	4	0
9.465000	306.923763	18614	18827	139396	0	184	178	5	1
6.156000	302.321479	14188	14558	114211	0	205	197	8	0
9.413000	304.159857	18657	18861	139223	0	186	182	4	0
8.034000	303.520860	18587	18802	139005	0	190	186	4	0
6.814000	298.862584	12898	13365	104573	0	252	244	8	0
8.610000	306.132955	18136	18429	135075	0	183	178	5	0
4.649000	304.967381	7853	8503	61845	0	194	187	7	0
3.795000	306.652996	8047	8710	63495	0	179	170	6	3
2.602000	305.327332	5613	6154	37991	0	220	214	6	0
9.173000	307.918304	17531	17814	132319	0	192	188	4	0
8.045000	308.793448	18059	18337	135138	0	190	186	4	0
8.268000	305.181457	17254	17523	131902	0	186	179	7	0
6.746000	305.162539	14543	14879	115923	0	215	207	8	0
7.546000	310.089025	17303	17605	130030	0	185	181	4	0
8.174000	309.164338	18558	18786	137083	0	177	173	4	0
4.373000	312.531806	8684	9279	68068	0	150	143	7	0
2.975000	310.525011	6453	6954	44641	0	218	210	6	2
4.326000	309.813017	8692	9314	68346	0	181	174	7	0
7.303000	307.850908	15583	16108	127408	0	206	198	8	0
8.179000	314.818191	15731	16053	121390	0	206	202	4	0
6.957000	313.092464	14663	15014	116435	0	220	213	7	0
7.977000	314.506674	15685	16015	121623	0	201	196	4	1
7.993000	312.055078	14874	15198	116972	0	229	224	5	0
7.763000	312.479828	17488	17773	133158	0	181	175	6	0
9.766000	310.089073	18953	19108	145222	0	167	159	8	0
9.417000	312.186989	18993	19190	139440	0	195	191	4	0
8.370000	315.515273	18707	18943	137095	0	155	151	4	0
6.197000	309.672579	13084	13573	105537	0	254	243	9	2
9.595000	312.857796	19077	19216	145244	0	174	167	7	0
8.501000	314.839535	18100	18367	135595	0	188	181	7	0
8.083000	315.613387	16879	17172	128532	0	193	186	7	0
9.669000	316.752540	19134	19300	144361	0	188	180	8	0
10.518000	317.361197	18513	18778	136830	0	193	187	6	0
9.679000	314.687465	17681	17959	133049	0	188	180	8	0
8.918000	311.774819	14646	14993	116617	0	218	210	8	0
10.267000	318.676355	17543	17866	132707	0	176	171	5	0
7.943000	316.880652	18049	18357	137406	0	184	178	6	0
8.457000	315.337722	17630	17948	133609	0	174	169	5	0
7.370000	315.736963	17488	17766	131638	0	195	188	7	0
7.924000	318.484760	14438	14837	115308	0	220	213	7	0
8.871000	320.719677	17295	17598	130643	0	190	185	5	0
10.774000	320.193490	18375	18658	140647	0	179	173	6	0
7.704000	315.381867	15294	15646	119318	0	232	225	7	0
9.057000	318.710347	18718	18917	138697	0	197	193	4	0
7.790000	321.799203	17756	18081	131018	0	197	193	4	0
9.026000	320.277276	19018	19165	145122	0	175	167	8	0
3.720000	320.482964	8199	8862	64808	0	183	175	8	0
4.775000	317.730731	9231	9806	72721	0	192	185	7	0
4.372000	319.941901	8766	9347	69177	0	214	206	8	0
9.795000	321.703144	18755	18954	138493	0	194	186	8	0
10.546000	326.940986	18820	19068	136613	0	201	196	5	0
10.085000	326.363495	18808	19061	136805	0	195	191	4	0
8.079000	321.704295	17038	17332	128702	0	189	181	8	0
9.430000	323.009332	19016	19200	140786	0	201	193	8	0
8.130000	321.206966	18529	18756	137935	0	190	182	8	0
8.380000	322.853205	18022	18352	137194	0	181	176	5	0
7.983000	326.940144	17661	17983	130446	0	196	192	4	0
5.766000	324.241117	10333	10827	81668	0	196	188	8	0
5.232000	324.537115	8855	9446	68135	0	161	152	9	0
10.139000	327.258150	18419	18713	140724	0	196	190	6	0
13.252000	326.215430	18565	18806	136780	0	203	196	7	0
9.282000	326.567222	18500	18762	136521	0	205	198	7	0
7.940000	324.414604	17215	17503	130344	0	184	175	9	0
6.739000	321.788399	14835	15207	117236	0	235	228	7	0
8.098000	329.876169	17639	17983	131639	0	191	187	4	0
8.905000	328.414426	18599	18827	136202	0	201	197	4	0
8.822000	327.963120	17807	18141	131012	0	203	199	4	0
4.763000	331.730293	10426	10919	82287	0	215	207	8	0
4.513000	328.041515	8587	9232	66734	0	198	192	6	0
8.616000	333.862370	18494	18772	140699	0	188	179	9	0
9.603000	332.195250	19127	19381	146557	0	187	181	6	0
7.865000	334.319860	17730	18059	130486	0	208	204	4	0
8.273000	332.360943	18284	18623	133568	0	219	214	4	1
7.845000	328.572868	18041	18330	137895	0	185	177	8	0
9.187000	332.720743	19330	19591	147996	0	224	216	7	1
3.882000	334.677478	8667	9255	66823	0	217	209	8	0
5.200000	331.651960	9783	10323	77322	0	210	202	8	0
6.640000	328.687506	15095	15523	121023	0	226	216	9	1
4.510000	330.554165	9537	10112	75032	0	208	202	6	0
9.199000	339.246821	18797	19049	135360	0	208	203	5	0
8.976000	334.621244	18207	18519	133854	0	221	218	3	0
10.041000	338.002388	19499	19734	149386	0	210	203	7	0
8.835000	337.105256	17641	17979	130822	0	193	189	4	0
9.104000	336.623264	17842	18203	133892	0	194	188	5	1
8.315000	337.652880	18402	18737	139603	0	194	189	5	0
8.312000	333.227925	18631	18944	141859	0	195	190	5	0
7.589000	335.401020	17348	17670	129396	0	199	195	4	0
7.592000	331.599768	16047	16506	130049	0	205	195	9	1
6.651000	333.691642	14588	14987	115187	0	226	216	10	0
9.037000	339.457207	17830	18152	130895	0	218	214	4	0
7.687000	340.852072	17495	17819	130473	0	204	197	7	0
8.443000	338.554964	18465	18789	140443	0	199	194	5	0
7.156000	339.829385	14489	14925	116128	0	210	200	9	1
4.265000	338.167421	9538	10129	75104	0	214	208	6	0
4.603000	340.498424	8904	9488	68127	0	220	213	7	0
5.418000	336.512899	12490	12855	99012	0	217	208	9	0
4.426000	341.789947	8988	9597	68518	0	210	203	7	0
5.574000	339.090545	10783	11237	83535	0	213	203	9	1
4.097000	342.683065	8752	9353	66399	0	211	203	8	0
9.130000	342.514383	18803	19124	143082	0	204	199	5	0
8.583000	345.590492	17606	17944	130394	0	197	192	5	0
4.415000	343.469848	8859	9462	67418	0	213	206	7	0
3.602000	343.950864	8894	9486	67863	0	222	215	7	0
4.951000	344.899563	9298	9823	70844	0	239	231	8	0
5.074000	342.854470	9295	9816	71049	0	233	225	8	0
4.560000	344.872930	8935	9507	67923	0	231	224	7	0
5.314000	344.160515	10787	11242	83231	0	237	229	8	0
4.333000	341.371676	9414	9970	73433	0	196	188	7	1
5.058000	343.944717	8962	9527	68663	0	219	211	8	0
8.872000	347.050257	18389	18747	139568	0	197	192	5	0
8.865000	345.942226	18253	18583	133272	0	230	220	8	2
7.154000	344.679265	14546	14921	113893	0	240	231	9	0
6.651000	347.071451	13509	13908	105208	0	246	238	8	0
5.957000	345.409103	11909	12305	93189	0	202	193	9	0
7.273000	347.321184	15226	15641	120365	0	233	223	10	0
4.876000	347.638374	10138	10624	78742	0	235	225	9	1
7.045000	345.915167	13470	13866	106337	0	228	218	10	0
4.242000	347.126683	8962	9527	69009	0	217	209	8	0
5.124000	345.691032	9635	10190	76307	0	212	204	8	0
9.758000	350.798067	18481	18809	139664	0	203	197	6	0
9.295000	349.833084	18580	18927	141318	0	203	196	7	0
7.984000	347.136394	18173	18514	132567	0	231	225	6	0
8.830000	348.861959	18138	18483	131751	0	234	230	4	0
8.312000	346.995561	16221	16676	127859	0	252	244	8	0
9.241000	346.671821	18596	19027	147042	0	252	244	8	0
5.422000	349.387828	11100	11507	86837	0	230	221	9	0
7.127000	349.014803	15180	15576	120045	0	230	218	11	1
4.975000	352.062121	8940	9532	69704	0	213	204	9	0
4.157000	349.790107	8905	9504	69569	0	202	193	9	0
8.974000	350.519477	18829	19140	142903	0	206	198	8	0
9.153000	351.015384	19033	19326	144840	0	210	200	10	0
8.220000	351.761058	17817	18173	132908	0	207	198	9	0
8.328000	356.485651	18301	18655	138205	0	204	199	5	0
5.193000	353.556164	9635	10190	74693	0	232	226	6	0
4.238000	354.626490	9091	9703	70963	0	194	185	8	1
4.322000	355.788594	9357	9884	72999	0	220	209	10	1
7.130000	352.258580	14550	14941	115830	0	241	229	11	1
4.271000	358.779538	9090	9620	70357	0	204	195	9	0

