0.005000	3.605551	0	0	0	2	0	0	0	0
0.001000	2.828427	0	0	0	2	0	0	0	0
0.000000	3.162278	0	0	0	2	0	0	0	0
0.001000	3.605551	0	0	0	2	0	0	0	0
0.001000	2.000000	0	0	0	2	0	0	0	0
0.001000	3.000000	0	0	0	2	0	0	0	0
0.001000	1.414214	0	0	0	2	0	0	0	0
0.001000	2.000000	0	0	0	2	0	0	0	0
0.001000	2.000000	0	0	0	2	0	0	0	0
0.001000	3.605551	0	0	0	2	0	0	0	0
0.001000	5.385165	0	0	0	2	0	0	0	0
0.000000	6.403124	0	0	0	2	0	0	0	0
0.000000	4.123106	0	0	0	2	0	0	0	0
0.000000	6.000000	0	0	0	2	0	0	0	0
0.001000	7.280110	0	0	0	2	0	0	0	0
0.001000	5.385165	0	0	0	2	0	0	0	0
0.000000	4.000000	0	0	0	2	0	0	0	0
0.000000	4.000000	0	0	0	2	0	0	0	0
0.004000	7.071068	0	0	0	2	0	0	0	0
0.001000	7.071068	0	0	0	2	0	0	0	0
0.001000	9.486833	0	0	0	2	0	0	0	0
0.001000	8.602325	0	0	0	2	0	0	0	0
0.001000	9.000000	0	0	0	2	0	0	0	0
0.001000	10.440307	0	0	0	2	0	0	0	0
0.001000	10.198039	0	0	0	2	0	0	0	0
0.002000	8.602325	0	0	0	2	0	0	0	0
0.001000	8.062258	0	0	0	2	0	0	0	0
0.000000	10.295630	0	0	0	2	0	0	0	0
0.000000	7.810250	0	0	0	2	0	0	0	0
0.000000	8.062258	0	0	0	2	0	0	0	0
0.000000	13.000000	0	0	0	2	0	0	0	0
0.000000	13.038405	0	0	0	2	0	0	0	0
0.002000	15.132746	0	0	0	2	0	0	0	0
0.001000	13.038405	0	0	0	2	0	0	0	0
0.001000	12.727922	0	0	0	2	0	0	0	0
0.001000	15.000000	0	0	0	2	0	0	0	0
0.001000	12.041595	0	0	0	2	0	0	0	0
0.002000	12.369317	0	0	0	2	0	0	0	0
0.001000	15.033296	0	0	0	2	0	0	0	0
0.001000	11.661904	0	0	0	2	0	0	0	0
0.002000	17.464249	0	0	0	2	0	0	0	0
0.021000	15.193485	5	25	35	48	1	0	1	0
0.001000	16.552945	0	0	0	2	0	0	0	0
0.000000	18.027756	0	0	0	2	0	0	0	0
0.001000	16.492423	0	0	0	2	0	0	0	0
0.001000	18.110770	0	0	0	2	0	0	0	0
0.018000	17.066689	9	32	61	67	2	0	2	0
0.015000	17.841397	5	26	37	49	1	0	1	0
0.000000	16.278821	0	0	0	2	0	0	0	0
0.001000	16.124515	0	0	0	2	0	0	0	0
0.009000	22.000330	5	17	18	29	1	0	1	0
0.013000	20.901047	5	26	35	43	2	0	2	0
0.001000	20.223748	0	0	0	2	0	0	0	0
0.001000	23.000000	0	0	0	2	0	0	0	0
0.001000	19.416488	0	0	0	2	0	0	0	0
0.000000	22.803509	0	0	0	2	0	0	0	0
0.001000	19.849433	0	0	0	2	0	0	0	0
0.014000	21.672538	7	29	50	49	2	0	2	0
0.002000	21.023796	0	0	0	2	0	0	0	0
0.019000	20.046897	5	32	48	52	1	0	1	0
0.034000	26.248931	3	57	71	90	1	0	1	0
0.017000	24.280110	5	37	45	52	1	0	1	0
0.031000	24.836419	6	51	55	114	2	0	2	0
0.000000	25.495098	0	0	0	2	0	0	0	0
0.002000	27.073973	0	0	0	2	0	0	0	0
0.002000	25.179357	0	0	0	2	0	0	0	0
0.001000	24.515301	0	0	0	2	0	0	0	0
0.001000	25.961510	0	0	0	2	0	0	0	0
0.002000	24.186773	0	0	0	2	0	0	0	0
0.002000	24.166092	0	0	0	2	0	0	0	0
0.001000	28.861739	0	0	0	2	0	0	0	0
0.028000	27.898009	13	55	94	131	3	0	3	0
0.002000	28.844410	0	0	0	2	0	0	0	0
0.028000	28.049245	5	50	44	107	1	0	1	0
0.002000	30.479501	0	0	0	2	0	0	0	0
0.029000	28.687354	6	52	77	122	2	0	2	0
0.035000	28.730919	7	43	73	98	1	0	1	0
0.032000	25.958217	9	48	76	126	3	0	3	0
0.002000	29.154759	0	0	0	2	0	0	0	0
0.000000	30.000000	0	0	0	2	0	0	0	0
0.028000	32.918896	5	50	60	109	1	0	1	0
0.016000	32.712377	8	33	48	64	3	0	3	0
0.002000	32.649655	0	0	0	2	0	0	0	0
0.040000	31.080305	15	73	166	178	3	0	3	0
0.002000	31.320920	0	0	0	2	0	0	0	0
0.015000	30.588614	8	37	65	65	1	0	1	0
0.001000	33.541020	0	0	0	2	0	0	0	0
0.001000	30.232433	0	0	0	2	0	0	0	0
0.016000	30.204055	10	38	73	70	3	0	3	0
0.002000	31.320920	0	0	0	2	0	0	0	0
0.002000	36.000000	0	0	0	2	0	0	0	0
0.046000	33.426847	17	82	171	190	3	0	3	0
0.000000	35.902646	0	0	0	2	0	0	0	0
0.030000	35.649886	9	55	70	127	2	0	2	0
0.002000	36.069378	0	0	0	2	0	0	0	0
0.026000	36.364649	5	65	75	83	1	0	1	0
0.017000	36.215648	8	35	59	59	1	0	1	0
0.002000	36.055513	0	0	0	2	0	0	0	0
0.028000	36.643317	7	57	98	107	1	0	1	0
0.034000	35.242008	6	60	84	114	1	0	1	0
0.011000	39.426739	9	29	46	53	3	0	3	0
0.030000	39.913676	12	53	115	116	3	0	3	0
0.044000	39.719321	18	92	190	188	2	0	2	0
0.002000	42.107007	0	0	0	2	0	0	0	0
0.021000	40.379448	8	45	78	71	1	0	1	0
0.002000	40.311289	0	0	0	2	0	0	0	0
0.020000	38.205635	8	41	67	72	2	0	2	0
0.014000	40.968982	7	36	61	57	1	0	1	0
0.019000	39.981209	5	42	64	71	2	0	2	0
0.026000	38.134553	10	54	104	106	4	0	4	0
0.027000	45.559804	18	48	125	120	1	0	1	0
0.019000	46.124784	8	44	60	70	1	0	1	0
0.034000	46.317351	9	63	99	126	1	0	1	0
0.001000	46.690470	0	0	0	2	0	0	0	0
0.042000	42.638498	12	68	151	160	2	0	2	0
0.039000	43.839688	12	60	127	149	2	0	2	0
0.043000	39.774893	19	86	198	199	3	0	3	0
0.002000	44.147480	0	0	0	2	0	0	0	0
0.020000	42.850566	6	61	55	78	1	0	1	0
0.031000	41.658272	5	58	67	94	1	0	1	0
0.020000	46.140523	27	37	66	90	4	0	4	0
0.015000	44.104847	20	34	67	80	4	0	4	0
0.002000	46.690470	0	0	0	2	0	0	0	0
0.048000	47.314640	9	55	106	108	1	0	1	0
0.030000	45.851037	12	64	96	128	2	0	2	0
0.019000	47.539457	13	44	102	84	1	0	1	0
0.024000	48.648636	16	55	105	115	2	0	2	0
0.023000	50.160453	15	56	105	108	1	0	1	0
0.029000	46.186126	9	62	86	133	1	0	1	0
0.028000	48.351424	6	54	74	106	1	0	1	0
0.019000	49.941211	21	39	65	88	4	0	4	0
0.020000	51.313723	5	40	74	82	1	0	1	0
0.025000	51.333715	5	61	54	76	1	0	1	0
0.032000	50.068884	9	62	90	159	1	0	1	0
0.024000	50.791941	9	48	89	73	1	0	1	0
0.037000	50.083218	10	65	82	136	2	0	2	0
0.032000	50.283733	10	72	92	125	1	0	1	0
0.019000	50.781728	12	41	77	74	1	0	1	0
0.027000	50.505406	18	57	118	130	2	0	2	0
0.040000	51.579739	13	81	138	160	3	0	3	0
0.022000	53.558296	17	50	91	96	4	0	4	0
0.024000	55.014095	21	56	94	121	3	0	3	0
0.002000	57.384667	0	0	0	2	0	0	0	0
0.051000	55.286447	24	105	184	226	3	0	3	0
0.003000	55.901699	0	0	0	2	0	0	0	0
0.027000	54.557271	20	58	148	133	2	0	2	0
0.023000	57.245158	12	49	100	88	1	0	1	0
0.031000	55.759833	7	74	71	110	1	0	1	0
0.046000	50.910216	16	83	125	181	2	0	2	0
0.002000	54.424259	0	0	0	2	0	0	0	0
0.044000	61.152946	15	90	222	180	1	0	1	0
0.002000	57.706152	0	0	0	2	0	0	0	0
0.040000	54.680701	16	77	159	181	5	0	5	0
0.024000	59.641062	12	56	111	92	2	0	2	0
0.044000	57.992438	19	80	153	193	5	0	5	0
0.024000	60.990966	11	55	102	91	2	0	2	0
0.035000	59.841698	11	65	107	125	1	0	1	0
0.031000	57.964850	14	78	118	127	1	0	1	0
0.039000	57.900373	23	72	161	175	3	0	2	1
0.002000	60.016664	0	0	0	2	0	0	0	0
0.038000	61.029648	9	60	97	128	1	0	1	0
0.038000	62.698291	11	72	121	172	2	0	2	0
0.033000	63.853721	13	72	115	177	1	0	1	0
0.002000	65.192024	0	0	0	2	0	0	0	0
0.051000	58.886419	30	93	206	244	4	0	4	0
0.035000	60.838760	10	76	104	154	2	0	2	0
0.004000	61.522354	0	0	0	2	0	0	0	0
0.059000	60.528313	30	93	252	294	4	0	3	1
0.046000	59.939280	25	88	191	226	2	0	2	0
0.040000	62.401618	15	84	135	174	4	0	4	0
0.031000	67.283776	25	70	129	153	5	0	5	0
0.002000	63.788714	0	0	0	2	0	0	0	0
0.043000	63.193112	14	89	146	176	3	0	3	0
0.021000	64.467080	12	47	83	86	2	0	2	0
0.035000	66.732605	11	71	127	162	1	0	1	0
0.039000	65.686720	17	74	159	200	2	0	2	0
0.026000	64.792164	14	60	129	105	3	0	3	0
0.004000	71.028163	0	0	0	2	0	0	0	0
0.031000	67.868843	23	63	157	146	1	0	1	0
0.026000	66.491377	13	58	123	110	3	0	3	0
0.030000	69.158821	21	74	112	145	3	0	2	1
0.026000	71.224146	16	66	164	108	2	0	2	0
0.067000	66.152439	37	115	264	298	4	0	4	0
0.061000	66.095217	28	109	219	268	5	0	5	0
0.046000	69.507122	16	75	162	203	1	0	1	0
0.003000	71.021124	0	0	0	2	0	0	0	0
0.052000	68.486342	26	88	198	269	3	0	3	0
0.066000	67.782808	29	114	254	285	4	0	4	0
0.061000	69.563835	32	127	247	289	2	0	2	0
0.020000	68.046955	9	47	64	71	2	0	2	0
0.028000	72.934481	29	73	115	141	5	0	4	1
0.080000	71.356624	40	124	387	325	5	0	5	0
0.046000	71.093393	19	93	196	205	7	0	7	0
0.045000	74.681329	17	83	179	227	2	0	2	0
0.026000	72.125584	12	59	114	99	2	0	2	0
0.027000	72.860028	11	57	126	99	2	0	2	0
0.028000	77.610767	15	68	134	118	3	0	3	0
0.071000	70.601386	46	131	327	332	4	0	4	0
0.027000	72.338498	20	60	173	123	2	0	2	0
0.003000	74.518454	0	0	0	2	0	0	0	0
0.028000	75.784061	20	65	77	117	3	0	3	0
0.022000	74.574762	22	67	86	129	6	0	6	0
0.025000	76.063679	18	53	106	108	2	0	2	0
0.041000	76.394741	20	82	192	215	2	0	2	0
0.060000	73.952566	31	114	231	272	6	0	6	0
0.031000	80.386830	15	75	156	140	2	0	2	0
0.063000	74.048286	44	122	274	305	4	0	4	0
0.077000	75.612708	65	131	372	391	7	0	7	0
0.028000	77.242181	20	68	156	132	2	0	2	0
0.034000	76.040652	8	70	87	101	2	0	2	0
0.021000	84.066144	6	45	48	69	1	0	1	0
0.077000	78.341371	48	133	447	356	5	0	5	0
0.048000	82.799335	20	84	186	206	4	0	4	0
0.023000	82.129336	16	58	124	105	3	0	3	0
0.044000	80.856600	15	93	161	182	3	0	3	0
0.081000	79.046509	63	148	442	395	6	0	6	0
0.049000	82.008974	22	94	228	249	3	0	3	0
0.008000	83.207956	14	69	152	115	2	0	2	0
0.000000	80.143670	14	83	145	193	2	0	2	0
0.000000	80.174130	34	76	193	186	4	0	4	0
0.000000	82.044332	22	70	89	124	3	0	3	0
0.000000	83.956520	48	87	273	323	7	0	7	0
0.000000	86.548723	28	86	236	193	2	0	1	1
0.111000	80.827653	59	158	552	452	4	0	4	0
0.027000	84.228230	20	63	119	118	4	0	4	0
0.043000	83.454428	18	93	176	193	6	0	6	0
0.096000	83.366562	72	165	518	464	6	0	6	0
0.051000	82.070090	29	108	248	255	6	0	6	0
0.025000	84.946969	17	66	149	118	1	0	1	0
0.026000	84.332970	15	52	125	92	2	0	2	0
0.021000	89.600518	22	58	92	116	1	0	1	0
0.027000	87.418596	22	68	90	131	2	0	1	1
0.053000	88.024955	47	86	251	321	9	0	9	0
0.025000	89.190901	14	58	117	99	2	0	2	0
0.070000	86.531376	37	142	373	338	6	0	6	0
0.036000	91.530385	13	80	129	155	4	0	4	0
0.049000	88.001426	23	96	267	260	4	0	4	0
0.030000	88.557335	18	70	163	124	3	0	3	0
0.074000	85.680291	44	144	402	366	5	0	5	0
0.038000	86.798179	15	82	146	167	3	0	3	0
0.023000	93.392828	21	63	97	123	5	0	4	1
0.046000	88.671377	42	83	212	275	7	0	7	0
0.004000	91.782351	0	0	0	2	0	0	0	0
0.106000	95.132776	44	129	341	423	4	0	4	0
0.048000	89.560013	31	84	260	230	2	0	1	1
0.065000	90.684308	39	97	342	350	3	0	2	1
0.036000	94.750523	16	86	184	139	3	0	3	0
0.104000	89.822664	33	118	300	292	8	0	8	0
0.098000	91.395725	58	146	342	373	4	0	4	0
0.041000	90.574357	24	78	204	152	2	0	1	1
0.100000	96.464761	40	114	353	361	2	0	2	0
0.042000	97.610239	11	87	130	140	1	0	1	0
0.040000	95.044767	19	80	206	134	3	0	3	0
0.068000	93.528205	27	113	211	247	3	0	3	0
0.095000	93.964934	51	151	364	370	4	0	4	0
0.045000	97.131155	18	93	204	157	2	0	2	0
0.068000	95.890183	31	109	255	292	4	0	4	0
0.093000	94.789305	59	140	369	374	4	0	4	0
0.064000	93.990012	33	86	275	202	2	0	1	1
0.052000	98.097909	27	74	178	150	4	0	4	0
0.028000	99.168255	20	53	93	107	5	0	4	1
0.024000	102.401754	15	59	82	108	2	0	2	0
0.152000	96.175200	74	181	706	558	5	0	5	0
0.103000	97.814539	37	142	384	353	4	0	4	0
0.042000	102.405793	22	88	220	148	3	0	3	0
0.112000	97.538912	54	166	480	432	4	0	4	0
0.047000	102.513745	25	88	239	175	4	0	4	0
0.072000	98.745128	28	123	249	256	3	0	3	0
0.139000	98.957197	92	169	517	496	6	0	6	0
0.078000	97.813827	62	137	374	378	4	0	4	0
0.043000	103.894178	37	83	215	214	4	0	4	0
0.057000	102.616709	47	96	236	298	6	0	6	0
0.004000	101.651365	0	0	0	2	0	0	0	0
0.116000	100.894734	75	181	668	583	4	0	4	0
0.114000	100.599234	69	162	608	497	5	0	5	0
0.040000	107.245585	25	90	237	171	4	0	4	0
0.111000	103.437817	67	175	618	526	4	0	4	0
0.038000	103.452031	18	94	198	151	3	0	3	0
0.054000	101.631960	47	105	347	259	4	0	4	0
0.067000	105.165835	35	118	290	310	4	0	4	0
0.081000	106.069378	62	101	291	352	6	0	6	0
0.022000	109.447115	14	69	84	113	3	0	3	0
0.119000	109.549538	68	136	494	465	3	0	3	0
0.178000	109.371105	124	209	829	819	5	0	5	0
0.072000	106.369320	28	108	262	281	3	0	3	0
0.121000	105.839046	99	182	622	529	4	0	4	0
0.076000	105.453050	45	142	360	362	7	0	7	0
0.066000	105.382809	37	121	330	329	4	0	4	0
0.067000	108.399876	37	121	326	345	4	0	4	0
0.091000	105.627992	61	151	469	434	6	0	6	0
0.062000	115.628123	43	120	273	290	6	0	6	0
0.058000	109.142275	15	79	160	161	1	0	1	0
0.053000	110.924604	23	100	224	228	4	0	4	0
0.113000	109.462764	94	186	620	517	4	0	4	0
0.046000	113.471251	23	99	163	166	6	0	6	0
0.092000	110.588144	73	170	418	428	4	0	4	0
0.079000	108.505194	63	121	418	336	4	0	4	0
0.112000	111.725719	91	185	544	503	3	0	3	0
0.119000	110.426708	109	195	639	573	4	0	4	0
0.646000	109.898886	122	204	769	637	3	0	3	0
0.098000	112.690292	53	104	295	349	4	0	4	0
0.092000	118.721422	52	125	351	338	5	0	5	0
0.071000	115.036974	47	111	281	311	5	0	5	0
0.063000	115.658576	10	78	106	130	1	0	1	0
0.148000	113.297672	97	186	719	644	3	0	3	0
0.059000	112.663115	23	103	221	222	3	0	3	0
0.075000	113.038110	45	148	331	324	3	0	3	0
0.115000	116.832385	99	176	632	516	5	0	5	0
0.040000	114.626506	17	99	184	161	2	0	2	0
0.090000	112.350748	77	168	443	437	4	0	4	0
0.059000	117.496688	53	100	297	340	6	0	6	0
0.058000	122.131945	35	116	250	270	4	0	4	0
0.049000	118.265240	37	113	221	266	5	0	5	0
0.035000	115.550268	27	84	123	168	7	0	7	0
0.154000	118.357032	108	198	954	671	6	0	6	0
0.056000	117.119109	27	111	328	281	4	0	4	0
0.055000	121.432298	29	123	253	215	5	0	5	0
0.069000	121.483354	52	138	381	308	5	0	5	0
0.048000	118.440803	22	118	244	204	2	0	2	0
0.119000	121.852042	81	157	529	438	4	0	4	0
0.044000	122.030713	29	86	127	172	4	0	4	0
0.036000	120.798695	28	85	140	173	4	0	4	0
0.060000	122.611028	50	109	315	309	7	0	7	0
0.056000	122.881423	57	110	350	366	7	0	7	0
0.066000	123.889063	26	126	267	271	5	0	5	0
0.037000	126.128237	16	80	88	121	3	0	3	0
0.089000	123.406427	52	136	420	402	4	0	4	0
0.084000	122.087492	61	158	459	429	4	0	4	0
0.067000	120.258816	40	127	398	360	4	0	4	0
0.087000	119.256494	61	176	558	476	5	0	5	0
0.066000	127.657237	62	112	366	383	9	0	9	0
0.061000	129.902111	43	124	291	299	4	0	4	0
0.000000	123.449300	54	109	301	344	3	0	3	0
0.037000	126.996355	37	99	228	241	8	0	8	0
0.092000	127.479578	70	156	466	494	8	0	7	1
0.049000	127.578200	33	96	194	223	3	0	2	1
0.113000	124.250278	50	174	489	463	7	0	7	0
0.063000	127.377144	34	125	367	326	4	0	4	0
0.113000	122.090147	80	184	609	525	4	0	4	0
0.101000	123.706257	113	170	594	482	5	0	4	1
0.060000	131.045770	43	115	245	283	5	0	4	1
0.040000	136.158292	17	71	92	125	3	0	3	0
0.072000	130.187274	30	136	331	310	6	0	6	0
0.052000	131.620240	29	123	274	218	5	0	5	0
0.075000	131.239170	56	136	413	348	4	0	4	0
0.151000	127.083912	102	225	827	727	5	0	5	0
0.105000	126.073570	80	181	577	511	5	0	5	0
0.102000	128.045694	101	178	587	507	4	0	4	0
0.060000	129.251957	47	129	352	278	4	0	3	1
0.119000	127.218013	121	194	682	577	5	0	5	0
0.039000	135.087270	29	84	140	172	4	0	4	0
0.442000	133.871970	62	126	358	394	5	0	4	1
0.059000	130.876427	34	112	206	248	4	0	3	1
0.070000	135.653435	29	122	217	266	4	0	4	0
0.075000	135.169365	52	138	405	312	4	0	4	0
0.081000	132.143549	48	138	447	394	5	0	5	0
0.084000	133.669230	70	155	465	421	5	0	5	0
0.093000	131.024263	76	165	512	455	6	0	6	0
0.054000	130.454623	26	110	264	212	2	0	1	1
0.061000	131.691156	42	121	296	269	2	0	2	0
0.107000	137.227768	99	164	584	590	6	0	5	1
0.062000	132.673823	59	113	330	365	4	0	4	0
0.067000	137.480365	55	118	357	371	8	0	8	0
0.077000	140.245713	55	136	366	395	6	0	6	0
0.068000	136.118108	69	117	379	394	8	0	8	0
0.052000	137.609497	32	109	194	235	3	0	2	1
0.062000	137.988644	28	114	296	249	4	0	4	0
0.845000	137.505504	183	314	1467	1137	8	0	8	0
0.094000	142.909737	34	145	319	261	4	0	4	0
0.101000	140.735369	51	134	474	393	4	0	4	0
0.117000	140.705817	80	153	492	530	8	0	7	1
0.124000	138.528916	89	157	507	553	6	0	5	1
0.097000	141.853054	80	153	494	531	6	0	5	1
0.034000	145.465353	19	70	93	125	2	0	1	1
0.225000	137.514295	129	213	1053	834	6	0	6	0
0.084000	143.628338	25	122	284	255	5	0	5	0
0.078000	140.363612	45	121	338	275	5	0	5	0
0.289000	143.262637	205	328	1626	1204	7	0	7	0
0.096000	142.527796	51	190	496	406	4	0	4	0
0.069000	145.768883	52	128	393	290	3	0	2	1
0.067000	142.452208	56	121	344	358	7	0	7	0
0.056000	144.206631	52	124	316	325	6	0	6	0
0.036000	147.228297	29	84	141	172	4	0	4	0
0.101000	149.892594	70	147	507	496	3	0	3	0
0.106000	142.411998	100	170	597	590	7	0	6	1
0.075000	145.370390	66	128	418	430	4	0	3	1
0.048000	143.924516	38	104	263	243	9	0	9	0
0.077000	142.482522	32	137	346	326	5	0	5	0
0.113000	142.483361	74	210	647	545	4	0	4	0
0.107000	143.965034	77	189	718	545	6	0	6	0
0.104000	147.401751	92	176	584	573	6	0	5	1
0.051000	151.045516	42	106	283	250	5	0	5	0
0.055000	146.704269	37	107	200	236	3	0	1	2
0.030000	149.821466	16	71	89	125	4	0	3	1
0.044000	151.827812	24	96	188	169	5	0	5	0
0.092000	151.853242	42	179	471	383	6	0	6	0
0.058000	150.168171	33	125	339	260	5	0	4	1
0.154000	149.591203	123	244	984	776	5	0	5	0
0.080000	150.081096	50	151	465	401	5	0	5	0
0.092000	149.459391	89	206	748	607	6	0	6	0
0.065000	155.765419	33	125	223	262	5	0	5	0
0.057000	154.446674	46	126	336	291	8	0	7	1
0.050000	153.247458	45	122	314	279	7	0	6	1
0.053000	148.239535	40	114	294	262	9	0	9	0
0.060000	155.993991	22	102	251	222	4	0	4	0
0.105000	149.794697	100	159	593	453	9	0	9	0
0.130000	149.297888	91	206	792	646	5	0	5	0
0.094000	154.755004	66	158	591	481	5	0	5	0
0.125000	150.970556	94	222	764	620	6	0	6	0
0.130000	153.116696	107	202	703	632	4	0	3	1
0.055000	158.143376	45	120	320	284	8	0	8	0
0.063000	156.441108	58	136	420	370	7	0	7	0
0.057000	159.033878	36	105	187	222	2	0	1	1
0.102000	158.289790	57	142	537	516	5	0	5	0
0.068000	155.999635	37	137	392	324	5	0	4	1
0.064000	155.606310	39	134	415	351	6	0	5	1
0.155000	157.049599	123	230	1042	778	7	0	7	0
0.073000	158.065959	36	133	389	348	3	0	2	1
0.226000	159.657107	170	310	1321	1106	4	0	4	0
0.073000	155.339109	48	133	440	376	3	0	1	2
0.037000	167.482874	24	89	150	186	3	0	3	0
0.051000	166.880452	30	111	216	243	5	0	5	0
0.095000	163.781027	89	148	568	523	7	0	7	0
0.167000	158.574741	141	224	1068	873	6	0	6	0
0.109000	164.567583	99	166	644	552	7	0	7	0
0.091000	161.141541	57	157	542	456	5	0	5	0
0.201000	160.254255	154	297	1227	968	5	0	5	0
0.168000	157.522915	140	260	1078	848	5	0	5	0
0.143000	158.849778	122	238	956	755	5	0	5	0
0.107000	160.912860	93	163	596	547	6	0	6	0
0.074000	164.274040	61	135	445	395	8	0	8	0
0.073000	168.287536	66	144	464	431	8	0	8	0
0.081000	166.904212	69	147	461	492	8	0	7	1
0.134000	161.741293	122	207	716	608	6	0	6	0
0.130000	164.379989	133	207	712	625	7	0	7	0
0.310000	163.824846	204	331	1542	1276	5	0	4	1
0.060000	162.602195	39	120	314	258	4	0	4	0
0.190000	162.380873	153	240	1160	912	6	0	6	0
0.186000	164.429811	158	251	1270	940	7	0	7	0
0.255000	164.870118	196	327	1425	1225	5	0	4	1
0.132000	171.269819	91	215	760	691	7	0	7	0
0.071000	164.408966	65	134	456	395	5	0	4	1
0.091000	169.980489	75	160	538	523	7	0	6	1
0.177000	169.144286	112	190	906	826	5	0	5	0
0.178000	172.843952	145	210	1113	930	5	0	5	0
0.134000	167.861993	130	205	685	596	7	0	7	0
0.067000	168.437718	38	134	402	313	6	0	4	2
0.295000	168.043984	249	388	1932	1448	7	0	7	0
0.227000	168.417163	179	306	1364	1042	5	0	5	0
0.224000	167.957046	180	306	1333	1075	5	0	5	0
0.135000	175.004938	97	155	622	547	8	0	8	0
0.098000	170.619236	68	146	510	418	8	0	7	1
0.103000	170.037186	71	138	497	451	5	0	4	1
0.094000	175.396948	49	138	335	371	4	0	2	2
0.082000	173.820510	34	118	273	273	5	0	5	0
0.116000	170.937166	69	157	465	460	5	0	4	1
0.217000	172.302237	107	189	869	806	5	0	5	0
0.053000	172.195455	57	139	515	421	4	0	3	1
0.128000	170.553522	277	394	2001	1562	8	0	8	0
0.075000	169.789725	38	127	373	335	4	0	3	1
0.094000	177.244413	81	147	497	475	5	0	5	0
0.089000	179.241621	81	147	525	483	6	0	6	0
0.199000	176.399355	132	237	974	857	6	0	5	1
0.101000	176.046455	79	168	586	542	6	0	5	1
0.057000	175.679345	41	116	251	264	2	0	1	1
0.088000	177.800607	91	152	561	515	7	0	7	0
0.058000	175.912098	38	129	268	289	5	0	5	0
0.147000	175.102406	101	227	830	771	10	0	10	0
0.135000	172.408316	115	210	789	662	10	0	10	0
1.086000	177.360970	262	384	1881	1487	7	0	7	0
0.111000	179.443700	73	155	514	509	7	0	6	1
0.189000	182.462529	125	234	930	832	5	0	4	1
0.165000	179.582376	125	237	985	841	6	0	6	0
0.063000	178.825431	53	135	419	352	8	0	8	0
0.079000	179.600266	68	150	466	419	5	0	4	1
0.173000	179.127818	73	149	523	435	5	0	3	2
0.062000	180.859984	35	132	253	269	4	0	3	1
0.181000	181.075215	156	259	1154	944	9	0	8	1
0.141000	181.130963	120	200	917	656	8	0	7	1
0.014000	175.573449	95	171	737	566	6	0	5	1
0.171000	185.647417	136	246	1004	878	5	0	4	1
0.079000	180.748519	73	149	524	420	5	0	4	1
0.063000	185.148846	42	136	317	298	5	0	5	0
0.160000	186.864529	123	243	941	849	3	0	2	1
0.162000	186.626843	150	238	1008	802	8	0	8	0
0.131000	182.985363	132	209	752	602	9	0	9	0
0.135000	183.127120	93	187	772	613	4	0	3	1
0.095000	182.648036	84	155	555	492	5	0	5	0
0.118000	178.714016	108	202	699	581	8	0	8	0
0.161000	183.467335	105	195	872	817	6	0	6	0
0.070000	192.556072	39	155	323	333	7	0	7	0
0.077000	186.269292	73	148	495	409	6	0	4	2
0.176000	188.892740	132	249	1037	875	6	0	5	1
0.157000	188.426108	119	193	936	834	6	0	6	0
0.141000	184.895494	131	199	882	707	7	0	6	1
0.344000	185.610401	99	180	786	620	5	0	4	1
0.154000	183.297768	105	171	739	586	6	0	4	2
0.111000	186.139670	67	152	608	491	4	0	3	1
0.140000	188.800727	110	189	860	688	5	0	5	0
0.214000	189.168179	176	256	1274	1043	6	0	6	0
0.200000	192.202098	102	231	889	766	7	0	7	0
0.105000	192.908463	50	159	381	377	6	0	6	0
0.110000	194.322677	56	168	418	410	6	0	6	0
0.316000	194.034633	263	368	1934	1472	6	0	6	0
0.000000	187.418046	127	199	871	695	6	0	5	1
0.135000	187.650380	98	181	760	640	4	0	4	0
0.163000	190.201699	98	250	1061	804	9	0	9	0
0.087000	193.816078	53	167	510	427	6	0	5	1
0.132000	191.729323	100	194	803	644	4	0	3	1
0.176000	187.874392	115	218	763	655	8	0	8	0
0.237000	197.119112	162	248	1185	1025	9	0	9	0
0.131000	194.192944	79	170	632	544	6	0	6	0
0.133000	198.752731	84	196	693	651	7	0	7	0
0.084000	195.953369	49	141	332	348	4	0	3	1
0.086000	198.217763	54	159	389	404	5	0	4	1
0.203000	197.348520	168	270	1271	984	5	0	4	1
0.155000	195.488970	125	237	943	827	4	0	2	2
0.162000	199.217521	130	245	987	864	6	0	5	1
0.069000	196.411987	42	156	363	332	4	0	4	0
0.223000	194.413524	165	247	1248	1006	5	0	5	0
0.079000	198.156247	54	144	343	356	4	0	3	1
0.152000	201.401796	110	206	848	774	7	0	7	0
0.132000	199.956756	139	178	832	705	8	0	8	0
0.082000	200.840035	44	157	410	364	7	0	7	0
0.242000	200.333606	269	376	1996	1490	4	0	4	0
0.262000	199.407184	187	292	1358	1175	5	0	5	0
0.350000	202.208729	294	392	2160	1586	6	0	6	0
0.284000	200.659353	225	327	1819	1321	8	0	7	1
0.170000	199.158912	122	264	1254	899	8	0	8	0
0.159000	199.688469	129	228	961	729	8	0	7	1
0.109000	203.988530	71	193	513	525	4	0	3	1
0.077000	208.845044	48	164	397	379	7	0	7	0
0.256000	205.526634	227	334	1568	1276	7	0	6	1
0.156000	203.152716	158	217	924	804	10	0	10	0
0.061000	202.813159	36	140	235	271	5	0	4	1
0.257000	201.628987	196	286	1466	1188	5	0	5	0
0.243000	204.398881	202	320	1520	1184	9	0	8	1
0.142000	200.519872	126	201	861	682	6	0	5	1
0.128000	198.832773	116	193	851	698	5	0	4	1
0.191000	200.313405	178	245	1124	913	7	0	6	1
0.113000	202.409068	94	192	680	546	6	0	6	0
0.170000	205.067568	162	238	1093	868	5	0	5	0
0.132000	202.109303	107	195	831	676	5	0	5	0
0.140000	204.689535	174	284	1195	936	8	0	8	0
0.160000	203.418977	159	225	1062	823	5	0	4	1
0.215000	208.821290	181	289	1245	1001	7	0	6	1
0.266000	204.964825	225	337	1692	1295	9	0	8	1
0.130000	204.127599	131	227	972	732	9	0	8	1
0.259000	206.501000	206	334	1650	1250	8	0	7	1
0.283000	206.644445	240	351	2059	1413	9	0	9	0
0.195000	212.067837	142	263	1282	1031	10	0	10	0
0.349000	210.162812	275	386	2292	1554	7	0	6	1
0.404000	209.923519	240	342	1891	1401	8	0	7	1
0.336000	211.563514	261	375	2184	1483	6	0	5	1
0.322000	211.871729	249	347	1804	1422	7	0	7	0
0.275000	211.559341	203	329	1472	1210	7	0	7	0
0.197000	207.927647	167	248	1029	871	7	0	7	0
0.323000	212.391069	261	353	1839	1494	7	0	7	0
0.577000	212.115678	250	363	1826	1428	5	0	5	0
0.342000	211.783658	254	350	2053	1433	9	0	9	0
0.089000	215.508961	38	140	260	273	5	0	4	1
0.067000	218.406762	35	135	258	271	4	0	3	1
0.092000	218.342109	57	175	468	430	6	0	6	0
0.376000	219.832004	319	405	2326	1687	7	0	7	0
0.277000	213.584284	249	370	1867	1408	8	0	8	0
0.294000	214.676437	245	366	2071	1433	6	0	5	1
0.425000	214.425787	254	360	1837	1455	8	0	8	0
0.300000	215.952496	235	347	1694	1361	7	0	7	0
0.149000	212.445082	145	209	888	760	10	0	10	0
0.307000	217.646442	268	387	1980	1524	5	0	5	0
0.335000	221.502293	304	409	2360	1655	7	0	7	0
0.072000	214.891301	99	173	748	606	6	0	6	0
0.099000	214.615219	95	181	736	609	6	0	4	2
0.294000	216.550716	232	357	1988	1416	6	0	6	0
0.315000	217.308220	281	393	2292	1606	7	0	7	0
0.410000	220.582144	398	466	3037	1993	8	0	8	0
0.124000	216.667257	91	194	775	622	6	0	5	1
0.191000	218.267262	175	250	1122	908	6	0	6	0
0.344000	217.998666	283	369	2032	1580	9	0	9	0
0.350000	219.081977	313	386	2298	1672	9	0	8	1
0.092000	224.005770	52	169	421	404	5	0	5	0
0.343000	223.598660	313	413	2383	1665	7	0	7	0
0.238000	220.073679	133	187	915	716	6	0	6	0
0.292000	221.705619	217	333	1754	1319	8	0	7	1
0.408000	223.355387	388	463	3050	1964	7	0	6	1
0.270000	221.685068	231	341	1712	1331	10	0	10	0
0.568000	225.961538	267	374	1914	1514	8	0	8	0
0.289000	221.018676	201	326	1429	1182	8	0	8	0
0.198000	218.482282	167	248	1025	860	7	0	6	1
0.194000	216.496215	158	234	1011	836	6	0	4	2
0.352000	227.912354	311	408	2368	1658	10	0	10	0
0.421000	225.779358	403	472	3177	2010	7	0	6	1
0.125000	222.950422	109	189	860	671	5	0	3	2
0.146000	220.557620	138	209	918	734	6	0	5	1
0.174000	223.226403	163	238	1034	843	5	0	5	0
0.193000	224.594878	179	252	1134	920	7	0	6	1
0.162000	221.323731	158	234	993	833	7	0	5	2
0.334000	224.041795	323	422	2283	1734	6	0	6	0
0.318000	222.970994	257	364	2035	1506	8	0	7	1
0.323000	228.383566	377	474	3134	1962	8	0	8	0
0.321000	228.402391	265	365	1846	1486	9	0	9	0
0.287000	224.622927	238	346	1607	1332	7	0	6	1
0.187000	224.917344	177	252	1106	908	5	0	5	0
0.343000	227.861032	220	338	1677	1275	8	0	7	1
0.332000	231.090864	283	377	2115	1610	8	0	8	0
0.342000	232.491891	313	415	2367	1665	7	0	7	0
0.177000	230.341809	174	248	1015	900	9	0	9	0
0.056000	227.596157	154	217	982	796	8	0	8	0
0.180000	225.651237	166	245	1161	886	8	0	7	1
0.251000	226.593539	189	325	1531	1171	8	0	7	1
0.097000	234.894020	65	184	506	475	8	0	8	0
0.400000	237.623661	370	451	2660	1882	6	0	6	0
0.260000	237.508727	376	461	2724	1928	10	0	10	0
0.219000	234.259102	276	380	2083	1552	10	0	10	0
0.256000	232.080921	227	347	1628	1316	10	0	10	0
0.365000	232.354986	315	395	2163	1688	7	0	7	0
0.302000	232.585693	249	360	1682	1428	8	0	8	0
0.995000	232.227271	291	379	2186	1630	8	0	7	1
0.456000	233.109405	398	480	3239	2002	7	0	6	1
0.382000	236.372051	334	419	2459	1770	6	0	6	0
0.276000	236.987682	233	354	2072	1366	6	0	5	1
0.180000	236.780453	172	247	999	894	10	0	10	0
0.315000	236.116043	271	392	2128	1567	9	0	9	0
0.277000	239.043322	313	414	2354	1677	8	0	8	0
0.307000	237.119321	242	342	1987	1402	9	0	9	0
0.243000	235.039733	205	334	1697	1259	6	0	5	1
0.122000	232.254825	105	172	780	634	6	0	6	0
0.302000	235.556169	248	359	1674	1427	7	0	7	0
0.374000	238.648917	319	466	2546	1792	6	0	6	0
0.150000	233.694924	139	217	840	749	8	0	8	0
0.116000	245.928341	69	199	624	540	6	0	5	1
0.394000	242.471093	371	460	2589	1893	11	0	11	0
0.394000	242.110555	358	444	2538	1849	10	0	10	0
0.197000	241.051376	198	288	1301	1006	8	0	8	0
0.315000	242.265511	267	376	1962	1545	10	0	10	0
0.355000	245.247451	318	391	2149	1702	8	0	8	0
0.138000	237.042838	129	200	795	689	8	0	8	0
0.250000	242.339398	272	374	2008	1536	12	0	12	0
0.328000	238.211769	266	368	1865	1525	7	0	7	0
0.334000	239.509577	288	374	1946	1583	8	0	8	0
0.157000	241.607327	162	231	1077	837	9	0	9	0
0.172000	245.254899	183	270	1224	931	8	0	8	0
0.300000	246.476749	237	360	1725	1392	9	0	9	0
0.221000	240.327828	188	303	1213	1047	10	0	9	1
0.361000	241.147088	332	463	2504	1807	6	0	6	0
0.417000	244.635352	413	491	3112	2050	5	0	5	0
0.432000	244.882060	416	482	2883	2055	11	0	11	0
0.198000	243.673073	196	287	1323	1024	7	0	6	1
0.353000	245.917131	309	389	2315	1665	9	0	9	0
0.335000	247.550898	328	415	2443	1704	9	0	9	0
0.426000	249.981104	334	416	2525	1726	9	0	9	0
0.400000	247.183154	373	476	3163	1965	7	0	7	0
0.300000	250.544376	242	369	1788	1439	9	0	9	0
0.326000	247.101223	270	363	1815	1539	9	0	8	1
0.293000	245.594167	243	359	1668	1426	9	0	8	1
0.269000	245.030160	229	352	1581	1332	9	0	9	0
0.210000	245.397187	205	288	1384	1055	8	0	7	1
0.438000	250.696057	440	494	3330	2101	8	0	8	0
0.424000	248.911728	404	479	2754	2015	10	0	10	0
0.352000	248.092205	305	441	2644	1707	7	0	7	0
0.987000	253.524411	333	413	2429	1772	13	0	13	0
0.386000	251.923702	295	398	2209	1650	11	0	11	0
0.366000	254.185546	290	395	2073	1646	10	0	10	0
0.307000	253.442933	263	379	1920	1519	11	0	11	0
0.333000	252.232059	278	387	1976	1593	9	0	9	0
0.301000	250.614907	252	358	1809	1406	10	0	10	0
0.272000	249.514159	227	353	1597	1326	10	0	10	0
0.383000	255.199971	353	475	2799	1883	6	0	6	0
0.172000	251.644042	182	268	1199	923	8	0	8	0
0.434000	252.039745	411	500	3373	2072	8	0	8	0
0.134000	259.283749	150	265	1260	1130	9	0	9	0
0.441000	257.788816	429	485	2868	2076	10	0	10	0
0.357000	255.043619	300	402	2275	1680	11	0	11	0
0.335000	257.021517	284	389	2011	1637	8	0	8	0
0.333000	253.879098	277	364	1826	1558	7	0	6	1
0.148000	252.869112	141	213	832	750	9	0	9	0
0.253000	256.081229	221	375	1651	1281	8	0	7	1
0.255000	254.268119	240	373	1763	1355	9	0	9	0
0.443000	253.051548	436	493	3395	2102	7	0	7	0
0.000000	254.915181	241	361	1748	1413	10	0	10	0
0.266000	265.171909	227	325	1788	1389	12	0	12	0
0.207000	258.940318	210	307	1399	1059	8	0	8	0
0.544000	260.983953	266	364	1865	1459	11	0	11	0
0.230000	256.299452	229	317	1540	1155	9	0	9	0
0.307000	257.026066	280	394	2060	1533	8	0	8	0
0.217000	258.137225	183	255	1233	929	11	0	11	0
0.308000	261.192180	230	351	1656	1328	9	0	9	0
0.250000	258.159664	199	294	1220	1026	10	0	9	1
0.319000	259.864115	241	352	1664	1345	10	0	10	0
0.241000	257.970359	210	308	1430	1074	8	0	8	0
0.392000	263.426849	341	419	2490	1800	14	0	14	0
0.438000	266.712385	418	483	2825	2047	10	0	10	0
0.300000	260.835294	211	310	1406	1076	8	0	8	0
0.270000	260.531135	228	353	1568	1326	10	0	10	0
0.279000	260.253436	232	349	1631	1327	11	0	11	0
0.207000	262.118054	202	305	1370	1071	7	0	6	1
0.107000	259.332151	249	384	1854	1431	8	0	8	0
0.164000	262.280015	234	327	1526	1150	8	0	8	0
0.386000	267.402684	354	425	2558	1828	13	0	13	0
0.486000	261.262816	450	495	3464	2132	7	0	7	0
0.255000	270.223691	177	285	1483	1237	8	0	7	1
0.319000	266.400426	272	375	1983	1520	12	0	12	0
0.266000	263.285451	244	382	1851	1391	8	0	7	1
0.293000	267.654470	234	351	1636	1330	9	0	9	0
0.215000	264.655263	216	317	1425	1092	8	0	8	0
0.495000	267.817211	384	496	2987	1980	10	0	10	0
1.202000	267.854437	426	497	3515	2101	10	0	10	0
0.576000	268.216149	353	424	2566	1833	13	0	13	0
0.203000	267.171713	203	302	1389	1054	9	0	9	0
0.179000	266.275464	190	252	1243	937	11	0	11	0
0.315000	273.916704	260	363	2136	1515	9	0	8	1
0.249000	273.770565	207	311	1699	1338	10	0	9	1
0.371000	271.425590	329	413	2359	1759	11	0	10	1
0.276000	270.535243	238	352	1658	1344	11	0	11	0
0.321000	271.951839	277	378	2053	1557	11	0	11	0
0.230000	268.715925	228	325	1504	1135	8	0	8	0
0.214000	268.890697	231	307	1517	1126	8	0	7	1
0.167000	271.013984	184	267	1253	934	10	0	10	0
0.167000	269.106866	180	261	1233	919	10	0	10	0
0.164000	270.273843	182	267	1259	921	9	0	9	0
0.302000	274.990234	258	374	2093	1528	7	0	6	1
0.338000	275.647426	209	351	1848	1416	11	0	11	0
0.465000	276.732912	440	496	3534	2137	11	0	11	0
0.475000	274.540704	352	421	2531	1828	13	0	13	0
0.260000	269.399715	227	303	1471	1113	8	0	7	1
0.301000	272.674618	240	339	1587	1198	8	0	8	0
0.434000	277.089712	432	495	3448	2116	10	0	10	0
0.354000	279.064063	307	397	2273	1673	11	0	11	0
0.185000	272.484196	205	269	1355	992	11	0	11	0
0.182000	273.879900	215	285	1393	1031	12	0	12	0
0.768000	284.195166	364	426	2667	1828	8	0	7	1
0.461000	284.423360	386	457	2836	1919	12	0	12	0
0.357000	279.570382	251	377	2005	1519	9	0	8	1
0.372000	280.350697	306	399	2377	1671	8	0	7	1
0.172000	278.614470	184	260	1229	935	10	0	10	0
0.173000	277.890997	195	258	1286	957	11	0	11	0
0.275000	280.373341	216	286	1400	1030	9	0	9	0
0.168000	278.591842	183	258	1249	930	10	0	10	0
0.168000	277.289028	184	255	1233	929	11	0	11	0
0.366000	280.241641	321	404	2598	1732	9	0	9	0
0.089000	283.085620	331	406	2470	1741	8	0	7	1
0.412000	286.713153	389	457	2868	1928	11	0	11	0
0.108000	284.088884	308	395	2539	1686	11	0	11	0
0.426000	286.921893	411	485	3032	2007	10	0	10	0
0.459000	285.665518	430	493	3362	2109	10	0	10	0
0.195000	281.053690	209	274	1375	1003	11	0	11	0
0.180000	279.823848	184	260	1219	932	10	0	10	0
0.211000	280.757334	215	319	1494	1092	9	0	9	0
0.463000	285.204861	462	510	3606	2193	12	0	12	0
0.178000	281.429822	182	255	1211	929	10	0	10	0
0.314000	288.894365	227	356	1971	1462	11	0	11	0
0.398000	290.101059	373	445	2752	1860	10	0	9	1
0.266000	287.365890	195	325	1674	1339	13	0	13	0
0.950000	289.368425	403	485	3003	1976	8	0	7	1
0.215000	284.007210	216	319	1478	1092	9	0	9	0
0.443000	287.564462	432	495	3486	2110	9	0	8	1
0.439000	287.709485	445	501	3551	2142	10	0	9	1
0.181000	284.875131	195	256	1283	954	11	0	11	0
0.463000	291.225818	463	507	3319	2156	10	0	9	1
0.242000	284.898061	203	306	1632	1319	13	0	12	1
0.244000	292.441604	205	305	1665	1321	11	0	10	1
0.417000	291.906869	403	483	2946	1973	12	0	11	1
0.462000	289.525759	444	495	3537	2140	12	0	12	0
0.181000	288.034336	210	273	1336	997	11	0	11	0
0.171000	286.714957	195	255	1265	951	11	0	11	0
0.002000	294.569995	368	432	2824	1849	11	0	11	0
0.391000	290.772307	365	430	2729	1844	12	0	12	0
0.407000	297.017852	403	470	2998	1980	9	0	9	0
0.477000	292.078587	252	373	2021	1515	9	0	8	1
0.367000	290.349793	329	408	2608	1749	8	0	8	0
0.337000	295.929177	261	377	2196	1568	12	0	12	0
0.375000	294.585798	329	408	2598	1751	9	0	8	1
0.315000	296.933068	335	415	2608	1775	9	0	9	0
0.380000	294.862146	352	413	2603	1788	8	0	6	2
0.356000	294.180947	317	406	2438	1712	10	0	9	1
0.374000	292.248730	343	421	2666	1799	12	0	12	0
0.460000	295.262774	351	417	2724	1804	10	0	10	0
0.437000	295.564273	473	515	3319	2181	9	0	8	1
0.373000	294.655622	336	412	2673	1770	9	0	9	0
0.413000	297.286729	443	509	3134	2108	8	0	7	1
0.388000	301.121924	373	443	2789	1879	10	0	10	0
0.425000	301.914978	435	495	3104	2067	11	0	11	0
0.245000	298.192703	311	401	2454	1687	9	0	8	1
0.377000	298.503841	331	408	2563	1746	8	0	7	1
0.393000	300.300457	375	444	2877	1882	9	0	9	0
0.411000	299.552440	373	443	2784	1875	11	0	11	0
0.424000	299.575304	399	458	2942	1944	12	0	12	0
0.474000	297.832251	305	401	2404	1680	10	0	9	1
0.526000	299.733079	368	438	2756	1862	12	0	12	0
0.385000	299.598385	371	433	2810	1858	9	0	9	0
0.370000	304.244092	350	417	2676	1805	9	0	9	0
0.122000	306.243669	472	517	3183	2171	10	0	9	1
0.384000	301.626265	349	418	2671	1801	12	0	12	0
0.436000	303.321014	472	517	3180	2170	8	0	7	1
1.046000	302.847092	472	517	3213	2169	8	0	7	1
0.401000	298.342937	326	409	2472	1733	11	0	10	1
0.451000	305.437053	462	514	3227	2161	10	0	9	1
0.144000	303.761556	94	250	865	699	9	0	8	1
0.143000	305.408948	97	251	887	713	9	0	8	1
0.117000	304.214753	85	219	761	615	8	0	8	0
0.427000	307.018670	454	516	3111	2145	8	0	7	1
0.354000	308.123922	457	517	3096	2149	9	0	8	1
0.417000	304.310819	441	508	3138	2095	10	0	9	1
0.381000	304.440038	361	423	2716	1830	12	0	12	0
0.419000	309.030892	448	522	3142	2151	10	0	9	1
0.428000	308.570726	471	515	3140	2162	8	0	7	1
0.185000	311.660302	123	272	1142	908	8	0	7	1
0.116000	309.346748	84	206	676	586	8	0	7	1
0.157000	308.708527	113	261	1041	822	9	0	8	1
0.364000	306.854936	357	462	2864	1901	12	0	11	1
0.410000	314.307833	403	470	2912	1978	9	0	8	1
0.383000	312.375083	360	427	2726	1838	11	0	11	0
0.357000	313.945860	403	470	2947	1982	9	0	9	0
0.472000	311.275308	369	432	2791	1851	9	0	8	1
0.428000	311.533290	441	515	3179	2115	12	0	11	1
0.445000	309.341467	480	520	3335	2194	12	0	11	1
0.435000	311.510701	480	517	3178	2185	9	0	8	1
0.436000	315.016563	476	517	3207	2175	9	0	8	1
0.360000	309.018073	328	407	2540	1727	11	0	10	1
0.452000	312.056260	484	524	3303	2210	12	0	11	1
0.427000	314.092554	460	517	3085	2148	11	0	10	1
0.365000	314.563604	424	493	3008	2037	13	0	12	1
0.453000	316.013611	484	524	3276	2210	12	0	11	1
0.440000	316.721670	472	519	3188	2188	11	0	10	1
0.427000	313.803442	452	516	3089	2133	12	0	11	1
0.378000	311.057316	361	426	2719	1836	12	0	12	0
0.421000	317.777413	440	521	3177	2121	11	0	10	1
0.431000	316.001378	452	524	3270	2161	11	0	10	1
0.422000	314.393684	443	518	3174	2119	11	0	10	1
0.434000	314.886036	453	512	3157	2146	11	0	10	1
1.117000	317.878238	361	423	2774	1833	11	0	11	0
0.439000	319.788420	442	522	3128	2128	11	0	10	1
0.433000	319.333762	462	521	3300	2186	12	0	11	1
0.402000	314.639277	392	457	2883	1933	11	0	11	0
0.439000	317.923677	474	522	3144	2181	9	0	8	1
0.427000	320.850359	456	523	3131	2159	9	0	8	1
0.445000	319.494414	482	521	3239	2197	12	0	11	1
0.143000	319.248820	97	253	913	715	9	0	8	1
0.190000	316.804612	140	281	1250	1019	8	0	7	1
0.068000	318.624595	125	272	1163	899	11	0	10	1
0.442000	320.942063	477	520	3140	2181	12	0	11	1
0.438000	326.335169	479	517	3096	2188	10	0	9	1
0.440000	325.782266	479	520	3148	2190	9	0	8	1
0.411000	320.678898	438	513	3084	2100	13	0	12	1
0.438000	322.317143	482	524	3143	2199	12	0	11	1
0.151000	320.420546	469	516	3138	2165	12	0	11	1
0.421000	321.996120	451	524	3243	2156	12	0	11	1
0.499000	325.949280	453	524	3195	2153	10	0	9	1
0.960000	322.931375	171	297	1448	1148	12	0	11	1
0.146000	323.378102	111	254	925	747	12	0	11	1
0.439000	326.285519	459	524	3276	2179	12	0	11	1
0.437000	325.557574	469	514	3154	2160	11	0	10	1
0.448000	325.914447	469	516	3149	2168	11	0	10	1
0.416000	323.479569	437	516	3074	2097	14	0	13	1
0.378000	321.004564	358	420	2755	1818	11	0	11	0
0.422000	328.980354	446	523	3134	2140	11	0	10	1
0.438000	327.797963	473	519	3157	2169	8	0	7	1
0.418000	327.050157	457	523	3164	2157	9	0	8	1
0.000000	330.705849	186	306	1627	1217	11	0	10	1
0.125000	326.809213	101	252	920	720	9	0	8	1
0.427000	332.843984	463	521	3233	2186	14	0	13	1
0.439000	331.249144	480	530	3393	2241	12	0	11	1
0.426000	333.285280	455	523	3118	2159	10	0	9	1
0.432000	331.539026	466	527	3106	2199	10	0	9	1
0.427000	327.522010	453	520	3247	2157	13	0	12	1
0.442000	331.914339	485	534	3397	2252	11	0	10	1
0.169000	333.398950	122	266	1127	848	11	0	10	1
0.205000	330.757853	149	297	1341	1100	9	0	8	1
0.892000	327.479837	337	440	2716	1819	12	0	11	1
0.225000	329.574876	146	284	1286	1046	8	0	7	1
0.484000	338.648920	480	520	3114	2191	10	0	9	1
0.574000	333.803963	467	521	3133	2188	9	0	8	1
0.448000	337.360533	492	536	3445	2264	11	0	10	1
0.419000	336.205291	449	521	3123	2144	11	0	10	1
0.399000	335.794075	447	521	3145	2140	11	0	10	1
0.439000	336.652170	460	522	3273	2169	12	0	11	1
0.409000	332.331224	464	525	3300	2184	11	0	10	1
0.430000	334.425460	446	521	3077	2140	11	0	10	1
0.368000	330.758693	350	439	2883	1844	10	0	9	1
0.322000	332.625247	311	400	2420	1705	14	0	13	1
0.432000	338.431879	458	525	3107	2165	9	0	8	1
0.416000	339.836032	446	524	3061	2142	13	0	12	1
0.426000	337.536703	462	524	3286	2181	12	0	11	1
0.330000	338.982316	311	402	2504	1698	10	0	9	1
0.200000	337.207107	147	290	1296	1078	8	0	7	1
0.146000	338.903916	109	255	940	739	10	0	9	1
0.881000	335.536343	255	340	2052	1511	11	0	10	1
0.158000	340.555640	109	253	915	739	10	0	9	1
0.239000	337.954090	191	306	1582	1225	13	0	12	1
0.147000	341.069722	113	255	952	750	12	0	11	1
0.438000	341.504063	466	524	3291	2189	12	0	11	1
0.421000	344.513631	447	523	3071	2144	12	0	11	1
0.145000	341.913330	106	253	905	716	10	0	9	1
0.149000	342.372944	111	255	932	742	11	0	10	1
0.170000	343.568884	135	275	1177	928	12	0	11	1
0.174000	341.463737	135	273	1166	917	12	0	11	1
0.157000	343.267238	124	261	1058	827	12	0	11	1
0.224000	343.075825	193	306	1600	1226	12	0	11	1
0.192000	340.311193	147	284	1244	1035	10	0	9	1
0.155000	342.470891	124	261	1067	832	13	0	12	1
0.427000	346.012891	456	519	3270	2145	12	0	11	1
0.164000	345.011924	466	527	3120	2195	12	0	11	1
0.271000	343.416312	313	389	2421	1686	13	0	12	1
0.304000	346.540881	288	366	2303	1613	12	0	11	1
0.257000	344.167443	232	322	1846	1414	13	0	12	1
0.352000	346.211484	346	443	2699	1840	14	0	13	1
0.207000	346.420173	167	293	1404	1125	13	0	12	1
0.301000	344.804268	284	363	2236	1608	14	0	13	1
0.159000	345.612242	124	261	1081	832	13	0	12	1
0.195000	344.717026	153	290	1277	1089	11	0	10	1
0.432000	349.817310	463	525	3237	2182	13	0	12	1
0.429000	348.855412	463	524	3253	2178	14	0	13	1
1.093000	346.255276	462	525	3066	2173	11	0	10	1
0.480000	347.954707	461	525	3086	2169	9	0	8	1
0.383000	345.938812	371	462	2864	1911	13	0	12	1
0.401000	345.712233	422	503	3270	2086	13	0	12	1
0.239000	348.332012	203	308	1702	1264	13	0	12	1
0.341000	347.734634	343	440	2667	1820	15	0	14	1
0.142000	350.364115	111	256	916	744	13	0	12	1
0.141000	348.537601	109	254	875	735	12	0	11	1
0.436000	349.408900	465	524	3303	2185	13	0	12	1
0.443000	349.966076	480	529	3331	2234	15	0	14	1
0.335000	350.813636	448	523	3127	2147	14	0	13	1
0.427000	355.585707	453	517	3167	2133	12	0	11	1
0.201000	352.549090	153	290	1280	1080	9	0	8	1
0.147000	353.385479	110	257	913	749	11	0	10	1
0.175000	354.607230	141	282	1197	985	14	0	13	1
0.402000	350.957997	316	401	2393	1711	15	0	14	1
0.166000	357.360306	130	268	1093	867	13	0	12	1

