0.021000	3.605551	0	0	0	1	0	0	0	0
0.009000	2.828427	0	0	0	1	0	0	0	0
0.006000	3.162278	0	0	0	1	0	0	0	0
0.005000	3.605551	0	0	0	1	0	0	0	0
0.004000	2.000000	0	0	0	1	0	0	0	0
0.018000	3.000000	2	12	7	0	0	0	0	0
0.003000	1.414214	0	0	0	1	0	0	0	0
0.002000	2.000000	0	0	0	1	0	0	0	0
0.001000	2.000000	0	0	0	1	0	0	0	0
0.001000	3.605551	0	0	0	1	0	0	0	0
0.020000	5.472136	3	15	5	16	1	1	0	0
0.024000	6.414214	5	19	11	16	1	1	0	0
0.001000	4.123106	0	0	0	1	0	0	0	0
0.022000	6.000000	2	12	10	0	0	0	0	0
0.016000	7.285383	2	12	15	16	1	1	0	0
0.020000	5.398346	2	12	10	32	1	1	0	0
0.016000	4.000000	2	12	6	32	0	0	0	0
0.017000	4.000000	2	11	5	33	0	0	0	0
0.020000	7.123106	3	15	16	32	2	2	0	0
0.016000	7.071068	3	15	7	32	0	0	0	0
0.019000	9.521451	4	13	8	17	2	2	0	0
0.021000	8.670046	5	16	14	33	3	3	0	0
0.012000	9.000000	3	15	21	0	0	0	0	0
0.014000	10.482279	4	17	18	0	1	1	0	0
0.024000	10.285383	5	19	17	32	2	2	0	0
0.020000	8.650282	5	21	26	16	2	2	0	0
0.019000	8.122417	5	19	21	32	1	1	0	0
0.016000	10.358485	4	18	26	16	1	1	0	0
0.021000	7.848192	4	17	17	32	2	2	0	0
0.015000	8.123106	3	15	13	33	2	2	0	0
0.021000	13.067378	6	24	35	16	2	2	0	0
0.024000	13.122417	6	24	35	16	2	2	0	0
0.015000	15.246211	5	20	23	0	1	1	0	0
0.021000	13.123106	7	23	36	17	2	2	0	0
0.012000	12.727922	3	19	15	0	0	0	0	0
0.023000	15.039530	6	23	30	33	4	4	0	0
0.016000	12.090833	5	21	27	16	2	2	0	0
0.020000	12.408489	6	21	25	33	2	2	0	0
0.012000	15.123106	4	19	25	16	2	2	0	0
0.022000	11.772699	5	18	28	16	2	2	0	0
0.016000	17.492423	7	25	46	0	1	1	0	0
0.022000	15.193485	8	27	41	16	1	0	1	0
0.024000	16.578686	9	29	44	16	1	1	0	0
0.029000	18.123106	6	24	42	32	2	2	0	0
0.024000	16.531595	7	24	38	33	2	2	0	0
0.019000	18.246211	5	21	30	32	2	2	0	0
0.018000	17.126314	7	25	46	0	3	1	2	0
0.024000	18.067378	9	25	58	17	3	3	0	0
0.026000	16.313708	9	27	42	32	2	2	0	0
0.020000	16.180340	6	24	42	0	1	1	0	0
0.023000	22.116005	9	24	32	0	4	3	1	0
0.025000	20.975195	12	30	59	0	5	4	1	0
0.024000	20.369317	10	30	49	0	1	1	0	0
0.018000	23.000000	7	27	51	0	0	0	0	0
0.019000	19.492423	8	28	45	16	1	1	0	0
0.022000	22.867957	10	34	59	0	5	5	0	0
0.034000	19.919260	12	36	63	16	4	4	0	0
0.028000	21.841453	11	33	67	17	3	2	1	0
0.028000	21.050821	10	32	51	16	1	1	0	0
0.025000	20.190483	10	32	50	16	2	2	0	0
0.030000	26.333473	11	36	72	0	5	5	0	0
0.030000	24.352073	11	35	75	16	3	1	1	1
0.040000	24.886350	22	41	106	16	3	1	2	0
0.024000	25.615528	9	29	56	16	3	3	0	0
0.030000	27.246211	14	38	84	16	2	2	0	0
0.025000	25.369317	11	33	69	0	2	2	0	0
0.022000	24.615528	10	34	73	0	1	1	0	0
0.029000	26.013874	11	35	69	32	2	2	0	0
0.030000	24.369317	11	33	66	16	2	2	0	0
0.028000	24.213099	10	32	68	32	2	2	0	0
0.017000	28.861739	7	29	47	0	0	0	0	0
0.062000	27.922095	43	52	158	16	4	1	3	0
0.028000	28.944272	14	40	85	0	3	3	0	0
0.041000	28.190763	21	46	122	16	5	4	1	0
0.036000	30.576114	15	44	103	0	4	4	0	0
0.033000	28.840765	18	42	82	16	5	3	2	0
0.036000	28.878426	14	39	88	0	6	4	1	1
0.039000	26.048627	21	42	81	32	4	2	2	0
0.039000	29.370823	16	43	90	33	3	3	0	0
0.034000	30.000000	8	30	65	32	0	0	0	0
0.029000	33.061489	18	43	115	0	6	5	1	0
0.046000	32.906636	30	49	112	16	6	3	2	1
0.024000	32.719165	12	41	97	0	1	1	0	0
0.080000	31.206677	50	67	222	16	8	5	3	0
0.027000	31.446838	14	42	100	0	2	2	0	0
0.045000	30.662619	20	43	99	33	3	1	1	1
0.047000	33.738634	18	45	104	32	2	2	0	0
0.028000	30.358485	13	41	92	16	5	5	0	0
0.031000	30.362904	13	38	85	17	4	3	1	0
0.033000	31.412219	13	38	93	32	3	3	0	0
0.027000	36.000000	10	36	84	0	0	0	0	0
0.081000	33.556229	58	84	255	0	6	3	3	0
0.027000	35.984845	15	47	109	0	1	1	0	0
0.027000	35.787217	39	58	166	0	8	5	2	1
0.046000	36.112698	21	53	128	16	2	2	0	0
0.044000	36.552866	20	50	137	16	5	3	1	1
0.049000	36.397849	32	54	195	0	5	4	1	0
0.039000	36.246211	18	46	116	16	2	2	0	0
0.046000	36.831994	25	53	153	16	9	8	1	0
0.038000	35.492423	16	42	104	32	2	2	0	0
0.048000	39.605385	16	41	77	16	5	4	1	0
0.058000	40.132561	33	52	145	16	8	6	1	1
0.089000	39.852581	53	92	268	16	5	3	2	0
0.048000	42.369317	21	53	136	16	4	4	0	0
0.049000	40.507241	25	58	161	0	6	5	1	0
0.041000	40.615528	24	53	137	16	2	2	0	0
0.049000	38.333187	22	55	143	16	4	2	2	0
0.043000	41.134755	20	54	137	16	6	5	1	0
0.043000	40.145065	18	47	119	0	6	5	1	0
0.057000	38.244835	27	57	142	16	8	4	4	0
0.053000	45.861739	23	59	157	16	1	1	0	0
0.068000	46.297463	34	68	221	16	6	6	0	0
0.064000	46.381723	31	65	199	16	4	3	1	0
0.044000	46.789317	27	67	193	0	3	3	0	0
0.045000	42.906636	25	52	133	16	4	2	2	0
0.067000	44.069732	28	58	170	32	4	3	1	0
0.084000	39.879249	55	93	266	32	5	2	3	0
0.042000	44.231056	20	50	120	34	2	2	0	0
0.046000	42.985902	25	60	167	0	4	3	1	0
0.044000	41.965376	25	58	173	16	4	4	0	0
0.097000	46.221048	64	57	227	16	5	2	3	0
0.058000	44.285408	51	48	207	0	6	4	2	0
0.058000	46.984845	24	60	165	16	3	3	0	0
0.057000	47.472933	26	68	183	16	8	6	1	1
0.083000	45.936794	63	78	284	16	4	2	2	0
0.058000	47.750283	29	66	184	0	2	2	0	0
0.105000	48.842090	77	82	411	16	9	7	2	0
0.084000	50.356074	76	81	469	0	7	6	1	0
0.063000	46.315095	35	65	207	17	2	1	1	0
0.047000	48.379870	28	63	181	16	2	1	1	0
0.071000	50.188640	50	61	193	16	8	6	2	0
0.055000	51.559278	29	64	202	17	8	7	1	0
0.051000	51.490949	30	71	220	16	4	3	0	1
0.064000	50.247029	45	71	277	16	2	2	0	0
0.072000	51.099314	42	71	258	0	5	4	1	0
0.057000	50.278147	39	72	245	0	2	2	0	0
0.056000	50.468797	37	73	251	16	5	4	1	0
0.063000	50.820996	35	67	236	16	6	4	1	1
0.048000	50.703192	23	65	175	0	4	3	0	1
0.067000	51.660425	47	73	200	16	4	1	3	0
0.058000	53.851596	33	61	157	16	7	6	1	0
0.059000	55.344019	40	60	184	16	7	6	1	0
0.081000	57.586206	38	82	283	16	6	6	0	0
0.102000	55.501356	74	108	311	16	9	6	3	0
0.059000	56.231056	31	65	166	17	5	5	0	0
0.037000	54.373927	21	59	178	0	3	1	1	1
0.060000	57.537319	31	71	215	16	3	0	1	2
0.072000	56.010961	36	79	269	16	6	6	0	0
0.083000	51.136261	63	88	261	16	5	3	2	0
0.064000	54.733727	37	74	239	16	4	4	0	0
0.063000	61.246211	36	82	250	16	2	1	1	0
0.062000	58.107951	38	73	207	17	3	3	0	0
0.093000	54.915403	73	89	348	16	12	7	5	0
0.000000	60.029742	54	79	215	16	8	4	2	2
0.000000	58.150903	89	98	428	0	11	6	5	0
0.000000	61.304982	37	66	186	16	8	5	2	1
0.074000	59.998319	35	76	255	17	11	10	1	0
0.066000	57.439707	28	73	233	0	2	2	0	0
0.123000	57.552177	97	94	553	16	9	7	2	0
0.051000	60.354162	28	69	207	0	1	1	0	0
0.088000	61.318137	51	87	366	0	3	2	1	0
0.076000	62.858662	54	84	304	0	6	4	2	0
0.076000	63.964037	52	81	282	16	6	5	1	0
0.067000	65.414634	36	85	294	16	10	10	0	0
0.139000	59.144210	111	137	505	0	7	5	2	0
0.071000	61.175328	44	84	279	16	5	5	0	0
0.077000	61.984845	36	80	243	16	6	6	0	0
0.151000	60.617034	125	126	627	17	6	3	3	0
0.108000	60.205341	91	116	425	0	10	8	2	0
0.089000	62.548871	72	99	372	0	9	5	4	0
0.080000	67.737946	52	79	223	16	11	10	1	0
0.062000	63.846584	25	69	190	16	1	1	0	0
0.086000	63.624983	64	100	313	16	6	3	3	0
0.120000	64.852414	68	96	364	16	9	6	2	1
0.067000	66.974133	44	79	252	17	5	3	1	1
0.087000	65.801184	70	99	369	0	6	4	2	0
0.592000	64.977026	33	80	232	16	6	3	3	0
0.065000	71.246211	28	66	201	17	1	1	0	0
0.136000	68.029857	107	114	625	0	7	6	1	0
0.064000	66.585946	39	71	239	16	5	3	2	0
0.088000	69.467124	53	72	249	16	9	8	1	0
0.086000	71.533365	54	97	288	16	7	4	2	1
0.156000	66.379590	123	166	544	16	7	4	3	0
0.125000	66.541180	105	125	544	16	12	7	4	1
0.076000	69.848196	45	92	333	16	5	5	0	0
0.082000	71.324717	53	100	393	16	9	9	0	0
0.119000	68.712126	96	117	522	16	5	3	1	1
0.149000	68.156874	115	137	583	0	12	8	4	0
0.147000	69.817661	122	157	564	16	5	3	2	0
0.101000	68.348165	63	93	395	16	10	8	2	0
0.090000	72.969107	69	85	327	16	9	7	2	0
0.267000	71.551847	219	196	1186	16	10	6	4	0
0.117000	71.376019	89	113	478	0	15	8	7	0
0.079000	74.739127	53	91	289	16	7	5	2	0
0.094000	72.645270	58	96	315	16	7	4	2	1
0.104000	73.158054	78	100	486	0	8	6	2	0
0.094000	77.683025	68	108	321	0	5	1	3	1
0.196000	70.903884	152	204	718	16	12	7	4	1
0.069000	72.040833	36	89	287	0	5	3	2	0
0.084000	74.797309	51	98	378	16	13	12	1	0
0.075000	76.062366	51	85	248	16	7	5	2	0
0.082000	75.043615	56	87	295	33	13	9	4	0
0.130000	76.515721	85	111	455	16	6	3	2	1
0.106000	76.505056	77	112	433	17	7	5	2	0
0.147000	74.361031	123	148	630	0	11	8	3	0
0.088000	80.534903	57	104	453	0	13	11	2	0
0.181000	74.404295	144	174	724	16	7	5	2	0
0.258000	75.748249	225	226	1074	0	9	3	6	0
0.127000	77.416292	91	111	560	16	8	4	2	2
0.099000	76.344481	66	103	503	16	12	12	0	0
0.108000	84.477268	57	106	363	0	6	6	0	0
0.308000	78.478455	254	217	1464	17	8	3	5	0
0.103000	83.029742	77	121	374	16	6	3	3	0
0.116000	82.535606	73	117	414	16	12	8	3	1
0.119000	81.466436	82	128	410	16	7	4	3	0
0.255000	79.210244	213	267	1074	0	15	9	6	0
0.108000	82.117180	78	120	463	16	8	6	2	0
0.095000	83.768375	61	105	340	16	9	6	2	1
0.094000	80.583817	62	107	390	16	6	5	1	0
0.161000	80.567261	116	164	539	0	8	5	3	0
0.084000	82.328864	59	87	280	16	7	5	1	1
0.144000	84.402434	115	119	567	16	15	11	4	0
0.124000	86.785725	96	126	544	0	4	4	0	0
0.329000	80.921298	271	236	1547	0	6	2	4	0
0.149000	84.549186	108	130	522	17	16	10	4	2
0.123000	83.804751	93	122	547	16	17	10	6	1
0.298000	83.566488	238	287	1257	16	16	11	5	0
0.135000	82.500631	103	138	567	17	13	8	4	1
0.110000	85.252161	75	108	485	0	5	3	1	1
0.119000	84.826298	68	121	435	16	4	2	1	1
0.066000	89.806011	50	77	275	0	5	5	0	0
0.086000	87.742364	68	89	336	32	6	6	0	0
0.123000	88.553911	115	114	492	32	16	12	4	0
0.000000	89.575824	70	123	448	0	16	12	3	1
0.085000	86.879606	154	209	898	16	15	10	4	1
0.109000	91.906636	70	118	344	0	6	3	3	0
0.101000	88.345525	66	119	440	16	6	4	2	0
0.103000	88.911079	74	115	358	16	7	1	3	3
0.530000	86.080399	177	229	1007	0	17	11	5	1
0.135000	87.307889	83	134	448	16	5	2	3	0
0.118000	93.875613	76	110	406	32	11	10	1	0
0.134000	89.142907	88	103	456	16	16	12	4	0
0.060000	92.215901	54	115	382	0	1	1	0	0
0.516000	95.641699	308	290	1604	17	5	2	3	0
0.201000	89.953134	124	137	693	0	6	6	0	0
0.280000	90.240938	202	165	1167	0	6	4	2	0
0.129000	95.095743	56	108	360	16	5	4	1	0
0.188000	90.258839	138	171	762	0	15	9	6	0
0.283000	91.613559	229	246	1202	16	8	5	3	0
0.121000	91.075521	80	122	570	16	8	8	0	0
0.273000	96.753220	223	207	1268	0	3	1	2	0
0.127000	98.231056	71	131	464	16	1	1	0	0
0.113000	95.441138	80	123	412	0	6	3	2	1
0.157000	94.068939	123	188	672	0	8	5	3	0
0.215000	94.602697	165	224	879	16	14	12	2	0
0.106000	97.683724	68	116	439	16	5	5	0	0
0.162000	96.281878	117	151	689	0	9	7	2	0
0.349000	95.245748	239	249	1263	16	11	8	3	0
0.184000	93.868377	66	122	473	16	6	5	1	0
0.222000	98.440487	136	153	630	0	12	8	4	0
0.128000	99.713335	80	117	425	16	8	7	1	0
0.105000	102.482279	36	85	276	16	3	2	1	0
0.642000	96.518076	382	310	2162	0	9	3	5	1
0.180000	98.071821	94	154	517	0	7	4	3	0
0.127000	102.691839	84	131	417	0	7	2	3	2
0.207000	97.630608	157	233	914	16	9	6	3	0
0.093000	102.871195	71	122	383	0	7	4	2	1
0.155000	98.978457	112	182	648	16	9	6	3	0
0.392000	99.298594	303	330	1337	16	9	5	4	0
0.289000	98.358710	257	251	1366	0	7	4	3	0
0.000000	104.306673	112	131	627	16	7	6	1	0
0.113000	103.073986	143	125	612	0	20	15	5	0
0.124000	101.888664	58	124	494	17	4	4	0	0
0.520000	101.197371	447	341	2571	16	12	8	4	0
0.441000	100.796816	352	302	2010	16	8	3	5	0
0.119000	107.624983	84	132	425	17	7	4	2	1
0.392000	103.437817	337	281	2007	0	4	0	4	0
0.109000	103.788767	75	130	431	16	7	4	2	1
0.245000	102.001043	223	182	1368	0	6	4	2	0
0.183000	105.651195	139	166	867	0	8	6	2	0
0.185000	106.427757	163	138	637	0	17	13	4	0
0.068000	109.605385	35	93	319	17	5	4	1	0
0.479000	109.795586	416	333	2172	0	5	2	3	0
1.468000	109.458542	602	467	3168	0	6	1	5	0
0.237000	106.864368	127	168	765	17	11	8	3	0
0.624000	106.235605	337	382	1812	0	9	7	2	0
0.266000	105.968730	171	215	990	16	19	15	4	0
0.218000	105.579688	151	180	900	16	5	3	2	0
0.181000	108.961053	123	169	739	16	7	6	1	0
0.294000	106.129903	234	225	1259	16	15	9	5	1
0.254000	115.974014	192	188	1037	0	11	8	3	0
0.134000	109.481711	93	150	676	16	3	1	1	1
0.125000	111.399059	92	147	515	0	8	5	3	0
0.465000	109.892299	340	391	1932	0	7	4	3	0
0.235000	113.755341	137	170	746	0	16	9	6	1
0.437000	110.982876	308	323	1610	0	8	5	3	0
0.568000	107.924310	357	238	2048	0	5	2	2	1
0.593000	112.421539	363	334	1819	0	9	7	2	0
0.565000	110.671481	372	387	1902	0	7	5	2	0
0.541000	110.184424	424	428	2170	17	18	14	3	1
0.204000	113.128012	142	140	625	0	17	14	3	0
0.299000	119.107429	212	203	1174	32	11	8	3	0
0.183000	115.446099	136	158	769	16	20	16	4	0
0.127000	115.846584	88	148	535	16	2	2	0	0
0.727000	113.623372	513	401	2784	16	9	6	3	0
0.170000	112.967159	101	171	588	16	8	5	3	0
0.251000	113.349280	172	254	998	16	6	4	2	0
0.461000	117.267316	343	389	1931	0	10	8	2	0
0.125000	115.226968	88	135	598	0	5	3	1	1
0.384000	112.859770	332	338	1742	0	8	5	3	0
0.176000	118.076702	131	144	608	0	13	10	3	0
0.191000	122.626489	151	184	958	16	10	7	2	1
0.170000	118.676493	88	137	513	16	10	8	2	0
0.135000	115.999374	97	142	556	0	24	18	6	0
0.630000	118.714476	505	380	3032	0	16	9	6	1
0.560000	117.418949	137	179	911	0	13	8	4	1
0.190000	121.704503	145	185	805	16	11	6	4	1
0.230000	121.668704	197	219	1058	0	9	5	4	0
0.119000	118.958964	95	144	654	0	8	6	1	1
0.318000	122.451386	265	298	1452	0	8	5	3	0
0.148000	122.380140	108	148	560	16	18	15	3	0
0.122000	121.335243	101	145	555	0	19	16	3	0
0.173000	123.103424	122	165	784	32	14	10	4	0
0.195000	123.425733	169	169	866	16	15	11	4	0
0.135000	124.275953	96	157	520	16	6	3	3	0
0.233000	126.449401	150	179	799	16	13	10	3	0
0.201000	124.020511	161	195	953	16	10	8	2	0
0.294000	122.466950	225	269	1282	16	19	15	3	1
0.163000	120.785950	131	182	819	0	9	8	1	0
0.344000	119.575310	309	290	1935	0	11	7	4	0
0.300000	128.105731	178	168	832	16	16	11	5	0
0.215000	130.323044	181	202	1076	16	12	9	2	1
0.172000	123.849401	147	153	719	32	15	13	2	0
0.146000	127.715858	109	151	667	32	23	19	2	2
0.366000	128.228685	330	265	1841	17	20	14	4	2
0.131000	128.328864	102	160	628	0	12	11	1	0
0.433000	124.752532	360	329	2048	0	9	3	6	0
0.253000	127.664472	212	218	1377	16	13	7	4	2
0.343000	122.813467	278	340	1654	0	16	14	2	0
0.150000	124.088707	438	364	2253	0	8	5	3	0
0.180000	131.670793	173	193	1005	16	14	10	2	2
0.171000	136.423445	113	182	635	0	10	6	3	1
0.150000	130.748089	112	178	652	0	9	6	3	0
0.222000	131.885009	175	217	1051	16	13	9	4	0
0.223000	131.471778	192	229	1145	0	7	4	3	0
0.930000	127.546969	497	418	3096	16	9	6	3	0
0.435000	126.812779	329	367	1948	16	9	7	2	0
0.291000	128.775836	416	424	2207	16	8	5	3	0
0.263000	129.682905	244	213	1538	16	12	10	2	0
0.499000	127.736664	475	414	2391	16	8	5	3	0
0.174000	135.628452	123	170	658	32	20	17	3	0
0.310000	133.987890	310	226	1886	17	22	17	4	1
0.161000	131.529490	124	171	773	16	9	8	1	0
0.107000	136.220913	76	138	562	16	9	8	1	0
0.228000	135.341769	184	227	1105	0	7	4	3	0
0.205000	132.683131	164	209	1060	0	9	7	2	0
0.345000	134.270054	313	306	1797	0	20	16	4	0
0.306000	131.679893	364	332	2092	16	16	11	4	1
0.158000	130.684085	125	169	926	0	10	9	1	0
0.268000	132.310901	195	226	1150	0	9	8	1	0
0.431000	138.034185	425	308	2189	16	13	8	3	2
0.176000	133.275104	161	166	732	16	17	14	3	0
0.232000	138.188516	204	184	1245	0	21	18	2	1
0.239000	140.712126	215	223	1202	16	15	12	2	1
0.228000	136.622629	216	183	970	17	19	15	4	0
0.141000	138.134875	103	160	682	17	6	6	0	0
0.292000	138.753220	202	263	1283	0	8	7	1	0
1.014000	137.985030	837	708	4999	0	10	3	7	0
0.196000	143.191885	161	208	964	0	7	3	3	1
0.791000	141.095522	290	259	1898	16	12	7	4	1
0.432000	141.435083	380	278	2078	0	17	11	4	2
0.414000	139.236484	389	284	2134	16	14	9	3	2
0.403000	142.671151	385	286	2071	16	16	10	4	2
0.126000	145.795868	86	149	589	33	5	5	0	0
0.704000	137.841312	626	486	3503	0	17	10	6	1
0.174000	144.275953	124	201	688	16	8	5	3	0
0.446000	140.941653	273	231	1901	0	18	12	5	1
0.835000	143.425004	936	799	5663	16	13	7	6	0
0.338000	143.206964	274	346	1714	0	9	6	3	0
0.249000	142.791946	199	241	1204	0	10	7	3	0
0.217000	143.077180	180	184	936	16	26	22	4	0
0.206000	144.575089	179	186	905	32	23	18	5	0
0.175000	147.842390	141	186	800	32	22	19	3	0
0.356000	150.286205	310	272	1811	32	15	14	1	0
0.457000	143.284127	460	331	2397	16	15	10	3	2
0.279000	145.557833	249	221	1549	33	21	17	4	0
0.167000	144.565018	124	174	810	17	26	19	6	1
0.241000	143.122537	189	248	1079	16	7	4	3	0
0.395000	142.845553	347	357	2105	16	11	7	4	0
0.987000	144.316948	407	340	2672	17	15	8	6	1
0.440000	148.070542	415	314	2271	0	16	10	4	2
0.094000	151.775060	143	187	876	32	25	23	2	0
0.162000	147.410115	136	172	712	0	10	9	0	1
0.184000	150.713335	133	196	851	33	11	10	1	0
0.234000	152.025479	160	218	976	16	23	19	3	1
0.321000	152.475891	244	340	1561	0	8	5	3	0
0.207000	150.423311	154	215	1015	16	14	9	3	2
0.644000	149.958395	570	506	3495	0	8	4	4	0
0.290000	150.444639	232	274	1542	16	13	9	3	1
0.509000	149.799915	476	378	3096	16	12	7	4	1
0.000000	156.467124	109	181	763	16	11	10	1	0
0.189000	154.679849	168	197	1126	16	26	21	3	2
0.181000	153.509010	145	193	933	32	26	20	3	3
0.181000	148.924373	140	187	977	34	24	16	6	2
0.244000	156.969690	167	247	1069	16	6	6	0	0
0.312000	150.311985	467	349	2381	0	23	13	9	1
0.572000	149.703577	471	407	2883	0	13	8	5	0
0.411000	155.233703	338	303	2252	0	17	13	3	1
0.567000	151.527531	493	411	3100	16	10	6	4	0
0.581000	152.884480	449	390	2493	16	3	1	2	0
0.294000	158.754487	172	203	1134	16	26	21	3	2
0.253000	157.021332	180	206	1153	16	19	15	3	1
0.242000	159.973421	151	195	822	16	10	10	0	0
0.563000	158.200881	413	377	2604	16	6	5	1	0
0.259000	156.329099	173	222	1186	0	14	10	3	1
0.232000	155.856963	198	227	1312	0	14	10	3	1
0.754000	157.473501	640	470	3960	16	19	13	5	1
0.214000	158.682548	172	213	1222	16	12	10	1	1
1.045000	160.152029	843	693	5235	16	9	6	3	0
0.247000	155.506726	201	217	1504	0	12	10	1	1
0.142000	167.851596	95	168	658	0	6	5	1	0
0.139000	167.372359	99	169	665	19	13	10	3	0
0.454000	164.420656	417	276	2425	32	16	12	4	0
0.804000	158.925245	678	523	3803	0	19	12	6	1
0.724000	165.020836	475	370	2604	16	19	12	6	1
0.383000	161.697096	323	306	2172	0	15	11	3	1
1.129000	160.965601	805	672	5193	16	9	6	3	0
0.792000	157.872926	723	551	4423	17	9	5	4	0
0.687000	159.295851	581	472	3662	0	10	6	4	0
0.579000	161.320758	438	325	2448	0	19	13	6	0
0.351000	165.142243	237	231	1529	16	21	18	2	1
0.378000	168.950026	271	243	1753	0	17	14	3	0
0.263000	167.367350	282	254	1600	0	20	16	3	1
0.359000	162.274276	554	428	2646	0	22	14	6	2
0.615000	164.787578	573	461	2602	0	23	13	7	3
1.509000	164.191526	1067	791	6481	0	13	9	4	0
0.341000	163.054047	198	233	1417	16	28	23	4	1
1.598000	162.766296	739	534	4131	17	22	15	6	1
0.937000	164.912878	831	573	5038	16	17	11	5	1
0.999000	164.626819	1033	759	6237	16	8	5	3	0
0.988000	171.914099	408	349	2598	0	18	14	3	1
0.332000	164.967828	267	233	1685	0	26	24	1	1
0.337000	170.613561	294	282	1835	33	19	15	3	1
0.809000	170.032879	637	514	3784	16	8	7	1	0
1.115000	172.747496	747	553	4460	0	7	6	1	0
0.895000	168.668638	564	464	2652	16	20	12	7	1
0.328000	168.207499	152	224	1077	16	13	9	3	1
2.113000	168.221363	1222	940	7464	16	11	6	5	0
1.234000	169.144435	911	683	5636	0	9	5	4	0
1.270000	168.667881	932	694	5592	0	10	6	4	0
0.578000	175.666867	439	309	2484	16	18	14	4	0
0.407000	171.162530	324	272	2039	16	25	20	4	1
0.473000	170.345782	267	241	1615	16	19	15	2	2
0.272000	173.683025	149	220	1021	17	10	9	1	0
0.202000	174.467124	118	199	797	32	9	8	1	0
0.417000	171.109714	314	262	1925	32	22	18	4	0
0.825000	173.173359	610	498	3671	0	8	7	1	0
0.362000	172.822209	260	264	1702	0	12	10	1	1
1.598000	170.820015	1310	976	7919	16	12	6	6	0
0.315000	170.297941	225	240	1482	16	11	11	0	0
0.471000	177.970313	402	282	2392	16	15	13	2	0
0.416000	179.913079	384	287	2280	32	16	12	3	1
0.704000	176.589704	638	469	3749	32	23	17	6	0
0.109000	176.736667	310	273	1810	16	19	15	3	1
0.070000	176.814873	182	229	1016	16	13	13	0	0
0.508000	178.517062	420	303	2438	0	17	13	4	0
0.170000	176.686636	129	203	866	0	10	8	2	0
0.560000	175.784581	523	414	3314	17	24	17	6	1
0.689000	172.999362	588	436	3116	16	28	18	8	2
1.558000	177.820015	1345	965	8108	16	11	5	6	0
0.391000	180.105984	291	273	1714	16	21	17	3	1
0.602000	182.603418	571	431	3378	17	21	17	4	0
0.652000	180.143051	618	473	3745	16	18	14	3	1
0.209000	179.579043	156	212	1095	16	25	19	4	2
0.387000	179.861279	359	278	2142	32	23	19	4	0
0.305000	178.836085	275	262	1776	32	24	19	5	0
0.239000	181.934248	186	248	1154	32	8	8	0	0
0.777000	181.182390	757	562	4478	17	27	19	8	0
1.308000	181.585453	557	443	3137	16	18	12	4	2
0.518000	176.169230	443	379	2516	0	15	11	2	2
0.709000	185.818511	682	507	4034	0	21	15	5	1
0.311000	180.996034	301	262	1872	0	20	16	4	0
0.234000	186.082652	166	239	1143	32	11	10	1	0
0.595000	186.932162	586	455	3643	17	19	16	3	0
0.925000	187.019340	711	513	3748	16	19	11	8	0
0.715000	183.561241	640	487	3208	16	30	21	9	0
0.600000	183.380608	499	386	3122	33	12	9	2	1
0.495000	183.521906	442	337	2563	16	20	15	5	0
0.549000	179.164130	552	415	2733	17	25	16	8	1
1.163000	184.325478	661	536	4014	32	16	13	2	1
0.219000	193.288291	131	215	907	16	11	10	1	0
0.412000	186.334921	323	272	1887	0	24	20	4	0
0.698000	188.987890	626	484	3935	17	22	18	4	0
0.760000	188.946866	674	530	4144	0	10	7	3	0
0.670000	185.279190	563	466	2972	16	14	8	3	3
0.546000	185.539380	544	381	3503	0	13	10	2	1
0.613000	183.633025	540	391	3208	0	14	13	1	0
0.419000	186.835531	367	334	2391	17	14	13	1	0
0.607000	189.399359	578	436	3565	16	12	10	2	0
1.012000	189.155985	862	632	5027	16	10	8	2	0
0.626000	192.874927	515	419	3394	0	19	15	3	1
0.358000	193.532467	275	320	1683	32	10	8	2	0
0.382000	194.946681	336	341	2129	16	10	8	2	0
1.506000	194.505539	1269	933	7502	17	12	9	3	0
0.711000	188.159815	564	457	2969	16	16	12	2	2
0.559000	188.526195	486	394	3080	16	15	14	1	0
0.607000	191.089225	560	531	3715	0	14	9	4	1
0.308000	194.228065	287	292	1927	0	16	10	4	2
0.356000	192.328611	491	393	3190	32	15	12	2	1
0.747000	188.276078	608	448	3086	16	21	12	8	1
0.922000	197.945833	764	582	4507	16	13	8	5	0
0.376000	195.352195	323	306	1945	16	18	15	2	1
0.577000	199.604295	427	383	2626	32	15	12	3	0
0.273000	196.929237	207	272	1349	32	13	12	1	0
0.913000	199.519347	323	358	2043	32	9	8	1	0
0.847000	197.456655	769	593	4568	32	23	17	5	1
0.589000	195.946035	581	438	3497	16	24	21	3	0
0.344000	199.273273	634	475	3873	16	22	18	4	0
0.163000	197.441826	174	264	1210	32	8	8	0	0
0.936000	194.715785	799	623	4819	0	7	6	1	0
0.288000	199.436814	224	283	1390	0	18	17	1	0
0.579000	202.218944	521	433	3179	16	14	11	3	0
0.589000	200.549165	524	421	2624	16	19	14	5	0
0.263000	201.860458	191	279	1358	34	13	11	2	0
1.514000	200.870601	1308	961	7635	0	8	5	2	1
1.035000	200.486130	909	730	5385	16	10	9	1	0
2.099000	203.215901	1406	1029	8335	0	12	9	2	1
1.332000	201.236423	1140	839	6856	0	18	11	4	3
0.803000	199.008525	694	603	4872	16	13	9	4	0
0.647000	200.180007	598	478	3273	16	20	13	4	3
0.518000	205.189227	426	435	2550	16	11	9	1	1
0.166000	209.713335	203	280	1396	32	13	12	1	0
1.253000	206.579653	1075	772	6184	16	12	8	4	0
0.549000	203.916809	595	480	2989	16	22	16	5	1
0.201000	204.163904	229	288	1335	16	15	13	2	0
1.007000	202.486130	936	734	5559	16	10	9	1	0
1.128000	204.747897	1027	773	5745	0	17	10	5	2
0.637000	201.335736	566	473	3025	0	17	13	2	2
0.656000	199.230401	620	447	3928	16	16	10	3	3
1.561000	200.104865	748	622	4033	0	19	16	3	0
0.605000	202.872530	475	409	2528	16	19	12	5	2
0.812000	205.901236	732	581	4406	0	15	13	2	0
0.603000	202.758004	568	445	3650	16	13	11	2	0
1.125000	205.255520	916	638	5026	0	22	12	8	2
1.108000	203.857876	750	568	4580	32	14	11	2	1
1.276000	209.102486	824	689	4548	17	14	12	2	0
1.132000	205.277789	1106	835	6301	32	19	15	4	0
1.248000	204.496764	625	495	3499	16	20	15	4	1
1.218000	207.012692	1006	765	5906	17	18	15	3	0
1.463000	207.048059	1188	894	7544	32	12	7	5	0
0.829000	211.924265	735	607	4564	0	13	7	6	0
1.543000	210.643014	1360	981	8879	16	16	9	5	2
1.197000	210.605740	1194	870	6954	16	20	13	4	3
1.543000	211.794822	1258	904	8407	16	14	8	4	2
1.358000	212.452892	1226	913	6828	0	15	10	3	2
1.548000	212.456767	922	762	5008	16	14	9	3	2
0.784000	208.723478	688	582	3425	16	17	12	3	2
1.527000	213.015220	1158	925	6506	16	18	16	2	0
1.508000	212.680323	1213	919	7723	0	15	13	2	0
1.469000	212.753220	1205	896	7305	17	14	9	4	1
0.375000	216.821286	254	323	1483	32	13	12	1	0
0.328000	219.575075	253	331	1594	32	7	6	1	0
0.366000	219.160173	295	369	1884	32	13	12	1	0
1.707000	220.713806	1501	1105	8807	16	14	11	2	1
1.623000	214.238686	1358	907	8055	16	22	14	7	1
1.446000	215.041033	1247	909	8494	0	15	9	4	2
1.198000	215.031578	1213	929	6630	16	16	10	4	2
1.031000	216.614793	1119	873	6151	0	16	10	3	3
0.828000	213.147766	701	524	3591	0	32	24	6	2
2.080000	218.315048	1348	987	8636	16	15	13	2	0
2.090000	222.549777	1465	1035	8868	17	11	9	1	1
1.072000	215.441886	594	405	4049	0	28	22	5	1
0.798000	214.633232	580	409	3886	0	19	15	2	2
1.255000	217.305995	1211	881	8329	0	18	15	3	0
1.831000	217.761534	1393	1017	9246	0	15	11	4	0
2.120000	221.161709	1804	1281	11314	17	13	7	5	1
0.581000	217.041163	502	424	3206	16	18	12	4	2
0.663000	218.264828	738	632	3732	32	18	16	2	0
1.510000	218.525673	1273	998	7256	32	17	13	4	0
1.611000	219.456459	1440	1070	8290	16	20	16	4	0
0.798000	224.924105	241	329	1651	0	11	11	0	0
1.808000	224.672882	1446	1062	8783	16	11	9	1	1
0.979000	220.810385	823	470	5448	0	35	28	5	2
1.500000	222.362541	1137	848	6705	16	18	11	4	3
2.115000	223.682543	1833	1269	11892	16	20	13	5	2
1.276000	222.303967	1100	846	6211	0	18	11	5	2
1.497000	226.514288	1245	985	6907	0	16	10	4	2
1.010000	222.032979	888	751	4961	16	16	11	3	2
0.747000	219.072251	729	590	3507	0	18	13	3	2
0.849000	216.815991	693	579	3497	16	15	14	1	0
1.919000	228.924105	1418	1046	8614	16	15	11	3	1
6.298000	226.090184	1873	1291	12196	16	21	14	5	2
0.899000	223.457114	655	462	4301	17	17	14	2	1
0.801000	220.979575	626	506	3258	0	22	18	2	2
1.170000	223.982458	751	616	3717	0	16	15	1	0
1.225000	224.970808	744	644	3741	16	13	12	1	0
0.958000	221.637158	700	598	3662	16	19	17	2	0
2.723000	224.630415	1549	1127	9332	0	16	13	2	1
1.479000	223.535650	1235	909	7346	0	16	13	3	0
2.305000	228.896251	1775	1249	11267	16	12	7	5	0
1.527000	228.835586	1205	956	6611	16	22	14	4	4
1.230000	225.132398	1121	875	6004	16	18	13	3	2
0.923000	225.736246	765	636	3864	16	16	15	1	0
1.206000	228.442974	1040	825	6045	0	17	14	3	0
1.448000	231.889587	1279	1002	7402	16	16	13	3	0
1.373000	233.426671	1534	1064	9230	32	12	9	2	1
1.615000	231.090361	733	624	3576	16	39	31	6	2
0.905000	228.450523	882	549	5483	16	35	27	6	2
0.824000	225.958767	705	594	3858	17	16	13	3	0
1.079000	227.116330	954	755	5599	33	20	17	3	0
0.428000	235.849627	297	348	1976	0	17	14	3	0
2.084000	238.686143	1678	1238	9893	0	17	14	2	1
1.897000	238.383904	1631	1237	9408	16	14	8	5	1
1.401000	235.067732	1238	976	6986	16	19	13	4	2
1.162000	233.077876	1061	850	5974	17	18	10	5	3
1.574000	233.395883	1326	1082	7250	17	16	10	3	3
1.326000	233.445599	1153	936	6258	16	24	19	3	2
1.906000	232.889587	1307	1015	7651	0	17	14	3	0
3.018000	233.596581	1900	1288	12348	0	19	15	4	0
2.580000	237.390646	1539	1140	9154	16	12	9	2	1
1.359000	237.458259	1139	867	7924	0	20	14	4	2
0.956000	237.680867	730	623	3460	16	36	28	6	2
1.698000	236.634738	1423	1033	9330	0	17	12	5	0
1.691000	240.134187	1563	1091	9517	16	18	14	3	1
1.527000	238.283409	1202	917	7167	32	20	15	4	1
1.918000	235.538692	1127	820	7874	0	17	11	4	2
0.976000	233.039322	767	464	5275	32	31	24	5	2
1.620000	236.378381	1141	949	6084	32	24	19	3	2
1.715000	239.610128	1575	1163	10462	16	15	14	1	0
0.767000	234.565222	646	516	3192	32	35	29	5	1
0.464000	246.821286	334	408	2210	0	13	12	1	0
2.421000	243.405175	1590	1230	9176	16	18	12	5	1
1.620000	243.043640	1524	1198	8575	16	19	13	5	1
1.119000	241.740325	996	673	5826	0	34	27	6	1
1.018000	242.974368	1204	967	6804	16	18	12	4	2
1.614000	245.896228	1369	1103	7548	16	20	14	4	2
0.745000	237.909146	624	499	3167	32	39	33	5	1
1.536000	242.999667	1314	1002	7575	16	21	11	7	3
1.315000	239.175161	1165	976	6497	32	23	18	3	2
1.123000	240.182158	1208	1018	6607	17	19	12	4	3
0.984000	242.528732	900	584	5436	16	36	29	5	2
1.595000	246.065650	974	651	5744	0	36	28	6	2
1.336000	247.293657	1148	901	6531	16	21	14	4	3
0.805000	240.621090	739	657	3548	0	18	12	4	2
1.911000	241.737782	1695	1189	10807	16	19	16	3	0
2.241000	245.591214	1949	1355	12734	0	24	22	2	0
1.891000	245.876326	1704	1293	9735	17	17	10	5	2
1.074000	244.061579	1001	694	5836	16	17	14	3	0
1.652000	247.023449	1374	1074	8030	32	17	13	4	0
2.518000	247.880057	1697	1135	10295	0	12	8	4	0
1.848000	251.173359	1597	1150	9821	16	15	10	4	1
2.062000	247.932279	1731	1238	11524	0	13	9	4	0
1.321000	251.540556	1112	901	6311	0	18	13	3	2
1.380000	247.809244	1179	1004	6412	16	29	24	3	2
1.612000	246.472686	1084	917	5902	17	21	17	2	2
1.236000	246.132293	986	837	5363	16	19	15	2	2
1.185000	245.848521	1074	735	6384	0	19	15	4	0
2.796000	251.292072	1939	1351	12147	0	16	11	5	0
2.548000	249.867001	1651	1279	9342	16	17	11	5	1
2.879000	248.962814	1527	1145	10333	32	15	11	4	0
1.904000	254.516464	1451	1127	8228	0	18	10	7	1
1.690000	252.598759	1370	1057	7877	0	20	11	6	3
1.420000	255.032291	1272	1032	7160	0	17	11	4	2
1.640000	254.135110	1224	985	6938	16	20	12	6	2
2.260000	253.032979	1238	1003	6923	0	16	11	3	2
1.812000	251.570298	1254	940	7213	0	18	11	5	2
1.353000	250.259943	1010	846	5671	16	22	14	5	3
2.656000	256.117706	1777	1254	12034	16	15	14	1	0
1.158000	252.503539	960	640	5754	0	34	28	5	1
2.519000	252.778131	1991	1327	13142	0	16	13	3	0
0.939000	260.392053	780	651	5076	0	14	12	2	0
1.865000	258.856858	1681	1324	9290	0	20	14	5	1
1.445000	255.775936	1360	1073	7951	16	22	13	6	3
1.404000	257.874432	1242	1010	6945	17	18	13	2	3
1.340000	254.405637	1177	1003	6259	0	27	22	3	2
1.502000	253.923678	691	557	3359	0	36	30	5	1
1.040000	255.265616	1061	805	6542	0	17	14	3	0
1.392000	254.688467	1274	925	8204	16	22	17	5	0
2.574000	253.892599	2001	1348	13049	0	21	18	3	0
1.700000	255.620407	1159	928	6595	33	19	12	5	2
1.110000	266.229775	1143	854	7284	16	17	15	2	0
1.226000	259.688812	1054	757	6064	16	40	33	6	1
1.624000	261.769524	1291	976	7469	33	21	13	6	2
1.734000	257.282203	1141	815	6937	16	24	18	5	1
1.647000	258.028072	1402	1009	9061	32	21	17	4	0
1.126000	259.055908	1023	665	6150	16	38	28	8	2
1.677000	262.305006	1123	900	6457	16	24	18	4	2
1.015000	258.724593	870	732	4366	16	23	17	4	2
1.312000	260.664513	1229	919	7225	0	25	19	4	2
0.777000	258.813397	1031	733	6051	0	33	26	5	2
1.818000	264.460736	1532	1174	8865	0	20	12	7	1
2.542000	267.725368	1633	1302	9152	16	24	18	5	1
1.238000	261.811203	1040	733	6065	0	38	30	6	2
1.302000	261.243651	1083	878	6185	0	19	10	5	4
1.120000	261.223458	1085	870	6100	0	30	24	4	2
1.750000	262.671881	1080	761	6418	16	21	18	3	0
1.575000	259.935367	1372	967	8701	16	18	14	4	0
1.265000	263.034058	1146	844	6538	16	38	31	6	1
1.992000	268.393359	1610	1208	9334	17	19	11	7	1
2.005000	262.128667	1985	1363	12584	34	19	16	3	0
1.133000	271.352193	958	747	6072	16	16	14	2	0
2.148000	267.243814	1352	1031	7815	16	23	15	6	2
1.550000	264.162797	1345	955	8487	0	22	18	4	0
1.394000	268.466527	1139	904	6655	32	20	12	4	4
1.314000	265.568201	1089	779	6258	16	41	34	6	1
2.350000	268.551518	1922	1329	13052	16	22	16	6	0
2.571000	268.606036	2115	1407	14071	33	23	17	6	0
1.815000	269.122772	1604	1202	9108	0	23	13	7	3
1.004000	268.021155	972	696	5766	16	34	27	5	2
1.130000	267.113309	1110	699	6547	32	38	29	8	1
2.043000	274.980881	1286	936	8140	0	16	15	1	0
1.231000	274.823640	1065	805	6914	33	16	12	4	0
2.040000	272.079382	1445	1136	8136	0	21	12	6	3
1.297000	271.383686	1123	904	6415	0	25	16	5	4
1.536000	272.757823	1370	1076	7924	32	24	15	6	3
1.564000	269.551708	1140	817	6421	32	45	38	6	1
1.380000	269.277296	1185	814	7198	16	18	14	4	0
1.047000	271.937221	978	670	5822	32	37	30	6	1
1.279000	270.050184	969	664	5834	0	38	29	7	2
1.046000	271.159415	961	664	5661	33	35	27	6	2
1.745000	276.085102	1251	916	7891	0	11	10	1	0
1.258000	276.823640	1094	859	7235	16	21	17	4	0
2.487000	277.456217	2083	1426	13515	32	19	13	6	0
1.534000	275.706948	1609	1207	9210	16	21	13	7	1
2.013000	269.833471	1150	785	6989	16	18	14	4	0
0.922000	273.476215	1196	861	6803	16	42	35	6	1
3.229000	277.750896	2040	1396	13154	32	19	13	6	0
1.818000	279.746619	1461	1135	8490	16	22	14	6	2
1.402000	273.454254	1210	742	7345	16	41	32	8	1
1.199000	274.719351	1216	756	7450	32	39	30	8	1
1.902000	285.229775	1661	1112	10280	17	11	9	2	0
2.434000	285.420378	1765	1186	10683	16	16	13	3	0
1.414000	280.733325	1179	901	7499	16	16	14	2	0
1.528000	281.733847	1362	983	8544	32	16	14	2	0
1.192000	279.541563	1064	695	6431	0	41	33	7	1
1.166000	278.868992	1124	724	6886	33	42	33	7	2
1.284000	280.942946	1236	766	7666	16	41	30	8	3
1.231000	279.575823	1065	717	6510	33	42	33	7	2
1.232000	278.205467	1114	717	6647	0	39	31	7	1
1.458000	281.327687	1479	1031	9460	0	16	14	2	0
2.433000	284.214620	1498	1036	9334	0	12	10	2	0
2.200000	287.769455	1759	1181	10706	0	18	15	3	0
2.018000	285.269077	1455	1031	9372	33	21	18	3	0
2.448000	287.950452	1868	1280	11537	16	17	14	3	0
2.682000	286.335901	2035	1423	13048	0	16	10	6	0
1.386000	281.942946	1187	751	7322	16	37	28	8	1
1.087000	280.747392	1071	689	6461	32	42	34	7	1
1.106000	281.733089	1051	753	6134	16	35	29	5	1
2.763000	285.663587	2162	1456	14060	16	18	10	7	1
1.175000	282.314856	1095	723	6668	32	38	29	7	2
1.126000	290.105293	1168	910	7551	0	20	16	4	0
1.985000	291.479717	1710	1129	10627	16	18	16	2	0
1.794000	288.626744	1087	848	7149	32	24	20	4	0
2.022000	290.440023	1860	1250	11253	16	14	12	2	0
2.249000	285.008329	1054	762	6142	32	36	30	5	1
4.317000	288.049589	2142	1438	14055	32	21	16	5	0
4.347000	288.189624	2174	1438	14427	16	23	18	5	0
1.286000	285.831982	1153	731	7165	16	41	33	7	1
2.291000	292.229775	2057	1364	12268	33	13	9	4	0
1.364000	286.223522	1078	811	6911	33	24	17	7	0
1.706000	293.714408	1100	823	6973	16	22	18	4	0
2.433000	293.033039	1866	1246	11283	16	18	12	6	0
2.759000	290.001786	2122	1445	13793	32	19	12	7	0
1.182000	288.862086	1212	756	7422	0	38	29	8	1
1.641000	287.689470	1178	740	7316	32	43	35	7	1
2.717000	295.539175	1663	1148	10590	0	17	14	3	0
2.407000	291.987461	1696	1141	10513	0	20	15	5	0
1.894000	298.268947	1763	1238	10821	32	16	14	2	0
1.668000	293.280741	1281	960	8170	32	18	16	2	0
2.488000	291.594185	1540	1067	9686	32	18	17	1	0
1.760000	297.134466	1297	966	8402	17	23	20	3	0
2.025000	295.764382	1528	1060	9675	16	14	13	1	0
1.983000	298.035891	1533	1073	9740	16	16	14	2	0
2.077000	296.209713	1620	1096	9984	0	16	15	1	0
1.786000	295.301701	1519	1053	9723	16	15	13	2	0
1.756000	293.491501	1586	1097	9986	33	21	16	5	0
1.446000	296.510252	1643	1138	10521	33	19	17	2	0
2.328000	296.722198	2065	1390	12180	16	14	11	3	0
1.915000	295.808590	1550	1100	9927	33	18	16	2	0
2.191000	298.363842	1948	1309	11845	32	13	11	2	0
1.922000	302.475986	1713	1180	10500	16	18	16	2	0
2.144000	302.978657	1909	1317	11651	0	18	15	3	0
1.656000	299.486948	1487	1054	9465	16	21	19	2	0
2.345000	299.605835	1577	1080	9833	16	13	11	2	0
1.992000	301.573794	1691	1194	10622	32	19	18	1	0
1.942000	300.941709	1705	1172	10578	33	20	16	4	0
1.726000	300.986606	1765	1220	10877	33	19	15	4	0
2.086000	299.111218	1469	1043	9357	0	21	18	3	0
1.997000	301.085925	1700	1155	10574	17	23	18	5	0
1.545000	300.793306	1663	1187	10468	0	16	14	2	0
1.995000	305.604329	1640	1136	10332	32	16	14	2	0
2.678000	307.352193	2049	1394	12113	17	17	14	3	0
2.067000	303.086743	1629	1134	10280	33	24	19	5	0
3.698000	304.474610	2053	1398	12217	0	17	15	2	0
2.493000	303.976821	2054	1393	12165	0	17	15	2	0
2.485000	299.503151	1540	1073	9689	16	19	14	5	0
2.733000	306.531844	1983	1377	11782	16	17	13	4	0
1.048000	304.951853	697	719	4540	17	16	13	3	0
1.071000	306.531710	731	731	4741	0	19	16	3	0
0.580000	305.158309	610	677	3666	16	11	7	4	0
3.054000	308.242931	1924	1337	11523	17	12	11	1	0
2.357000	309.258995	1962	1370	11781	0	17	14	3	0
2.038000	305.420585	1940	1311	11527	0	18	14	4	0
1.623000	305.748544	1648	1141	10339	17	21	16	5	0
2.732000	310.317439	1949	1322	11748	0	14	12	2	0
2.268000	309.710580	2021	1403	11658	32	13	11	2	0
1.081000	312.648921	804	790	5096	32	10	8	2	0
0.844000	310.620885	665	698	3987	16	11	10	1	0
0.962000	309.820110	776	782	4828	16	11	9	2	0
2.092000	308.010909	1770	1300	11576	16	21	15	6	0
2.067000	315.533221	1792	1239	10783	16	14	13	1	0
1.878000	313.765918	1662	1156	10395	0	20	16	4	0
2.561000	315.352881	1762	1235	10705	0	18	16	2	0
1.897000	312.437862	1677	1163	10374	16	16	15	1	0
1.785000	312.647719	1930	1345	11815	33	17	12	5	0
2.327000	310.392053	2070	1395	11954	16	17	11	6	0
3.011000	312.694810	2039	1417	11866	16	19	16	3	0
2.306000	315.947290	2033	1413	11813	16	11	8	3	0
1.752000	310.396601	1566	1083	9831	18	25	20	5	0
2.513000	313.184190	2101	1407	12211	32	17	13	4	0
2.261000	315.219574	2001	1376	11741	17	16	11	5	0
2.051000	315.828059	1880	1291	11308	0	19	14	5	0
2.404000	317.243815	2101	1424	12083	16	21	15	6	0
1.998000	317.888824	2031	1398	11975	17	21	17	4	0
2.766000	315.035233	1978	1346	11727	33	24	18	6	0
1.890000	312.382958	1668	1158	10466	16	23	18	5	0
2.329000	318.889512	2006	1363	12128	16	16	12	4	0
3.139000	317.192957	2047	1393	12332	32	18	14	4	0
2.862000	315.624053	2002	1368	12152	16	15	12	3	0
2.409000	316.053296	1944	1334	11475	16	19	14	5	0
2.197000	318.918022	1610	1122	10157	16	17	15	2	0
2.382000	320.951853	1961	1331	11889	32	17	14	3	0
3.341000	320.485441	2050	1399	12464	16	16	11	5	0
1.808000	316.094557	1692	1198	10466	17	21	17	4	0
2.387000	319.080683	2054	1403	11882	0	18	15	3	0
2.194000	322.261711	1953	1367	11472	33	12	11	1	0
2.513000	320.638264	2088	1407	12085	32	19	13	6	0
1.075000	320.429880	727	740	4715	0	19	16	3	0
1.238000	317.876656	889	839	5711	33	12	10	2	0
1.059000	319.892720	857	822	5470	16	23	18	5	0
2.048000	322.101629	2023	1406	11826	0	24	18	6	0
2.770000	327.502273	2040	1427	11753	33	23	20	3	0
2.968000	326.862348	2007	1422	11730	17	20	17	3	0
2.003000	322.001334	1893	1311	11434	17	20	15	5	0
2.430000	323.485777	2065	1415	11914	0	21	15	6	0
2.224000	321.616461	2042	1396	11964	0	25	19	6	0
2.639000	323.107187	2063	1398	12503	32	18	14	4	0
2.205000	327.317439	1950	1361	11517	0	15	13	2	0
1.400000	324.110400	1100	922	6839	33	18	13	5	0
1.097000	324.485441	835	776	5086	17	14	9	5	0
2.418000	327.562962	2061	1411	12593	32	19	14	5	0
2.346000	326.773823	2021	1404	11780	33	24	19	5	0
1.944000	327.103823	2012	1391	11676	17	23	18	5	0
2.085000	324.706656	1900	1322	11549	0	21	14	7	0
2.601000	322.392383	1665	1175	10459	0	23	20	3	0
2.168000	330.148749	1964	1363	11618	16	16	12	4	0
2.455000	328.912583	2028	1405	11653	16	15	13	2	0
2.105000	328.497779	1968	1379	11622	16	12	11	1	0
1.418000	331.890262	1116	930	7132	0	20	15	5	0
0.955000	328.022239	747	766	4758	0	21	18	3	0
2.036000	334.080683	2075	1402	12292	16	19	14	5	0
3.388000	332.485441	2153	1448	13102	0	19	14	5	0
2.553000	334.686756	1970	1372	11677	16	14	12	2	0
2.955000	332.877239	1987	1394	11836	16	19	17	2	0
1.844000	328.704953	2014	1378	12050	16	18	12	6	0
2.102000	333.213932	2165	1466	13255	16	18	14	4	0
1.003000	334.676728	781	808	4865	32	23	20	3	0
1.217000	331.944034	995	884	6402	0	17	15	2	0
1.748000	328.762188	1671	1277	10749	0	23	17	6	0
1.443000	330.973645	950	865	5954	32	15	14	1	0
2.544000	339.845419	2039	1424	11595	32	23	20	3	0
2.111000	335.273360	2002	1391	11693	33	15	13	2	0
2.806000	338.542676	2217	1464	13620	16	15	11	4	0
2.304000	337.440545	1975	1367	11824	17	15	12	3	0
2.151000	336.949628	2007	1388	12120	17	18	14	4	0
2.476000	337.877852	2140	1431	12874	16	21	17	4	0
3.227000	333.599222	2114	1431	12940	16	17	13	4	0
2.636000	335.686756	1942	1335	11352	16	17	14	3	0
3.489000	331.970408	1765	1295	11606	16	23	19	4	0
2.325000	333.917234	1685	1209	10406	33	21	15	6	0
2.769000	339.700630	1953	1366	11416	16	14	13	1	0
2.064000	341.085102	1953	1345	11519	16	20	16	4	0
2.710000	338.780804	2112	1428	12971	16	21	17	4	0
2.886000	340.188036	1574	1185	10160	16	23	19	4	0
1.118000	338.442869	957	869	6158	0	17	15	2	0
0.973000	340.265442	771	786	4765	32	15	13	2	0
1.553000	336.786893	1374	1047	8719	16	16	13	3	0
0.941000	342.056073	811	805	4792	16	15	13	2	0
1.330000	339.233506	1191	944	7285	17	19	14	5	0
0.961000	342.440545	838	788	5063	32	19	16	3	0
2.810000	342.788199	2141	1447	13062	32	21	16	5	0
3.206000	345.725928	1959	1356	11458	32	17	14	3	0
1.084000	343.056073	762	777	4563	32	13	11	2	0
0.983000	343.809862	788	787	4773	16	15	13	2	0
1.137000	345.149597	947	860	5756	32	20	16	4	0
0.884000	342.968569	936	858	5663	32	18	14	4	0
0.834000	344.799718	878	809	5389	16	17	15	2	0
1.344000	344.479717	1222	947	7472	0	19	15	4	0
1.705000	341.614472	966	848	5928	16	18	15	3	0
1.019000	343.717291	898	814	5582	32	19	15	4	0
2.663000	347.223456	2113	1442	12887	16	17	13	4	0
2.336000	346.437862	1973	1390	11648	34	25	20	5	0
1.814000	344.690486	1604	1198	9802	17	18	13	5	0
1.430000	347.622587	1546	1118	9518	16	20	15	5	0
1.628000	345.346468	1337	1013	8122	33	19	13	6	0
2.110000	347.499808	1831	1276	11461	16	27	20	7	0
2.005000	347.811503	1144	910	6987	16	24	18	6	0
2.057000	346.160399	1561	1115	9690	33	26	19	7	0
1.290000	346.903910	909	814	5609	32	23	19	4	0
1.425000	345.962814	1061	870	6740	0	19	15	4	0
2.810000	351.027182	2106	1427	12597	16	21	17	4	0
3.330000	350.088954	2136	1443	13055	16	23	18	5	0
2.423000	347.521796	1981	1386	11656	16	17	14	3	0
2.379000	349.369662	1987	1395	11639	32	14	13	1	0
2.361000	347.324900	1828	1331	11309	0	20	15	5	0
2.537000	347.162622	2103	1484	13255	0	20	15	5	0
1.663000	349.583908	1350	963	8425	16	25	19	6	0
2.443000	349.140142	1769	1278	11094	16	24	16	8	0
1.045000	351.612278	853	787	5277	16	19	14	5	0
1.036000	349.807141	914	780	5537	32	22	18	4	0
6.977000	350.671184	2137	1438	13002	16	21	15	6	0
6.308000	351.308962	2142	1444	13164	17	23	15	8	0
11.477000	352.066321	2004	1376	11959	17	22	15	7	0
3.076000	356.809076	2119	1430	12797	32	18	14	4	0
9.989000	353.851941	984	870	6134	0	16	15	1	0
1.337000	354.721980	919	816	5599	32	18	14	4	0
3.706000	355.906337	1094	865	6746	16	23	17	6	0
1.935000	352.283639	1667	1198	10265	33	24	16	8	0
3.768000	358.594729	1031	848	6334	16	20	14	6	0

