0.000000	3.605551	3	17	23	23	0	0	0	0
0.000000	2.828427	2	14	16	16	0	0	0	0
0.000000	3.162278	3	17	22	23	0	0	0	0
0.002000	3.605551	3	17	27	23	0	0	0	0
0.003000	2.000000	2	12	11	16	0	0	0	0
0.016000	3.000000	3	15	21	23	0	0	0	0
0.001000	1.414214	1	6	2	6	0	0	0	0
0.002000	2.000000	2	11	10	15	0	0	0	0
0.002000	2.000000	2	12	11	16	0	0	0	0
0.004000	3.605551	3	17	25	23	0	0	0	0
0.005000	5.385165	5	25	46	37	0	0	0	0
0.007000	6.403124	5	27	51	37	0	0	0	0
0.005000	4.123106	4	20	27	30	0	0	0	0
0.005000	6.000000	6	24	48	44	0	0	0	0
0.007000	7.280110	7	31	62	51	0	0	0	0
0.007000	5.385165	5	25	42	37	0	0	0	0
0.006000	4.000000	4	18	26	30	0	0	0	0
0.004000	4.000000	4	18	26	30	0	0	0	0
0.008000	7.071068	7	29	64	51	0	0	0	0
0.005000	7.071068	5	29	48	37	0	0	0	0
0.011000	9.486833	9	38	82	64	0	0	0	0
0.008000	8.602325	7	34	64	50	0	0	0	0
0.009000	9.000000	9	33	79	65	0	0	0	0
0.014000	10.440307	11	43	93	77	0	0	0	0
0.010000	10.198039	10	40	93	72	0	0	0	0
0.008000	8.602325	7	35	73	51	0	0	0	0
0.009000	8.062258	7	33	68	51	0	0	0	0
0.010000	10.295630	9	41	79	65	0	0	0	0
0.007000	7.810250	6	32	60	44	0	0	0	0
0.007000	8.062258	8	32	70	58	0	0	0	0
0.016000	13.000000	15	55	133	101	0	0	0	0
0.016000	13.038405	13	53	123	89	0	0	0	0
0.017000	15.132746	15	55	141	107	0	0	0	0
0.012000	13.038405	13	47	129	93	0	0	0	0
0.012000	12.727922	9	48	99	64	0	0	0	0
0.015000	15.000000	13	59	148	91	0	0	0	0
0.010000	12.041595	9	47	93	65	0	0	0	0
0.014000	12.369317	13	49	119	91	0	0	0	0
0.015000	15.033296	15	53	150	107	0	0	0	0
0.016000	11.661904	12	48	113	82	0	0	0	0
0.022000	17.464249	21	69	194	139	0	0	0	0
0.015000	15.193485	16	59	123	96	1	0	1	0
0.023000	16.552945	23	71	192	144	0	0	0	0
0.020000	18.027756	18	62	189	128	0	0	0	0
0.019000	16.492423	18	64	177	124	0	0	0	0
0.019000	18.110770	18	64	191	128	0	0	0	0
0.028000	17.066689	38	90	269	194	2	0	2	0
0.021000	17.841397	28	73	206	155	1	0	1	0
0.014000	16.278821	12	60	147	84	0	0	0	0
0.018000	16.124515	14	61	146	99	0	0	0	0
0.030000	22.000330	32	88	233	184	1	0	1	0
0.033000	20.901047	49	99	324	233	2	0	2	0
0.023000	20.223748	21	73	222	147	0	0	0	0
0.022000	23.000000	23	75	255	163	0	0	0	0
0.022000	19.416488	23	75	213	153	0	0	0	0
0.024000	22.803509	20	88	228	138	0	0	0	0
0.021000	19.849433	15	75	179	107	0	0	0	0
0.028000	21.672538	34	86	287	193	2	0	2	0
0.034000	21.023796	31	91	282	190	0	0	0	0
0.025000	20.046897	29	79	233	166	1	0	1	0
0.029000	26.248931	23	100	272	157	1	0	1	0
0.030000	24.280110	35	99	302	205	1	0	1	0
0.074000	24.836419	121	180	658	527	2	0	2	0
0.037000	25.495098	38	101	314	222	0	0	0	0
0.029000	27.073973	27	91	300	191	0	0	0	0
0.005000	25.179357	27	89	270	186	0	0	0	0
0.000000	24.515301	31	95	301	201	0	0	0	0
0.000000	25.961510	31	101	318	206	0	0	0	0
0.016000	24.186773	27	87	273	183	0	0	0	0
0.040000	24.166092	42	112	356	244	0	0	0	0
0.046000	28.861739	41	117	378	255	0	0	0	0
0.203000	27.898009	320	371	1584	1268	3	0	3	0
0.039000	28.844410	32	116	343	210	0	0	0	0
0.058000	28.049245	82	159	575	402	1	0	1	0
0.034000	30.479501	25	115	334	173	0	0	0	0
0.050000	28.687354	80	147	448	369	2	0	2	0
0.030000	28.730919	28	108	304	178	1	0	1	0
0.068000	25.958217	128	190	592	543	3	0	3	0
0.047000	29.154759	49	131	427	288	0	0	0	0
0.029000	30.000000	30	96	356	212	0	0	0	0
6.185000	32.918896	84	168	573	405	1	0	1	0
0.158000	32.898569	194	267	974	818	3	1	2	0
0.078000	32.649655	51	142	480	305	0	0	0	0
0.246000	31.080305	337	438	1757	1392	3	0	3	0
0.057000	31.320920	43	127	434	271	0	0	0	0
0.075000	30.533651	92	184	703	463	1	0	1	0
0.051000	33.541020	43	127	442	277	0	0	0	0
0.039000	30.232433	37	122	388	231	0	0	0	0
0.048000	30.205442	45	120	417	257	3	1	2	0
0.047000	31.320920	43	127	419	271	0	0	0	0
0.037000	36.000000	36	114	455	254	0	0	0	0
0.248000	33.426847	429	559	2320	1783	3	0	3	0
0.059000	35.902646	55	147	539	333	0	0	0	0
0.155000	35.649886	262	341	1276	1071	2	0	2	0
0.040000	36.069378	26	132	371	184	0	0	0	0
0.076000	36.364649	72	169	606	386	1	0	1	0
0.098000	36.215648	121	226	860	579	1	0	1	0
0.043000	36.055513	36	118	427	254	0	0	0	0
2.770000	36.643317	92	192	689	452	1	0	1	0
0.093000	35.242008	90	173	710	461	1	0	1	0
0.147000	39.426739	115	205	843	537	3	0	3	0
0.143000	40.248317	214	310	1352	944	3	1	2	0
0.250000	39.719321	395	538	2258	1667	2	0	2	0
0.057000	42.107007	47	143	545	317	0	0	0	0
0.087000	40.379448	91	202	741	464	1	0	1	0
0.065000	40.311289	53	149	554	337	0	0	0	0
0.081000	38.205635	79	176	651	414	2	0	2	0
0.067000	40.968982	67	174	587	373	1	0	1	0
0.065000	39.981209	72	166	536	371	2	0	2	0
0.137000	38.134553	151	248	1035	673	4	0	4	0
0.082000	45.559804	65	171	654	390	1	0	1	0
0.100000	46.124784	103	228	871	526	1	0	1	0
0.138000	46.317351	153	277	1194	724	1	0	1	0
0.058000	46.690470	34	170	531	240	0	0	0	0
0.103000	42.638498	150	246	908	681	2	0	2	0
0.115000	43.839688	120	231	961	594	2	0	2	0
0.217000	39.774893	355	495	2067	1495	3	0	3	0
0.098000	44.147480	81	193	758	463	0	0	0	0
0.064000	42.850566	64	185	606	353	1	0	1	0
0.067000	41.658272	77	188	694	430	1	0	1	0
0.223000	46.140523	473	522	2752	1726	4	0	4	0
0.000000	44.327723	369	415	2213	1372	4	1	3	0
0.021000	46.690470	70	184	731	426	0	0	0	0
0.073000	47.314640	59	189	615	350	1	0	1	0
0.297000	45.851037	448	538	2393	1791	2	0	2	0
0.109000	47.539457	116	240	990	602	1	0	1	0
0.401000	48.648636	560	683	3646	2316	2	0	2	0
0.254000	50.160453	452	575	2988	1895	1	0	1	0
0.168000	46.186126	199	309	1406	911	1	0	1	0
0.096000	48.351424	150	275	1143	725	1	0	1	0
0.192000	50.210560	399	463	2282	1502	4	1	3	0
0.095000	51.313723	108	239	816	547	1	0	1	0
0.076000	51.333715	71	216	756	398	1	0	1	0
0.184000	50.068884	281	393	1835	1237	1	0	1	0
0.160000	50.791941	171	299	1354	828	1	0	1	0
0.225000	50.536406	300	423	2060	1328	2	1	1	0
0.124000	50.283733	168	301	1288	813	1	0	1	0
0.140000	50.672425	153	305	1310	763	1	0	1	0
0.091000	50.505406	95	214	917	514	2	0	2	0
0.222000	51.579739	372	478	1845	1541	3	0	3	0
0.162000	53.558296	255	378	1856	1113	4	0	4	0
0.158000	55.224593	302	391	2080	1232	3	1	2	0
0.087000	57.384667	55	221	758	363	0	0	0	0
0.922000	55.286447	676	803	3510	2735	3	0	3	0
0.112000	55.901699	87	223	926	523	0	0	0	0
0.109000	54.244289	102	234	951	563	1	0	1	0
0.141000	57.423141	188	306	1367	893	1	1	0	0
0.165000	55.761004	145	300	1381	747	1	1	0	0
0.365000	50.910216	575	687	3059	2322	2	0	2	0
0.136000	54.424259	115	261	1102	632	0	0	0	0
0.139000	61.152946	223	372	1534	1015	1	0	1	0
0.120000	57.706152	99	236	990	575	0	0	0	0
0.293000	54.680701	505	621	2845	2055	5	0	5	0
0.213000	59.641062	353	466	1921	1483	2	0	2	0
0.342000	57.992438	634	748	3478	2551	5	0	5	0
0.107000	60.990966	137	273	1106	698	2	0	2	0
0.185000	59.841698	188	358	1656	923	1	0	1	0
0.125000	57.351360	126	278	1129	672	1	1	0	0
0.174000	57.313954	555	695	3799	2302	3	1	2	0
0.120000	60.016664	99	245	1015	584	0	0	0	0
0.199000	61.029648	170	332	1507	865	1	0	1	0
0.215000	62.851596	359	482	2189	1527	2	1	1	0
0.189000	63.853721	325	447	2084	1399	1	0	1	0
0.083000	65.192024	57	243	775	383	0	0	0	0
0.656000	58.886419	1069	1214	6024	4286	4	0	4	0
0.189000	60.838760	216	360	1733	1027	2	0	2	0
0.124000	61.522354	95	239	1009	571	0	0	0	0
0.592000	60.528313	965	1093	5993	3853	4	0	3	1
0.521000	59.939280	710	848	3902	2861	2	0	2	0
0.229000	62.401618	427	572	2255	1767	4	0	4	0
0.192000	67.283776	329	443	2259	1299	5	0	5	0
0.160000	63.788714	135	295	1315	741	0	0	0	0
0.159000	63.193112	416	559	2254	1763	3	0	3	0
0.090000	64.467080	389	537	2418	1644	2	0	2	0
0.165000	66.732605	246	382	1664	1117	1	0	1	0
0.261000	65.686720	470	627	2795	1965	2	0	2	0
0.156000	64.812826	196	358	1467	935	3	1	2	0
0.087000	71.028163	71	221	936	491	0	0	0	0
0.442000	67.868843	691	845	4592	2871	1	0	1	0
0.141000	66.491377	237	342	1699	988	3	0	3	0
0.212000	69.451107	350	469	2464	1458	3	1	2	0
0.213000	71.224146	338	497	2199	1449	2	0	2	0
0.760000	66.152439	1236	1420	7080	4962	4	0	4	0
0.527000	66.095217	855	999	4883	3422	5	0	5	0
0.147000	69.507122	154	338	1491	821	1	0	1	0
0.170000	71.021124	123	322	1332	705	0	0	0	0
1.313000	68.939530	780	915	5093	3144	3	1	2	0
0.620000	67.782808	898	1056	5103	3602	4	0	4	0
0.768000	69.563835	996	1187	5620	4046	2	0	2	0
0.311000	68.046955	340	510	2243	1479	2	0	2	0
0.298000	72.779704	433	565	3003	1722	4	1	3	0
1.056000	71.356624	1548	1783	10028	6229	5	0	5	0
0.207000	71.093393	616	778	3645	2530	7	0	7	0
0.060000	74.681329	417	573	2806	1788	2	0	2	0
0.209000	72.125584	299	467	2005	1354	2	0	2	0
0.398000	72.942005	383	574	3012	1747	1	0	1	0
0.343000	77.610767	563	708	3369	2286	3	0	3	0
0.999000	70.601386	1565	1783	9157	6254	4	0	4	0
0.167000	71.952486	181	368	1619	923	2	1	1	0
0.136000	74.518454	91	305	1128	569	0	0	0	0
0.579000	75.784061	368	501	2525	1532	3	0	3	0
0.222000	74.574762	305	445	2161	1279	6	0	6	0
0.290000	76.063679	543	707	3430	2270	2	0	2	0
0.435000	76.394741	560	734	3536	2338	2	0	2	0
0.788000	74.206296	1054	1239	6257	4255	6	1	5	0
0.177000	80.386830	190	413	1871	967	2	0	2	0
0.961000	74.048286	1322	1513	7882	5312	4	0	4	0
1.722000	75.612708	2220	2387	13511	8735	7	0	7	0
0.736000	77.242181	554	716	3833	2296	2	0	2	0
0.177000	76.040652	176	381	1759	906	2	0	2	0
0.361000	84.066144	352	543	2914	1653	1	0	1	0
1.874000	78.341371	1773	2017	11674	7099	5	0	5	0
0.423000	82.799335	637	821	3982	2685	4	0	4	0
0.383000	82.129336	506	696	3319	2151	3	0	3	0
0.026000	80.856600	487	673	2854	2096	3	0	3	0
1.766000	79.046509	2182	2470	13595	8739	6	0	6	0
0.427000	82.008974	558	751	3500	2351	3	0	3	0
0.249000	83.207956	252	445	1970	1215	2	0	2	0
0.452000	80.605855	442	630	3287	1975	2	1	1	0
0.934000	80.174130	1127	1330	6267	4558	4	0	4	0
0.362000	82.254830	421	567	2912	1730	3	1	2	0
0.511000	83.956520	820	931	4812	3112	7	0	7	0
0.645000	86.417464	776	972	5559	3294	2	0	2	0
1.447000	80.827653	2094	2348	13748	8347	4	0	4	0
0.542000	84.228230	811	962	4430	3243	4	0	4	0
0.334000	83.454428	572	765	3510	2381	6	0	6	0
2.338000	83.366562	2410	2722	15280	9652	6	0	6	0
0.530000	82.070090	804	987	4705	3274	6	0	6	0
0.398000	84.946969	452	632	3273	1955	1	0	1	0
0.587000	85.007373	690	878	4974	2964	2	1	1	0
0.177000	89.600518	303	455	2265	1307	1	0	1	0
0.000000	87.403883	381	541	3010	1628	2	0	2	0
0.374000	88.024955	801	892	4629	2999	9	0	9	0
0.377000	89.190901	480	704	3359	2099	2	0	2	0
0.829000	86.531376	1229	1515	7600	5024	6	0	6	0
0.295000	91.530385	428	628	2649	1899	4	0	4	0
0.278000	88.067721	397	602	2862	1763	4	2	2	0
0.389000	88.557335	555	735	3418	2359	3	0	3	0
1.147000	85.680291	1547	1832	9524	6267	5	0	5	0
0.432000	86.798179	511	715	3052	2211	3	0	3	0
0.262000	93.257156	383	572	3170	1670	5	0	5	0
0.315000	88.671377	560	687	3518	2166	7	0	7	0
0.289000	91.782351	196	418	2022	1072	0	0	0	0
2.539000	95.132776	2762	2998	18723	11136	4	0	4	0
0.698000	89.448835	920	1102	6432	3802	2	0	2	0
0.877000	90.031738	1265	1449	8753	5107	3	0	3	0
0.235000	94.750523	337	519	2586	1472	3	0	3	0
0.676000	89.822664	1139	1353	6926	4601	8	0	8	0
1.475000	91.395725	2138	2379	13351	8556	4	0	4	0
0.642000	90.556076	247	467	2410	1227	2	1	1	0
1.664000	96.464761	1785	1989	12619	7217	2	0	2	0
0.249000	97.610239	296	511	2637	1465	1	0	1	0
0.424000	95.044767	590	794	3804	2521	3	0	3	0
0.612000	93.528205	954	1208	5810	3972	3	0	3	0
0.661000	93.964934	1522	1792	9382	6183	4	0	4	0
0.293000	97.161847	418	602	2935	1805	2	1	1	0
0.604000	96.351805	902	1090	6289	3697	4	1	3	0
1.348000	94.789305	2067	2319	12934	8286	4	0	4	0
0.318000	93.688633	340	567	3305	1609	2	1	1	0
1.029000	98.097909	987	1170	5465	3951	4	0	4	0
0.302000	99.086077	398	603	3374	1762	5	0	5	0
0.168000	102.401754	234	433	1939	1172	2	0	2	0
1.957000	96.175200	2922	3190	19403	11571	5	0	5	0
0.538000	97.814539	785	1033	4967	3289	4	0	4	0
0.506000	102.405793	712	879	4070	2869	3	0	3	0
0.778000	97.538912	1501	1845	9866	6184	4	0	4	0
0.320000	102.513745	510	700	3488	2142	4	0	4	0
0.623000	98.745128	939	1213	5780	3932	3	0	3	0
3.041000	98.957197	3446	3638	20248	13440	6	0	6	0
1.550000	97.813827	2214	2432	13897	8782	4	0	4	0
0.494000	103.894178	633	831	4777	2597	4	0	4	0
0.560000	102.616709	871	1016	5505	3335	6	0	6	0
0.305000	101.651365	237	493	2397	1269	0	0	0	0
2.392000	100.894734	3289	3572	22448	13032	4	0	4	0
1.775000	100.599234	2660	2959	17694	10602	5	0	5	0
0.080000	107.245585	599	778	3925	2467	4	0	4	0
1.646000	103.437817	2495	2782	17433	9910	4	0	4	0
0.329000	103.452031	530	741	3625	2246	3	0	3	0
0.888000	101.631960	1438	1636	10492	5770	4	0	4	0
1.248000	105.754183	1089	1308	7586	4457	4	0	3	1
0.705000	106.069378	1158	1242	6294	4283	6	0	6	0
0.108000	109.447115	184	396	1665	999	3	0	3	0
2.611000	109.549538	3707	3889	25093	14602	3	0	3	0
5.067000	109.371105	5501	5767	37807	21603	5	0	5	0
0.647000	106.369320	761	1029	4859	3255	3	0	3	0
2.397000	105.839046	3682	3997	24551	14579	4	0	4	0
0.824000	105.453050	1398	1668	8883	5662	7	0	7	0
0.764000	105.448181	1175	1419	7636	4794	4	1	3	0
0.442000	108.853064	834	1058	5845	3475	4	1	3	0
1.539000	105.627992	1848	2087	12069	7413	6	0	6	0
1.219000	115.628123	1560	1746	11534	6149	6	0	6	0
0.797000	109.142275	663	925	5415	2974	1	0	1	0
0.435000	110.924604	763	1025	5157	3298	4	0	4	0
2.482000	109.462764	3378	3764	23006	13549	4	0	4	0
0.739000	113.736988	1028	1264	6254	4186	6	1	5	0
1.972000	110.588144	2884	3163	18630	11442	4	0	4	0
1.656000	107.776032	2214	2396	16085	8741	3	0	3	0
2.363000	111.725719	3270	3501	20651	12829	3	0	3	0
2.970000	110.426708	4007	4251	25862	15652	4	0	4	0
3.247000	109.898886	4435	4706	28695	17269	3	0	3	0
0.554000	112.690292	926	1083	5553	3529	4	0	4	0
1.216000	118.721422	1745	1949	12921	6855	5	0	5	0
0.502000	115.036974	792	1023	5358	3185	5	0	5	0
0.697000	115.658576	758	1007	5820	3337	1	0	1	0
3.761000	113.297672	4383	4593	29799	17192	3	0	3	0
0.553000	112.663115	706	983	4618	3061	3	0	3	0
1.135000	113.038110	1633	1966	10499	6701	3	0	3	0
2.911000	117.059681	3889	4214	25996	15441	5	1	4	0
0.403000	114.626506	540	783	4034	2372	2	0	2	0
2.084000	112.350748	3026	3304	19529	11998	4	0	4	0
1.631000	117.496688	885	1038	5148	3349	6	0	6	0
1.179000	122.131945	1130	1363	8742	4589	4	0	4	0
0.429000	118.265240	698	937	5771	2939	5	0	5	0
0.175000	115.550268	444	700	3070	1880	7	0	7	0
3.708000	118.791007	4161	4388	29555	16229	7	2	5	0
0.831000	117.119109	882	1168	6323	3709	4	0	4	0
0.367000	121.432298	1195	1426	7621	4825	5	0	5	0
1.120000	121.483354	1681	1913	11043	6725	5	0	5	0
0.398000	118.440803	578	827	4064	2486	2	0	2	0
2.372000	121.852042	2584	2855	17039	10269	4	0	4	0
0.431000	122.030713	599	847	3913	2419	4	0	4	0
0.372000	120.798695	550	815	3596	2287	4	0	4	0
0.160000	122.611028	752	992	5416	3037	7	0	7	0
0.713000	122.881423	1108	1310	6942	4320	7	0	7	0
0.584000	123.889063	839	1108	5887	3599	5	0	5	0
0.504000	126.128237	720	986	3916	2972	3	0	3	0
0.762000	124.145187	1246	1513	8896	5132	4	1	3	0
1.459000	122.087492	1776	2120	11386	7205	4	0	4	0
0.517000	120.556432	943	1204	6499	3937	4	1	3	0
1.527000	119.256494	2250	2621	15646	9110	5	0	5	0
1.391000	127.657237	1335	1491	7897	5107	9	0	9	0
1.046000	129.902111	1425	1656	10886	5665	4	0	4	0
0.584000	123.449300	961	1146	5806	3699	3	0	3	0
0.402000	127.036657	642	900	4529	2669	8	1	7	0
1.598000	127.470164	2213	2450	15908	8708	7	1	6	0
0.384000	127.427923	417	686	3689	1961	3	0	3	0
3.389000	124.250278	3071	3373	21151	12375	7	0	7	0
1.056000	127.830651	1391	1684	10357	5703	4	1	3	0
1.749000	122.090147	2381	2773	15868	9648	4	0	4	0
2.424000	123.706257	4084	4248	26233	15869	5	0	4	1
0.889000	130.846948	1107	1387	8481	4552	5	0	5	0
0.492000	136.158292	701	1006	3914	2895	3	0	3	0
5.729000	130.384938	1189	1487	8226	4984	6	1	5	0
0.962000	131.620240	1270	1567	8655	5219	5	0	5	0
2.975000	131.239170	1555	1840	10475	6323	4	0	4	0
6.876000	127.083912	3945	4311	28399	15626	5	0	5	0
1.908000	126.073570	2770	3162	18609	11177	5	0	5	0
6.951000	128.045694	3901	4217	25928	15427	4	0	4	0
0.955000	129.444904	1487	1763	11005	6048	4	1	3	0
5.584000	127.218013	4364	4567	27793	16961	5	0	5	0
0.457000	135.087270	649	948	4400	2672	4	0	4	0
4.085000	133.512549	1784	2018	13029	7107	6	0	5	1
0.576000	130.677605	696	958	5382	3005	4	0	4	0
0.371000	136.134949	564	853	5109	2550	4	1	3	0
1.165000	135.169365	1488	1785	10152	6077	4	0	4	0
0.861000	132.439179	1189	1481	8346	4930	5	2	3	0
9.780000	133.669230	2377	2700	15532	9494	5	0	5	0
2.214000	131.169305	2999	3286	19612	11888	6	1	5	0
0.462000	130.274668	489	802	4603	2265	3	1	2	0
1.084000	131.691156	1331	1612	8977	5430	2	0	2	0
2.395000	137.202097	3111	3307	21010	12017	6	0	6	0
5.619000	132.673823	1053	1241	6222	4041	4	0	4	0
0.936000	137.564613	1181	1437	8590	4773	8	1	7	0
1.136000	140.245713	1615	1874	12032	6419	6	0	6	0
0.607000	136.366601	1487	1649	8723	5680	7	2	5	0
0.708000	137.410675	699	974	5533	3037	3	0	3	0
1.262000	137.988644	1655	1961	12361	6948	4	0	4	0
15.415000	137.505504	8150	8607	60526	32105	8	0	8	0
0.832000	142.909737	1238	1529	7703	5026	4	0	4	0
1.262000	141.188875	1887	2192	14013	7644	4	1	3	0
10.039000	140.734166	2582	2788	18227	9997	7	1	6	0
2.189000	138.503246	2677	2878	18755	10360	6	0	6	0
6.893000	141.827384	2616	2837	18322	10150	6	0	6	0
0.196000	145.696567	303	574	2781	1517	2	1	1	0
3.760000	137.514295	5375	5692	37567	21088	6	0	6	0
0.500000	143.628338	821	1154	6190	3644	5	0	5	0
1.468000	140.457631	1410	1728	10967	5798	4	0	4	0
17.185000	143.457111	9439	9886	70056	37055	7	1	6	0
1.635000	142.527796	2080	2530	14674	8605	4	0	4	0
1.071000	142.494728	1520	1843	10367	6227	4	0	4	0
0.625000	142.611239	978	1218	6220	3800	6	1	5	0
0.604000	144.102944	1036	1285	6690	4055	7	0	7	0
0.423000	147.228297	662	996	4598	2763	4	0	4	0
1.482000	149.892594	2148	2404	15889	8365	3	0	3	0
11.068000	142.605187	3292	3511	22812	12750	6	1	5	0
0.723000	145.010970	1421	1727	10869	5812	5	0	4	1
5.438000	144.142391	747	1070	5608	3156	9	1	8	0
1.869000	142.482522	1804	2101	12892	7420	5	0	5	0
2.334000	142.483361	2678	3110	19118	10911	4	0	4	0
2.546000	144.571526	3193	3545	24125	12750	6	2	4	0
5.895000	147.376080	2842	3099	19788	11023	6	0	6	0
0.444000	151.045516	650	968	4734	2706	5	0	5	0
0.718000	146.506000	819	1098	6410	3486	4	0	3	1
0.443000	149.781364	432	789	4439	2180	4	0	4	0
0.783000	151.467461	1026	1369	6666	4303	4	0	4	0
9.210000	151.853242	2030	2505	15281	8449	6	0	6	0
0.670000	150.117901	960	1293	6737	4061	5	1	4	0
7.918000	149.591203	4848	5275	35506	19276	5	0	5	0
1.331000	150.081096	1671	2034	11589	6847	5	0	5	0
5.265000	149.912897	3633	4028	27680	14503	6	1	5	0
0.491000	155.765419	663	1013	6388	3000	5	0	5	0
0.562000	153.984837	805	1135	6097	3361	8	2	6	0
0.553000	152.805714	841	1159	6461	3486	7	1	6	0
0.515000	148.323783	747	1072	5925	3181	9	1	8	0
5.493000	155.993991	1615	1935	12745	6801	4	0	4	0
2.797000	149.794697	3797	3932	25094	14626	9	0	9	0
12.203000	149.297888	3759	4142	27211	15027	5	0	5	0
2.032000	155.323606	2430	2769	18155	9781	5	2	3	0
2.643000	150.970556	3594	3998	25770	14288	6	0	6	0
7.260000	152.734254	3684	3975	25075	14498	3	0	3	0
2.898000	158.162456	968	1296	7317	4010	8	1	7	0
0.784000	156.525357	1112	1424	8727	4540	7	1	6	0
0.589000	158.961591	584	924	5270	2687	2	0	2	0
3.341000	157.628134	3474	3843	27305	14134	3	0	3	0
5.312000	155.807457	1024	1367	7578	4335	5	0	5	0
0.913000	155.414132	1259	1576	9631	5197	6	0	6	0
7.790000	157.603532	5058	5358	37216	19785	8	2	5	1
0.773000	157.873781	894	1231	7107	3851	3	0	3	0
14.640000	159.657107	7104	7590	52710	28008	4	0	4	0
0.493000	155.012204	770	1179	7581	3512	3	0	3	0
0.289000	168.537481	442	745	3843	2092	3	2	1	0
0.316000	166.880452	512	822	4760	2341	5	0	5	0
1.957000	163.781027	2554	2780	18191	9923	7	0	7	0
12.440000	158.574741	5816	6136	40487	22790	6	0	6	0
2.563000	164.839697	3803	4025	26493	14802	7	1	6	0
2.390000	161.595048	2200	2576	16465	8927	5	1	4	0
9.587000	160.254255	6776	7290	51170	26825	5	0	5	0
10.000000	157.522915	5756	6151	42029	22597	5	0	5	0
5.042000	158.849778	4459	4876	32450	17663	5	0	5	0
2.458000	160.912860	3257	3468	22830	12700	6	0	6	0
1.025000	164.977426	1456	1761	11032	5878	8	1	7	0
1.061000	168.287536	1544	1853	11539	6156	8	0	8	0
8.506000	167.248279	2032	2278	14744	7995	8	1	7	0
3.280000	161.741293	4485	4708	28395	17421	6	0	6	0
13.219000	164.379989	5249	5410	32064	20215	7	0	7	0
12.248000	163.824846	9101	9542	68003	35620	5	0	4	1
0.645000	162.450341	1071	1507	9163	4668	4	0	4	0
13.180000	162.380873	5956	6271	41946	23299	6	0	6	0
14.138000	164.542592	6475	6791	47086	25310	7	1	6	0
14.902000	164.370754	8592	9057	63802	33680	5	0	5	0
2.441000	172.086168	3201	3582	24451	12670	7	2	5	0
1.063000	164.753033	1474	1782	11556	5923	5	1	4	0
1.748000	170.324557	1927	2220	14673	7665	7	1	6	0
18.764000	169.144286	5553	5901	41599	22062	5	0	5	0
5.985000	172.182296	6428	6703	48045	25232	3	0	3	0
7.500000	167.861993	5101	5286	31568	19707	7	0	7	0
0.787000	167.774204	1014	1393	7584	4333	5	0	5	0
24.941000	168.318282	11407	11817	85285	44450	7	1	6	0
11.029000	168.417163	7433	7863	54725	29155	5	0	5	0
7.810000	167.957046	7643	8057	55739	29944	5	0	5	0
2.588000	175.004938	2989	3197	20632	11553	8	0	8	0
1.458000	170.963303	2126	2419	16183	8465	8	1	7	0
0.909000	170.381253	1755	2043	13578	6991	5	1	4	0
0.889000	172.798228	864	1235	7625	3855	4	0	4	0
0.501000	174.286340	708	1080	7158	3252	5	1	4	0
1.736000	170.792044	2071	2394	15501	8339	6	1	4	1
5.565000	172.302237	5186	5549	39172	20657	5	0	5	0
1.637000	172.195455	1914	2192	14595	7718	4	0	3	1
9.909000	170.744229	12239	12618	90904	47633	8	1	7	0
1.065000	170.044158	1415	1749	11289	5870	4	1	3	0
1.746000	177.244413	2325	2593	16625	9096	5	0	5	0
2.249000	179.241621	2333	2613	16634	9142	6	0	6	0
3.797000	176.282575	4924	5246	37016	19157	7	1	5	1
1.395000	176.390522	2127	2397	16008	8364	6	1	5	0
0.733000	175.581003	706	1065	6236	3191	2	0	2	0
1.849000	177.800607	2671	2910	18861	10384	7	0	7	0
0.502000	175.912098	718	1096	6921	3257	5	0	5	0
2.937000	175.805793	3904	4290	30095	15415	10	1	9	0
3.248000	172.408316	4468	4765	30211	17473	10	0	10	0
10.251000	177.360970	11828	12180	87005	45993	7	0	7	0
1.405000	179.787768	1948	2242	14532	7758	7	1	6	0
3.062000	182.103108	4305	4655	32630	16831	6	0	5	1
4.362000	180.285763	4932	5271	37736	19227	6	1	5	0
0.660000	178.909679	910	1291	7193	3874	8	1	7	0
1.335000	179.240846	1949	2279	14627	7820	6	0	5	1
1.264000	178.241736	1488	1890	11954	6189	6	0	5	1
1.060000	180.966707	931	1295	8216	4137	4	1	3	0
5.100000	180.990093	6172	6518	47129	24083	10	1	8	1
4.273000	181.130963	4489	4741	31977	17521	8	0	7	1
2.868000	175.573449	3675	3940	26858	14458	6	0	5	1
4.130000	185.287997	5273	5623	40090	20577	6	0	5	1
0.988000	180.389099	1640	2014	12365	6714	6	0	5	1
0.786000	185.148846	919	1342	9107	4103	5	0	5	0
3.997000	186.505109	4264	4693	33172	16897	4	0	3	1
4.195000	186.626843	5744	5993	39426	22233	8	0	8	0
3.091000	182.985363	5036	5285	32062	19509	9	0	9	0
3.010000	182.834024	3455	3762	26050	13656	4	1	3	0
2.033000	182.648036	2851	3135	20757	11293	5	0	5	0
3.019000	178.714016	4094	4367	26133	15974	8	0	8	0
4.748000	183.467335	5427	5814	40926	21599	6	0	6	0
0.455000	192.556072	770	1166	7755	3468	7	0	7	0
1.010000	185.636761	1748	2131	13519	7106	7	0	6	1
4.214000	188.727793	4848	5302	38041	19169	7	1	5	1
4.859000	188.426108	5465	5862	41692	21742	6	0	6	0
3.966000	185.325626	4985	5194	34599	19352	8	2	6	0
2.627000	184.864146	3446	3768	26890	13678	5	1	4	0
2.900000	183.385259	3922	4147	29954	15265	6	0	4	2
2.607000	186.648938	2578	2924	19560	10336	4	0	3	1
3.373000	189.002440	3944	4268	29305	15560	5	1	4	0
6.772000	188.490804	7293	7568	53556	28506	5	0	5	0
3.021000	193.086168	4116	4551	32027	16321	7	2	5	0
3.310000	193.175000	2682	3016	21827	10835	5	2	3	0
2.964000	194.527862	2945	3283	24020	11859	6	1	5	0
9.296000	194.034633	11357	11742	83370	44122	6	0	6	0
3.391000	187.858837	4697	4927	32590	18276	7	2	5	0
3.083000	187.852093	3350	3681	25002	13287	4	1	3	0
3.901000	190.201699	4749	5213	38385	18986	9	0	9	0
1.206000	193.623900	1753	2148	12937	7175	6	0	6	0
2.389000	191.436227	3339	3684	25198	13258	4	1	3	0
2.979000	187.874392	4350	4659	28558	16991	8	0	8	0
6.599000	197.601110	6483	6766	50258	25256	9	1	8	0
1.581000	194.896330	2220	2531	16863	8778	6	1	5	0
2.409000	198.752731	3300	3667	25929	13160	7	0	7	0
1.226000	195.757079	1091	1523	9865	4819	5	0	5	0
3.625000	198.701934	2543	2928	21454	10364	5	1	4	0
5.395000	197.007824	6443	6817	49885	25174	6	1	4	1
3.541000	195.098533	3861	4303	29886	15331	4	0	3	1
3.438000	198.938787	4590	5026	36076	18105	6	1	4	1
0.619000	196.615352	788	1231	7921	3653	4	1	3	0
6.824000	194.042222	7045	7356	51709	27619	3	0	3	0
0.849000	198.021070	721	1155	6973	3358	4	0	4	0
3.327000	201.401796	4024	4367	31358	15907	7	0	7	0
3.294000	199.956756	4472	4677	27745	17208	8	0	8	0
1.181000	201.114464	1315	1739	11865	5682	7	1	6	0
9.858000	200.333606	11832	12205	86331	45948	4	0	4	0
6.870000	199.407184	8330	8683	60133	32536	5	0	5	0
10.692000	202.208729	12948	13286	94521	50194	6	0	6	0
19.553000	200.659353	10030	10425	76159	39295	8	0	7	1
12.258000	198.356224	5276	5918	43702	21311	6	0	6	0
9.447000	199.688469	4692	4975	33003	18322	8	0	7	1
6.973000	203.891888	3577	3956	29534	14312	4	0	4	0
1.368000	208.926947	1829	2246	16596	7649	7	1	6	0
8.638000	205.429992	8969	9319	68728	34843	7	0	7	0
3.481000	203.152716	5207	5447	32318	20055	10	0	10	0
0.825000	202.716517	736	1170	6929	3433	5	0	5	0
7.673000	201.607429	8295	8659	60129	32423	3	0	3	0
6.997000	204.206703	8870	9231	62742	34602	9	0	9	0
4.049000	201.040355	4700	4968	32258	18320	7	2	5	0
3.024000	198.539677	4010	4369	30660	15905	5	1	4	0
5.351000	199.618673	6922	7172	47585	26745	7	0	6	1
1.852000	202.409068	3364	3739	22587	13306	6	0	6	0
5.037000	205.067568	6099	6396	44451	23767	5	0	5	0
2.741000	202.311016	3853	4207	28798	15255	5	1	4	0
5.171000	204.689535	6860	7221	47805	26723	8	0	8	0
8.801000	203.047628	6032	6324	44103	23508	5	0	5	0
18.830000	208.570808	6806	7103	46607	26394	7	0	7	0
17.111000	204.714343	9810	10179	70731	38224	9	0	9	0
4.322000	204.042600	4839	5161	34060	18908	9	0	8	1
7.821000	206.250518	8659	9100	63030	33968	8	0	8	0
9.380000	206.352449	10276	10706	80613	40162	8	0	8	0
6.485000	211.646148	6309	6763	48545	25017	9	1	8	0
10.738000	209.970634	11782	12214	93104	45927	7	0	7	0
8.619000	209.731341	10347	10733	76155	40472	8	0	8	0
8.903000	211.192165	10601	11050	84903	41418	6	0	6	0
9.309000	211.871729	11292	11609	78658	43884	7	0	7	0
6.173000	211.559341	8478	8861	57637	33017	7	0	7	0
6.133000	208.099285	6523	6739	43368	25207	7	1	6	0
9.434000	212.391069	11185	11554	78458	43448	7	0	7	0
9.551000	212.115678	10714	11126	80900	41772	5	0	5	0
10.110000	211.783658	10794	11186	82285	42133	9	0	9	0
1.186000	215.412319	1056	1520	9891	4755	5	0	5	0
1.637000	218.310120	1080	1531	9979	4858	4	0	4	0
3.022000	218.807939	2868	3304	24734	11732	6	1	5	0
11.964000	219.832004	14047	14346	102804	54304	7	0	7	0
8.110000	213.600230	10490	10932	77427	40791	8	1	7	0
9.405000	214.305087	10198	10698	81921	40002	6	0	6	0
10.588000	214.425787	11394	11733	79412	44273	8	0	8	0
8.345000	215.952496	10571	10907	73018	41085	7	0	7	0
4.587000	212.651464	5819	6008	38536	22447	10	1	9	0
9.447000	217.646442	11622	12022	88183	45144	5	0	5	0
10.693000	221.502293	12858	13202	95658	49856	7	0	7	0
3.296000	215.516698	3747	4088	30863	14784	6	1	5	0
2.544000	214.340354	3494	3905	28051	13972	5	0	4	1
8.522000	216.550716	9537	10083	77051	37532	6	0	6	0
10.255000	217.308220	12057	12494	95513	46992	7	0	7	0
15.434000	220.582144	16933	17210	131335	65454	8	0	8	0
2.763000	216.667257	3469	3873	25933	13823	6	0	5	1
5.542000	217.569312	6805	7102	45332	26406	5	0	4	1
9.872000	217.998666	12390	12763	88782	48088	9	0	9	0
11.531000	218.831495	13488	13807	98129	52230	9	0	9	0
2.252000	224.005770	2355	2790	20522	9773	5	0	5	0
11.719000	223.598660	13297	13626	98540	51507	7	0	7	0
4.093000	220.124687	5141	5355	40060	19923	6	1	5	0
7.423000	221.513441	9616	10068	70664	37720	8	0	8	0
13.822000	222.984037	16563	16911	130414	64126	7	0	7	0
7.831000	221.685068	10138	10470	70689	39439	10	0	10	0
8.930000	225.961538	11998	12358	82873	46569	8	0	8	0
6.665000	221.018676	8103	8495	55069	31568	8	0	8	0
4.641000	218.482282	6561	6805	41660	25394	7	0	6	1
4.645000	216.496215	6069	6394	40078	23637	6	0	4	2
11.834000	227.912354	13095	13423	97328	50751	10	0	10	0
15.482000	225.408009	16931	17253	133530	65475	7	0	7	0
3.285000	222.950422	4027	4465	31605	16081	5	0	3	2
3.446000	220.212494	4823	5133	31485	18829	7	1	5	1
4.680000	223.226403	6451	6774	42220	25096	5	0	5	0
4.957000	224.284418	6945	7247	45436	26947	7	1	6	0
5.015000	220.950930	6022	6365	39667	23474	6	0	5	1
11.080000	224.126315	13849	14209	102415	53627	6	0	5	1
9.307000	222.720512	10649	11093	78794	41651	8	0	8	0
14.177000	228.383566	16091	16492	126910	62434	8	0	8	0
10.415000	228.075590	11588	11940	79381	44996	8	0	8	0
7.639000	224.622927	10507	10850	71456	40844	7	0	6	1
5.935000	224.917344	6626	6945	43267	25748	5	0	5	0
7.274000	227.695550	9200	9653	66471	35971	8	0	8	0
10.364000	231.090864	12032	12435	87101	46809	8	0	8	0
11.320000	232.491891	13295	13630	98530	51526	7	0	7	0
5.494000	230.227782	6882	7144	43333	26563	10	2	8	0
4.367000	227.747851	6127	6332	46089	23628	7	0	7	0
4.757000	225.400755	5987	6358	41365	23387	8	0	8	0
6.402000	226.343056	7774	8277	56646	30547	8	0	8	0
2.546000	234.894020	2610	3053	22778	10719	8	0	8	0
13.265000	237.623661	15481	15844	112794	59822	6	0	6	0
14.033000	237.508727	16115	16411	117414	62278	10	0	10	0
9.848000	234.259102	11942	12306	84141	46415	10	0	10	0
7.033000	232.080921	9912	10287	68948	38604	10	0	10	0
11.526000	232.354986	13550	13882	92798	52526	7	0	7	0
8.837000	232.585693	11207	11575	75496	43518	8	0	8	0
10.493000	232.061788	12383	12773	89883	48149	8	0	8	0
14.551000	232.943922	16936	17265	133864	65560	7	0	7	0
12.379000	236.372051	14367	14708	105176	55624	6	0	6	0
8.005000	236.987682	9141	9720	73897	36020	6	0	5	1
5.241000	236.810090	6764	7045	41520	26162	10	1	9	0
10.431000	236.116043	12040	12509	93509	46997	9	0	9	0
11.474000	239.043322	13568	13934	100993	52635	8	0	8	0
8.720000	237.119321	10690	11160	79210	41862	9	0	9	0
8.178000	234.668384	8159	8743	65282	32246	6	0	6	0
3.558000	232.613454	4305	4669	34993	16984	6	2	4	0
8.919000	235.556169	11333	11715	76232	44024	7	0	7	0
12.146000	238.648917	13233	13861	104481	51689	6	0	6	0
3.842000	233.749612	5256	5527	32712	20409	9	1	8	0
2.813000	246.662190	2940	3433	25985	12098	6	1	5	0
13.344000	242.471093	15742	16077	113971	60856	11	0	11	0
12.879000	242.110555	15217	15520	108382	58788	10	0	10	0
6.652000	241.051376	7596	7847	54704	29232	8	0	8	0
9.416000	242.265511	11554	11960	79796	44971	10	0	10	0
11.919000	245.247451	13763	14134	94515	53378	8	0	8	0
4.134000	237.097525	4963	5245	30885	19283	9	1	8	0
10.121000	242.339398	12315	12687	87015	47891	12	0	12	0
9.805000	238.211769	11647	12048	79483	45271	7	0	7	0
10.015000	239.509577	12422	12804	84269	48203	8	0	8	0
4.838000	241.607327	6357	6586	47234	24533	9	0	9	0
5.312000	245.254899	7211	7466	52151	27737	8	0	8	0
9.856000	246.476749	10603	10997	74057	41286	9	0	9	0
5.149000	239.973531	7117	7413	44428	27565	10	0	10	0
11.441000	241.473889	14266	14790	109661	55469	7	0	7	0
14.902000	244.635352	17213	17604	134665	66626	5	0	5	0
14.152000	244.882060	16802	17098	121572	64888	11	0	11	0
6.392000	243.533702	7706	8008	55440	29858	7	0	7	0
11.711000	245.917131	13211	13609	97427	51356	9	0	9	0
14.927000	247.193009	14340	14680	106633	55494	7	0	7	0
15.006000	249.981104	14398	14749	108522	55778	9	0	9	0
19.111000	247.183154	15033	15629	120661	58719	7	0	7	0
8.757000	250.757728	10767	11171	74372	41949	9	1	8	0
10.358000	246.935105	11995	12408	80612	46649	8	1	7	0
9.767000	245.428048	10702	11094	71758	41641	8	1	7	0
6.941000	245.030160	9592	10000	64127	37374	9	0	9	0
6.587000	245.192137	8203	8506	59465	31790	8	0	8	0
17.041000	250.696057	18053	18264	137284	69487	8	0	8	0
14.558000	248.911728	16544	16854	117666	63881	10	0	10	0
11.220000	248.092205	12879	13554	102921	50541	7	0	7	0
13.637000	253.524411	14536	14818	103943	56247	13	0	13	0
12.109000	251.923702	12936	13330	91507	50295	11	0	11	0
9.713000	254.185546	12403	12820	86279	48262	10	0	10	0
9.317000	253.442933	11741	12157	81899	45715	11	0	11	0
9.995000	252.232059	11924	12353	82460	46424	9	0	9	0
8.535000	250.614907	11294	11653	79785	43882	10	0	10	0
7.595000	249.514159	9329	9790	63742	36386	10	0	10	0
13.823000	255.199971	14959	15457	119998	58174	6	0	6	0
6.089000	251.644042	7029	7281	50814	27082	8	0	8	0
14.678000	252.039745	17177	17559	138222	66587	8	0	8	0
6.984000	259.744579	6758	7198	56453	26662	9	1	8	0
14.402000	257.788816	17130	17442	120286	66110	10	0	10	0
11.924000	255.043619	13116	13498	92674	50965	11	0	11	0
9.787000	257.034025	12041	12485	82936	46890	8	1	7	0
9.652000	253.749071	12066	12489	80130	46929	7	1	6	0
3.994000	253.075494	5509	5831	33766	21448	9	1	8	0
6.975000	254.621675	8132	8632	59922	31747	7	0	7	0
7.483000	253.814959	9523	10050	71665	37178	9	0	9	0
16.122000	253.051548	17948	18181	140621	69168	7	0	7	0
8.670000	254.915181	10865	11269	75891	42320	10	0	10	0
8.785000	265.345719	9349	9742	76837	36442	12	1	11	0
7.125000	258.940318	8306	8638	59355	32042	8	0	8	0
9.811000	260.983953	11613	11984	82115	45117	11	0	11	0
7.698000	256.299452	9178	9452	68035	35435	9	0	9	0
9.602000	257.026066	11217	11677	85490	43677	8	0	8	0
6.120000	258.137225	7423	7681	54513	28697	11	0	11	0
7.931000	261.192180	10000	10489	70000	39031	9	0	9	0
5.820000	258.053952	8101	8407	51736	31392	10	1	9	0
8.343000	259.864115	10473	10912	73440	40777	10	0	10	0
5.443000	257.970359	7968	8300	57777	30755	8	0	8	0
13.217000	263.426849	15072	15372	108911	58332	14	0	14	0
13.925000	266.712385	16508	16858	116252	63718	10	0	10	0
6.171000	260.835294	7990	8320	57537	30834	8	0	8	0
8.083000	260.531135	9611	10097	65383	37476	10	0	10	0
8.444000	260.253436	9549	10005	64903	37179	11	0	11	0
6.562000	261.962201	8087	8462	58627	31420	7	0	7	0
7.633000	259.658952	10661	11181	81455	41617	9	0	9	0
7.668000	262.280015	9329	9666	66195	36000	8	0	8	0
13.347000	267.402684	15589	15858	112705	60252	13	0	13	0
17.253000	261.262816	18076	18300	140059	69601	7	0	7	0
7.790000	270.127049	7690	8152	63886	30282	8	0	8	0
9.692000	266.400426	12225	12625	87036	47506	12	0	12	0
8.006000	263.285451	10072	10625	77392	39327	8	0	7	1
7.691000	267.654470	9946	10425	69065	38735	9	0	9	0
6.863000	264.655263	8405	8752	59988	32453	8	0	8	0
14.466000	267.895273	16060	16559	128447	62366	10	1	9	0
16.031000	267.854437	18302	18702	146822	70980	10	0	10	0
13.192000	268.216149	15530	15810	111169	60060	13	0	13	0
5.875000	267.171713	7500	7822	54721	28946	9	0	9	0
5.639000	266.275464	7905	8151	57892	30523	11	0	11	0
9.850000	273.916704	10671	11151	86680	41703	9	0	8	1
8.174000	273.673923	8611	9082	70775	33799	10	0	10	0
12.176000	271.233412	14340	14684	101357	55592	11	0	11	0
8.121000	270.535243	9930	10413	67727	38678	11	0	11	0
10.580000	271.951839	12701	13168	90067	49465	11	0	11	0
6.681000	268.715925	8976	9337	63751	34693	8	0	8	0
7.123000	268.768849	9118	9414	67264	35240	8	1	7	0
4.683000	271.013984	7215	7514	52999	27895	10	0	10	0
5.198000	269.106866	7153	7454	52691	27671	10	0	10	0
5.645000	270.273843	7154	7454	52517	27660	9	0	9	0
9.168000	274.893592	10272	10735	83620	40030	7	0	7	0
8.083000	275.850791	8393	8894	67878	33018	11	1	10	0
16.132000	276.732912	18664	18993	145728	72185	11	0	11	0
12.960000	274.540704	15510	15795	111667	59959	13	0	13	0
6.724000	269.207098	8847	9160	65282	34228	8	0	8	0
7.842000	272.674618	9474	9855	67224	36621	8	0	8	0
15.899000	277.089712	18261	18602	141633	70646	10	0	10	0
11.096000	279.064063	13693	14123	97756	53212	11	0	11	0
6.327000	272.635891	8446	8675	62718	32536	10	0	10	0
6.660000	274.196594	8771	8999	65320	33726	11	1	10	0
13.861000	284.098524	13959	14276	111300	53941	8	0	8	0
14.552000	284.423360	15207	15505	119235	58575	12	0	12	0
9.022000	279.473740	9517	10086	78443	37330	9	0	9	0
10.429000	280.315844	11212	11664	90574	43657	8	1	7	0
6.072000	278.614470	7568	7887	55802	29299	10	0	10	0
6.060000	277.890997	8010	8297	59704	30956	11	0	11	0
6.027000	280.072250	8682	8916	65222	33406	10	0	10	0
5.635000	278.591842	7576	7937	56222	29404	10	0	10	0
5.604000	277.289028	7889	8207	58682	30564	11	0	11	0
11.500000	280.241641	12404	12888	100045	48316	9	0	9	0
12.035000	282.988978	12484	12909	101071	48488	8	0	8	0
14.726000	286.713153	15248	15545	119075	58731	11	0	11	0
11.265000	284.088884	12045	12556	97343	46990	11	0	11	0
15.493000	286.921893	16440	16781	127484	63330	10	0	10	0
15.361000	285.665518	18352	18735	142586	71030	10	0	10	0
6.679000	281.205385	8461	8701	63152	32603	10	0	10	0
5.501000	279.823848	7498	7807	54826	29019	10	0	10	0
6.344000	280.757334	8029	8397	58184	31037	9	0	9	0
17.079000	284.912865	19435	19665	153674	74906	11	0	11	0
5.845000	281.429822	7807	8132	57813	30223	10	0	10	0
9.913000	288.894365	9738	10309	79913	38250	11	0	11	0
12.330000	290.004417	14107	14413	112287	54492	10	0	10	0
7.899000	287.365890	8638	9119	70605	33938	13	0	13	0
14.687000	289.271783	16008	16332	124986	61670	8	0	8	0
8.790000	284.007210	8098	8476	58503	31317	9	0	9	0
18.497000	287.398979	18645	19015	146397	72147	9	0	9	0
17.086000	287.544002	18891	19219	149360	73014	10	0	10	0
5.878000	284.875131	8111	8408	60667	31342	11	0	11	0
15.795000	291.315368	18149	18366	139312	69762	10	1	9	0
8.096000	284.801419	8721	9185	71806	34214	13	0	13	0
7.890000	292.344962	8883	9347	72892	34812	11	0	11	0
14.732000	291.810227	15985	16304	124946	61574	12	0	12	0
18.149000	289.233763	18816	19153	147085	72746	11	0	11	0
6.974000	288.186030	8497	8751	63527	32759	10	0	10	0
5.632000	286.714957	8131	8443	61090	31444	11	0	11	0
14.197000	294.569995	14455	14794	114390	55844	11	0	11	0
13.299000	290.772307	14428	14724	113438	55691	12	0	12	0
13.480000	297.017852	15687	16019	121621	60456	9	0	9	0
9.537000	292.184269	10532	11065	85924	41181	9	1	8	0
11.749000	290.349793	12852	13274	103268	49893	8	0	8	0
10.014000	296.208980	10780	11348	87463	42228	12	1	11	0
12.957000	294.531417	12775	13207	102333	49612	8	0	8	0
11.996000	296.933068	13003	13426	104150	50478	9	0	9	0
12.061000	294.765504	13406	13802	107212	51990	8	0	7	1
10.614000	294.084305	12343	12822	100098	48038	10	0	10	0
13.245000	292.248730	13413	13818	107143	51996	12	0	12	0
13.393000	295.262774	13921	14308	110922	53890	10	0	10	0
15.949000	295.467631	18593	18803	141369	71472	9	0	9	0
12.387000	294.863622	13170	13644	105721	51196	9	1	8	0
15.027000	297.190087	17045	17326	130219	65561	8	0	8	0
14.112000	301.121924	14675	14992	114898	56627	10	0	10	0
15.975000	301.914978	17151	17464	131687	65989	11	0	11	0
11.562000	298.096061	12064	12573	98127	47003	9	0	9	0
12.068000	298.612385	12945	13387	104081	50272	8	1	7	0
14.333000	300.306535	14838	15188	116374	57290	9	1	8	0
13.835000	299.552440	14661	14981	115194	56585	11	0	11	0
13.984000	299.575304	15727	16027	122070	60551	12	0	12	0
10.575000	297.741169	11910	12433	96910	46456	10	1	9	0
13.068000	299.733079	14546	14853	114354	56151	12	0	12	0
12.845000	299.598385	14640	15014	115122	56590	9	0	9	0
12.915000	304.244092	13906	14293	110583	53832	9	0	9	0
16.103000	306.147027	18541	18759	139186	71225	10	0	10	0
12.913000	301.626265	13827	14213	110029	53536	12	0	12	0
16.107000	303.224372	18590	18799	139131	71382	8	0	8	0
16.459000	302.750450	18521	18742	138794	71154	8	0	8	0
12.681000	298.246295	12754	13214	103083	49575	11	0	11	0
14.984000	305.340410	17935	18229	134431	69026	10	0	10	0
5.155000	303.676477	5871	6533	43587	23730	9	0	9	0
5.378000	305.323869	6000	6619	44291	24149	9	0	9	0
4.525000	304.214753	5475	6143	37804	22180	8	0	8	0
15.867000	306.922028	17342	17626	131432	66712	8	0	8	0
15.374000	308.027280	17937	18214	134547	69002	9	0	9	0
15.667000	304.214177	17139	17412	131079	65912	10	0	10	0
13.786000	304.440038	14184	14547	112047	54863	12	0	12	0
14.650000	308.934250	17040	17343	129097	65575	10	0	10	0
15.659000	308.474084	18548	18773	137727	71198	8	0	8	0
7.066000	311.523983	7630	8258	58156	30542	8	0	8	0
4.603000	309.459710	5927	6474	40843	23778	8	1	7	0
5.797000	308.623449	6895	7611	51332	27793	9	0	9	0
12.939000	306.769857	15197	15708	122560	59070	12	0	12	0
14.030000	314.253452	15706	16032	121455	60517	8	0	8	0
12.750000	312.375083	14251	14624	112423	55124	11	0	11	0
13.613000	313.945860	15582	15922	120420	60085	9	0	9	0
13.184000	311.244291	14542	14885	114317	56173	8	0	8	0
15.372000	311.436648	17298	17585	131635	66554	12	0	12	0
17.015000	309.244825	18931	19086	142782	72620	12	0	12	0
17.308000	311.414059	18886	19083	139387	72440	9	0	9	0
15.495000	314.919921	18703	18934	138024	71748	9	0	9	0
12.040000	308.921431	12781	13247	103354	49665	11	0	11	0
15.514000	312.096666	19078	19228	143658	73152	12	1	11	0
17.174000	313.995912	18069	18331	135869	69473	11	0	11	0
15.316000	314.661436	16707	17002	127366	64314	13	1	12	0
16.500000	315.916969	19113	19278	142704	73301	12	0	12	0
15.952000	316.625028	18331	18613	136644	70521	11	0	11	0
15.734000	313.706800	17527	17805	132472	67416	12	0	12	0
12.511000	311.057316	14235	14599	112540	55047	12	0	12	0
15.001000	317.680771	17378	17696	131994	66902	11	0	11	0
15.081000	315.904736	17876	18187	136748	68822	11	0	11	0
15.597000	314.566391	17558	17875	133764	67604	11	1	10	0
15.003000	314.789394	17319	17596	131083	66616	11	0	11	0
13.492000	317.878238	13943	14364	110613	54006	11	0	11	0
18.335000	319.691778	17076	17385	129405	65709	11	0	11	0
17.447000	319.237120	18243	18527	139670	70220	12	0	12	0
13.386000	314.639277	14973	15347	116840	57836	11	0	11	0
15.928000	317.827035	18646	18846	138465	71572	9	0	9	0
14.793000	320.753717	17459	17793	130323	67240	9	0	9	0
16.933000	319.397772	19008	19156	142851	72889	12	0	12	0
5.621000	319.163741	5944	6529	43822	23885	9	0	9	0
7.225000	316.666895	8268	8888	62722	33000	8	0	8	0
6.971000	318.539516	7941	8566	62048	31714	11	0	11	0
19.619000	320.845421	18706	18907	138810	71783	12	0	12	0
18.277000	326.238527	18720	18968	137096	71848	10	0	10	0
18.216000	325.685624	18670	18918	136925	71672	9	0	9	0
16.955000	320.582256	16798	17095	127567	64634	13	0	13	0
16.481000	322.220501	18940	19123	140473	72652	12	0	12	0
17.842000	320.323904	18478	18709	137910	70996	12	0	12	0
16.545000	321.899478	17900	18229	136858	68935	12	0	12	0
14.582000	325.852638	17384	17714	129895	66955	10	0	10	0
10.523000	322.846296	9863	10382	76504	38974	12	0	12	0
6.072000	323.293023	7040	7694	51535	28225	12	0	12	0
16.573000	326.188877	18216	18515	139365	70127	12	0	12	0
15.648000	325.460932	18483	18726	136881	71000	11	0	11	0
16.047000	325.817805	18338	18619	136175	70552	11	0	11	0
14.169000	323.382927	16974	17262	128761	65303	14	0	14	0
13.973000	321.004564	14328	14725	113055	55433	11	0	11	0
14.927000	328.883712	17398	17744	130844	67012	11	0	11	0
17.090000	327.701321	18577	18802	136681	71295	8	0	8	0
15.314000	326.953514	17528	17862	130548	67517	9	0	9	0
8.767000	330.620771	10067	10599	78532	39739	11	0	11	0
5.940000	326.724135	6403	7002	46101	25692	9	0	9	0
15.810000	332.906373	18343	18616	139959	70584	13	1	12	0
15.530000	331.152501	18947	19207	145443	72859	12	0	12	0
14.650000	333.188638	17457	17792	130211	67242	10	0	10	0
15.216000	331.456108	17922	18264	132858	69058	10	1	9	0
15.256000	327.425368	17897	18189	136429	68890	13	0	13	0
16.353000	331.817697	19056	19325	146283	73276	11	0	11	0
7.815000	333.313871	7685	8321	58505	30733	11	0	11	0
7.658000	330.633214	8867	9473	66577	35280	9	0	9	0
12.309000	327.394759	14717	15157	116292	57152	12	0	12	0
7.012000	329.472164	8538	9173	64505	34048	8	0	8	0
16.487000	338.552278	18697	18945	136244	71767	10	0	10	0
15.271000	333.707321	17927	18246	132690	69040	9	0	9	0
16.801000	337.263891	19322	19564	148466	74257	11	0	11	0
15.762000	336.108649	17450	17797	130675	67222	11	0	11	0
15.119000	335.697433	17594	17957	132983	67786	11	0	11	0
15.858000	336.555528	18235	18573	139531	70201	12	0	12	0
15.514000	332.234582	18360	18675	140656	70663	11	0	11	0
14.243000	334.328818	17222	17536	129112	66285	11	0	11	0
13.009000	330.634054	15286	15785	119647	59451	10	0	10	0
11.597000	332.540168	14269	14657	111001	55398	14	0	14	0
14.607000	338.335237	17530	17852	130180	67498	9	0	9	0
14.724000	339.820076	17276	17603	129592	66513	12	1	11	0
15.350000	337.440061	18250	18575	139676	70251	12	0	12	0
11.838000	338.857677	13884	14278	106758	53965	10	0	10	0
8.130000	337.104407	8600	9241	64489	34293	8	0	8	0
5.906000	339.023686	7155	7862	52293	28770	10	1	9	0
10.378000	335.411703	11891	12320	90050	46468	11	0	11	0
6.332000	340.470561	7141	7790	50907	28600	10	0	10	0
8.544000	337.869011	10421	10898	80003	41012	13	0	13	0
7.342000	340.984643	7524	8163	55813	30092	12	0	12	0
15.523000	341.407421	18478	18803	141518	71124	12	0	12	0
15.985000	344.416989	17386	17728	129813	66960	12	0	12	0
5.531000	341.828251	6551	7095	45701	26156	10	0	10	0
5.760000	342.496176	7198	7891	52159	28893	11	1	10	0
7.302000	343.483805	8573	9145	64846	34052	12	0	12	0
8.053000	341.378658	8612	9177	64633	34200	12	0	12	0
6.640000	343.410705	7668	8281	56737	30592	12	1	11	0
9.175000	342.990746	10471	10962	79799	41207	12	0	12	0
7.112000	340.214526	8455	9057	63169	33648	10	0	10	0
7.313000	342.385812	7827	8439	58760	31213	13	0	13	0
16.718000	345.916249	18292	18649	139560	70437	12	0	12	0
16.228000	344.915282	17900	18236	132534	68969	12	0	12	0
11.949000	343.331233	14207	14576	109262	55153	13	0	13	0
10.701000	346.023724	13298	13687	102026	51705	13	0	13	0
10.014000	344.082364	11548	11960	88505	45166	13	0	13	0
12.341000	346.126406	14911	15325	116084	57825	14	0	14	0
9.139000	346.335094	9614	10133	73731	38004	13	0	13	0
11.795000	344.719189	13167	13555	102450	51213	14	0	14	0
6.666000	345.527163	7827	8439	58952	31213	13	0	13	0
7.377000	344.614327	8747	9351	65824	34766	11	0	11	0
16.683000	349.720668	18263	18590	138868	70297	13	0	13	0
18.658000	348.838285	18345	18697	140559	70629	13	1	12	0
16.164000	346.158634	17844	18190	132044	68760	11	0	11	0
15.543000	347.858065	17794	18146	130995	68570	9	0	9	0
13.527000	345.853733	15887	16344	123878	61627	13	0	13	0
16.217000	345.627154	18218	18651	142860	70525	13	0	13	0
9.417000	348.246933	10867	11321	83988	42670	13	0	13	0
12.846000	347.649555	14828	15233	115540	57493	15	0	15	0
7.378000	350.491308	7243	7941	54043	29073	13	1	12	0
6.099000	348.452522	6980	7618	51633	27962	12	0	12	0
16.164000	349.312258	18502	18817	141537	71207	13	0	13	0
15.879000	349.869434	18689	18995	143080	71915	15	0	15	0
14.641000	350.716994	17533	17902	131595	67568	14	0	14	0
15.544000	355.774744	18189	18540	137780	70046	12	1	11	0
7.918000	352.446391	8747	9351	64379	34764	9	0	9	0
6.069000	353.300400	7300	7973	53248	29263	11	0	11	0
7.744000	354.522151	8751	9321	67537	34740	14	0	14	0
11.551000	350.872918	14233	14599	111339	55243	15	0	15	0
7.544000	357.275227	8227	8812	62762	32723	13	0	13	0

