0.008000	3.828427	3	19	23	0	1	1	0	0
0.002000	2.828427	2	14	16	0	0	0	0	0
0.002000	3.414214	3	17	21	0	1	1	0	0
0.003000	3.828427	3	19	27	0	1	1	0	0
0.002000	2.000000	2	12	11	0	0	0	0	0
0.003000	3.000000	3	15	21	0	0	0	0	0
0.001000	1.414214	1	6	1	0	0	0	0	0
0.002000	2.000000	2	11	10	0	0	0	0	0
0.001000	2.000000	2	12	11	0	0	0	0	0
0.003000	3.828427	3	19	23	0	1	1	0	0
0.003000	5.828427	5	25	44	0	1	1	0	0
0.004000	6.656854	5	29	50	0	1	1	0	0
0.003000	4.414214	4	20	25	0	1	1	0	0
0.003000	6.000000	6	24	54	0	0	0	0	0
0.004000	7.828427	7	31	57	0	1	1	0	0
0.004000	5.828427	5	25	42	0	1	1	0	0
0.003000	4.000000	4	18	30	0	0	0	0	0
0.003000	4.000000	4	18	30	0	0	0	0	0
0.005000	7.414214	7	29	62	0	1	1	0	0
0.005000	7.071068	5	29	52	0	0	0	0	0
0.008000	10.242641	9	38	80	0	1	1	0	0
0.005000	9.071068	7	36	63	0	1	1	0	0
0.006000	9.000000	9	33	96	0	0	0	0	0
0.006000	11.242641	10	42	90	0	1	1	0	0
0.007000	10.828427	10	40	86	0	1	1	0	0
0.006000	9.071068	7	37	70	0	1	1	0	0
0.005000	8.656854	7	35	65	0	1	1	0	0
0.006000	11.071068	9	43	83	0	1	1	0	0
0.005000	8.071068	6	34	62	0	1	1	0	0
0.005000	8.414214	8	32	70	0	1	1	0	0
0.007000	14.071068	12	52	125	0	1	1	0	0
0.007000	13.899495	11	53	120	0	1	1	0	0
0.008000	15.828427	15	55	148	0	1	1	0	0
0.006000	13.414214	13	47	132	0	1	1	0	0
0.007000	12.727922	9	48	114	0	0	0	0	0
0.007000	15.727922	12	60	141	0	1	1	0	0
0.006000	12.313708	9	49	97	0	1	1	0	0
0.010000	13.242641	12	48	113	0	1	1	0	0
0.007000	15.414214	15	53	156	0	1	1	0	0
0.009000	12.485281	10	48	103	0	1	1	0	0
0.010000	18.656854	17	65	171	0	1	1	0	0
0.008000	15.727922	13	56	120	0	2	1	1	0
0.009000	17.899495	15	65	159	0	1	1	0	0
0.010000	18.414214	18	62	207	0	1	1	0	0
0.007000	17.656854	16	62	163	0	1	1	0	0
0.010000	18.828427	18	63	189	0	1	1	0	0
0.015000	18.313708	33	85	224	0	3	1	1	1
0.009000	19.071068	17	67	162	0	1	1	0	0
0.007000	16.556349	12	64	153	0	1	1	0	0
0.009000	17.313708	14	59	151	0	3	2	1	0
0.011000	23.727922	20	79	195	0	1	1	0	0
0.019000	22.142136	44	101	327	0	3	2	1	0
0.009000	21.242641	20	72	213	0	1	1	0	0
0.012000	23.000000	23	75	329	0	0	0	0	0
0.008000	20.656854	19	71	191	0	1	1	0	0
0.010000	23.798990	18	85	222	0	3	2	1	0
0.010000	20.384776	15	75	188	0	1	1	0	0
0.011000	23.071068	25	80	239	0	3	2	1	0
0.011000	22.727922	19	79	211	0	1	0	0	1
0.009000	21.485281	19	75	199	0	1	1	0	0
0.013000	27.041631	20	97	266	0	3	2	1	0
0.000000	26.142136	24	91	260	0	3	2	1	0
0.000000	25.727922	104	165	677	0	3	1	2	0
0.000000	27.071068	37	95	335	0	3	2	1	0
0.000000	27.828427	27	91	316	0	1	1	0	0
0.000000	26.242641	25	87	269	0	1	1	0	0
0.013000	26.071068	24	88	264	0	1	1	0	0
0.013000	27.899495	25	95	274	0	1	1	0	0
0.011000	25.242641	24	84	270	0	1	1	0	0
0.012000	26.142136	22	92	259	0	1	1	0	0
0.012000	30.899495	28	104	309	0	1	1	0	0
0.126000	28.213203	290	343	1784	0	3	1	2	0
0.015000	30.627417	24	106	308	0	3	2	1	0
0.014000	29.041631	22	106	305	0	1	1	0	0
0.019000	31.284271	26	117	359	0	2	2	0	0
0.028000	30.313708	76	147	446	0	3	2	1	0
0.016000	30.041631	23	102	296	0	3	1	1	1
0.035000	26.656854	120	182	562	0	4	1	3	0
0.015000	31.556349	27	106	320	0	3	1	1	1
0.015000	30.000000	30	96	459	0	0	0	0	0
0.037000	35.041631	94	187	675	0	3	2	1	0
0.058000	34.071068	175	235	873	0	5	1	3	1
0.021000	35.213203	33	126	410	0	3	2	1	0
0.106000	32.627417	333	437	1903	0	5	2	3	0
0.018000	33.727922	30	113	359	0	1	1	0	0
0.018000	32.313708	29	109	337	0	1	1	0	0
0.016000	35.485281	33	117	386	0	1	1	0	0
0.015000	32.041631	27	115	344	0	3	2	1	0
0.013000	31.485281	29	103	320	0	1	1	0	0
0.019000	33.727922	41	122	451	0	3	1	1	1
0.017000	36.000000	36	114	591	0	0	0	0	0
0.128000	35.384776	425	558	2362	0	5	2	3	0
0.023000	38.313708	35	122	414	0	1	1	0	0
0.084000	36.698485	247	330	1383	0	4	2	2	0
0.027000	36.355339	45	151	471	0	2	2	0	0
0.026000	39.213203	33	135	442	0	1	1	0	0
0.024000	38.627417	32	134	419	0	1	1	0	0
0.017000	36.828427	36	118	475	0	1	1	0	0
0.060000	38.698485	151	256	1098	0	3	2	1	0
0.030000	36.656854	51	125	479	0	3	2	1	0
0.045000	40.656854	63	139	561	0	4	2	2	0
0.076000	41.556349	149	241	1207	0	7	2	3	2
0.145000	42.455844	420	574	2626	0	4	2	2	0
0.018000	43.242641	42	138	560	0	1	1	0	0
0.034000	42.526912	57	183	712	0	4	4	0	0
0.022000	42.071068	40	136	496	0	1	1	0	0
0.034000	40.970563	61	158	524	0	3	2	1	0
0.033000	43.870058	58	172	668	0	5	4	1	0
0.024000	42.213203	46	140	441	0	4	1	2	1
0.060000	40.041631	148	251	1233	0	4	2	2	0
0.021000	47.899495	45	155	562	0	1	1	0	0
0.050000	47.426407	107	229	950	0	8	7	1	0
0.068000	47.426407	138	265	1374	0	3	3	0	0
0.035000	47.254834	70	208	834	0	3	3	0	0
0.044000	44.071068	129	225	799	0	3	2	1	0
0.031000	47.041631	66	174	775	0	4	2	2	0
0.067000	41.556349	339	485	2152	0	4	1	3	0
0.000000	47.142136	62	170	725	0	3	1	1	1
0.000000	44.183766	87	208	960	0	4	3	1	0
0.000000	45.041631	38	154	506	0	1	1	0	0
0.123000	47.485281	419	498	3086	0	4	2	2	0
0.122000	46.970563	376	423	2895	0	5	3	2	0
0.019000	49.313708	46	160	589	0	1	1	0	0
0.049000	49.012193	122	249	1228	0	6	3	2	1
0.132000	47.941125	437	529	2585	0	4	2	2	0
0.024000	51.213203	45	168	583	0	3	2	1	0
9.461000	50.355339	473	597	3790	0	6	3	3	0
0.158000	51.355339	355	480	3059	0	3	2	1	0
0.056000	49.213203	44	163	563	0	3	2	1	0
0.135000	50.769553	268	401	2651	0	6	6	0	0
0.136000	52.627417	385	448	2247	0	6	2	3	1
0.104000	54.112698	197	346	1732	0	6	5	1	0
0.061000	52.669048	101	247	1169	0	3	2	1	0
0.026000	52.384776	49	168	608	0	3	2	1	0
0.032000	54.627417	48	182	634	0	1	1	0	0
0.030000	53.384776	50	171	618	0	3	2	1	0
0.028000	54.041631	51	184	656	0	3	2	1	0
0.135000	53.597980	264	460	2796	0	7	7	0	0
0.028000	53.970563	53	179	639	0	3	2	1	0
0.116000	52.242641	341	447	1711	0	4	1	3	0
0.052000	55.485281	163	262	1204	0	8	4	4	0
0.089000	58.142136	300	389	2668	0	7	4	3	0
0.077000	58.740115	144	313	1570	0	3	3	0	0
0.215000	57.213203	634	757	3351	0	4	2	2	0
0.027000	59.142136	55	191	729	0	1	1	0	0
0.025000	57.798990	52	190	676	0	1	1	0	0
0.040000	57.828427	99	211	1135	0	3	1	1	1
0.170000	59.426407	349	525	3757	0	9	9	0	0
0.182000	54.698485	590	707	3320	0	4	2	2	0
0.083000	58.870058	198	372	2335	0	7	6	0	1
0.058000	61.828427	147	271	1088	0	2	1	1	0
0.050000	60.727922	87	218	1051	0	3	1	1	1
0.154000	57.455844	475	595	2922	0	6	3	3	0
0.091000	61.485281	314	428	1715	0	3	2	1	0
0.154000	59.769553	571	689	3612	0	6	2	4	0
0.039000	62.899495	108	244	946	0	3	2	1	0
0.121000	62.325902	301	472	3097	0	5	5	0	0
0.000000	61.941125	81	254	1075	0	9	8	1	0
0.112000	61.183766	630	771	5200	0	5	4	1	0
0.028000	63.556349	59	205	782	0	1	1	0	0
0.309000	65.941125	813	975	9608	0	6	6	0	0
0.077000	63.798990	233	363	2270	0	5	3	2	0
0.027000	65.384776	60	204	808	0	1	1	0	0
0.097000	66.811183	201	390	2154	0	1	1	0	0
0.300000	61.798990	1046	1191	6430	0	4	1	3	0
0.031000	64.798990	59	211	814	0	1	1	0	0
0.033000	64.313708	61	199	808	0	1	1	0	0
0.290000	63.384776	926	1051	7113	0	7	2	4	1
0.219000	64.355339	757	902	4535	0	4	2	2	0
0.123000	64.325902	446	589	2900	0	8	4	4	0
0.071000	70.213203	205	323	1667	0	12	6	6	0
0.028000	68.213203	62	222	861	0	1	1	0	0
0.117000	65.727922	391	535	2064	0	4	2	2	0
0.213000	68.526912	518	670	3976	0	8	6	2	0
0.063000	67.798990	150	295	1509	0	3	2	1	0
0.142000	67.597980	414	580	3156	0	3	1	2	0
0.131000	69.769553	291	513	2789	0	18	16	2	0
0.036000	71.828427	71	223	1141	0	1	1	0	0
0.235000	69.183766	549	707	5644	0	5	4	1	0
0.048000	67.485281	139	238	1238	0	5	1	3	1
0.095000	72.556349	341	451	2710	0	5	3	2	0
0.096000	73.426407	295	458	2411	0	7	6	1	0
0.190000	69.455844	1198	1374	6942	0	6	2	4	0
0.182000	70.597980	907	1057	5809	0	8	4	3	1
0.272000	75.183766	382	647	4245	0	9	9	0	0
0.248000	75.740115	657	893	6810	0	15	14	1	0
0.202000	72.041631	694	847	6355	0	7	4	3	0
0.282000	72.597980	983	1147	6505	0	6	3	3	0
0.303000	74.284271	1027	1221	6089	0	4	2	2	0
0.206000	72.254834	412	590	3254	0	5	3	2	0
0.161000	77.526912	411	561	3587	0	11	7	3	1
0.563000	75.426407	1592	1835	12828	0	7	2	4	1
1.367000	75.325902	671	839	4556	0	10	4	5	1
0.101000	75.970563	301	451	2621	0	4	2	2	0
0.074000	75.556349	241	406	1629	0	3	2	1	0
0.072000	78.597980	378	667	4689	0	11	8	2	1
0.000000	78.556349	315	447	2132	0	4	1	3	0
0.524000	73.769553	1498	1708	8928	0	6	2	4	0
0.387000	77.254834	685	971	7850	0	15	14	0	1
0.177000	76.882251	326	540	3585	0	7	7	0	0
0.131000	79.798990	394	523	3013	0	4	2	2	0
0.100000	78.384776	315	450	2465	0	7	3	4	0
0.245000	81.112698	632	809	4948	0	7	5	2	0
0.167000	80.597980	534	714	3958	0	4	2	2	0
0.322000	78.840620	1087	1271	7473	0	6	3	3	0
0.141000	83.124892	354	604	3599	0	8	6	2	0
0.369000	79.526912	1389	1591	9149	0	4	2	2	0
0.596000	79.041631	2159	2319	14298	0	7	1	6	0
0.154000	81.597980	467	639	5362	0	5	4	1	0
0.063000	80.982756	714	941	7695	0	17	17	0	0
0.037000	87.970563	83	276	1200	0	1	1	0	0
0.517000	82.154329	1705	1959	13989	0	7	1	5	1
0.115000	84.485281	448	613	2648	0	6	1	4	1
0.249000	86.497475	645	840	5415	0	7	5	2	0
0.110000	84.798990	425	614	2474	0	4	2	2	0
0.618000	82.254834	2216	2511	14694	0	7	3	4	0
0.252000	86.254834	771	956	6796	0	6	3	3	0
0.072000	86.970563	177	368	1502	0	3	2	1	0
0.042000	85.041631	78	274	1118	0	1	1	0	0
0.336000	85.698485	1164	1372	6606	0	8	3	4	1
0.124000	87.455844	405	541	2619	0	6	2	3	1
0.228000	87.526912	752	853	5496	0	11	5	6	0
0.163000	88.727922	506	699	6011	0	6	1	3	2
0.776000	86.669048	2363	2626	19034	0	7	4	3	0
0.712000	88.254834	697	877	4430	0	8	3	4	1
0.225000	87.468037	677	877	4868	0	10	6	4	0
0.655000	85.740115	2230	2547	14788	0	8	3	5	0
0.256000	87.568542	908	1110	6170	0	8	5	3	0
0.114000	90.769553	284	480	3208	0	9	8	1	0
0.034000	88.384776	83	273	1157	0	1	1	0	0
0.042000	92.556349	107	290	1360	0	3	2	1	0
0.098000	90.970563	342	492	3227	0	7	4	3	0
0.210000	92.183766	745	849	5006	0	16	7	9	0
0.143000	93.982756	428	669	3537	0	9	6	2	1
0.272000	90.012193	1351	1640	10630	0	10	5	5	0
0.000000	93.071068	350	552	2297	0	5	2	3	0
0.088000	92.455844	380	586	3443	0	7	4	3	0
0.209000	93.455844	421	605	2972	0	7	4	2	1
0.620000	89.840620	1648	1938	12413	0	10	5	5	0
0.130000	91.870058	447	650	2629	0	4	2	2	0
0.131000	97.798990	408	592	3758	0	5	3	2	0
0.189000	93.669048	531	670	4533	0	13	7	6	0
0.075000	97.455844	175	389	2286	0	9	7	1	1
0.620000	97.970563	2197	2422	16009	0	6	2	4	0
0.265000	95.284271	981	1161	7575	0	7	3	3	1
0.444000	96.568542	1430	1610	12933	0	11	9	2	0
0.068000	98.041631	201	383	1948	0	5	2	3	0
0.344000	95.982756	1264	1499	8805	0	8	4	4	0
0.585000	97.526912	2192	2436	14977	0	4	2	2	0
0.109000	97.840620	293	528	3516	0	19	16	2	1
0.604000	102.284271	1978	2179	21090	0	9	4	4	1
0.000000	101.142136	97	313	1441	0	3	2	1	0
0.000000	100.698485	526	780	4298	0	11	9	2	0
0.235000	98.355339	881	1137	5313	0	4	2	2	0
0.511000	101.254834	2105	2381	16592	0	10	7	3	0
0.075000	101.698485	203	392	2340	0	9	6	2	1
0.243000	100.870058	886	1076	7782	0	5	3	2	0
0.563000	101.597980	2176	2429	15242	0	6	3	3	0
0.165000	100.355339	456	701	5240	0	12	10	2	0
0.246000	102.468037	826	1027	5219	0	8	4	3	1
0.122000	103.384776	408	602	3742	0	5	3	2	0
0.050000	103.242641	141	341	1846	0	2	1	1	0
0.851000	103.083261	3062	3344	23319	0	8	4	4	0
0.173000	102.455844	655	882	4450	0	7	2	5	0
0.136000	105.213203	533	697	3376	0	5	2	3	0
0.388000	102.355339	1489	1814	10712	0	6	2	4	0
0.103000	105.556349	369	556	2707	0	5	2	3	0
0.204000	105.254834	1152	1439	8721	0	10	7	3	0
0.842000	104.112698	3416	3611	20175	0	6	2	4	0
0.598000	104.597980	2300	2514	16622	0	6	3	3	0
0.251000	110.254834	679	939	7659	0	11	9	2	0
0.256000	108.639610	933	1067	7289	0	13	7	4	2
0.188000	109.183766	520	882	6568	0	19	19	0	0
0.701000	107.396970	3409	3718	27143	0	12	7	4	1
0.861000	106.982756	2957	3278	23780	0	8	3	4	1
0.114000	109.727922	432	615	3044	0	5	1	3	1
0.815000	108.325902	2456	2745	20147	0	7	3	4	0
0.108000	107.455844	373	583	2912	0	5	2	3	0
0.539000	109.083261	1734	1939	17786	0	11	8	3	0
0.303000	111.112698	1091	1312	8996	0	5	3	2	0
0.295000	110.497475	1058	1144	7389	0	9	3	5	1
0.021000	110.656854	116	328	1520	0	4	2	2	0
1.470000	115.840620	3744	3917	31277	0	13	6	5	2
1.417000	113.041631	5253	5539	40318	0	7	3	4	0
0.234000	113.225397	846	1170	7049	0	13	10	3	0
0.681000	112.183766	3691	3998	25151	0	6	2	4	0
0.407000	111.710678	1494	1778	10761	0	8	4	4	0
0.375000	111.497475	1253	1488	10866	0	5	2	3	0
0.285000	114.526912	891	1128	7177	0	5	3	2	0
0.596000	112.254834	2044	2346	16133	0	8	5	3	0
0.296000	118.142136	1003	1201	9757	0	10	5	5	0
0.207000	116.355339	579	949	7010	0	11	10	1	0
0.133000	113.727922	518	747	3368	0	7	3	4	0
0.813000	114.941125	3280	3655	23362	0	6	2	4	0
0.356000	117.468037	1018	1268	8423	0	9	6	3	0
0.650000	117.769553	2877	3150	19365	0	4	2	2	0
0.886000	116.053824	2389	2570	22066	0	14	10	3	1
0.769000	116.627417	3136	3382	21526	0	4	2	2	0
1.030000	116.941125	4007	4244	26798	0	5	2	3	0
1.513000	115.053824	4582	4850	31462	0	10	8	2	0
0.305000	118.639610	975	1127	7169	0	10	4	5	1
0.344000	121.384776	1175	1400	12768	0	7	4	3	0
0.262000	120.195959	852	1068	6941	0	12	7	4	1
0.048000	120.213203	114	372	1711	0	1	1	0	0
1.311000	120.911688	4439	4654	36930	0	12	9	3	0
0.219000	119.254834	798	1114	6909	0	10	7	3	0
0.462000	121.083261	2137	2553	16792	0	6	4	2	0
0.903000	120.213203	3487	3816	24681	0	6	1	4	1
0.354000	122.083261	1117	1382	13910	0	9	8	1	0
0.746000	119.355339	3014	3292	20273	0	4	2	2	0
0.267000	124.568542	934	1097	7428	0	15	9	5	1
0.193000	126.041631	638	910	8170	0	7	4	3	0
0.106000	122.213203	344	595	4134	0	9	4	5	0
0.287000	121.367532	869	1125	8731	0	20	14	5	1
1.434000	125.296465	4137	4364	36723	0	18	12	6	0
0.340000	123.053824	944	1288	10299	0	10	7	3	0
0.309000	126.012193	1034	1256	8322	0	7	3	4	0
0.432000	126.769553	1614	1856	11504	0	9	5	4	0
0.133000	124.083261	385	631	4589	0	11	8	2	1
0.642000	127.769553	2533	2805	19282	0	7	3	4	0
0.273000	126.953319	874	1145	8761	0	12	8	3	1
0.266000	126.781746	903	1152	8557	0	10	6	3	1
0.177000	127.024387	549	793	5463	0	13	9	4	0
0.239000	129.982756	891	1115	6348	0	15	11	4	0
0.075000	126.313708	515	763	3499	0	6	2	4	0
0.104000	130.994949	853	1120	6285	0	10	7	3	0
0.351000	130.355339	1255	1522	9683	0	5	3	2	0
0.541000	129.195959	2073	2424	16144	0	8	4	4	0
0.405000	128.254834	1417	1697	12783	0	6	4	2	0
0.801000	126.982756	2368	2748	20830	0	8	4	3	1
0.409000	134.154329	1364	1520	10617	0	18	10	8	0
0.241000	133.041631	773	1060	9611	0	7	4	3	0
0.345000	131.781746	1135	1329	7968	0	16	9	6	1
0.065000	133.539105	761	1027	7910	0	22	16	6	0
0.759000	133.669048	2135	2379	22900	0	9	4	4	1
0.130000	133.455844	449	684	4444	0	6	2	3	1
0.755000	130.526912	2811	3076	24880	0	10	3	6	1
0.423000	134.124892	1264	1627	14285	0	12	9	3	0
0.714000	131.568542	2839	3256	21137	0	8	6	2	0
0.984000	132.982756	4179	4325	29151	0	15	10	5	0
0.251000	138.183766	814	1195	8219	0	17	13	3	1
0.220000	139.237590	747	1054	4830	0	7	3	3	1
0.199000	133.142136	741	990	6128	0	10	3	6	1
0.334000	136.982756	1166	1459	9754	0	9	4	4	1
0.392000	137.497475	1501	1779	10877	0	6	3	3	0
1.214000	134.911688	4020	4403	33031	0	6	3	3	0
0.802000	135.811183	3098	3514	23197	0	10	6	3	1
0.992000	134.941125	3795	4110	26384	0	4	2	2	0
0.650000	138.781746	1954	2244	18702	0	11	8	2	1
1.143000	133.941125	4298	4496	28355	0	6	2	4	0
0.262000	140.338095	839	1144	8149	0	11	7	3	1
0.558000	139.539105	1703	1990	19065	0	21	15	4	2
0.245000	138.355339	970	1291	10625	0	16	12	3	1
0.098000	138.727922	298	548	3738	0	7	4	3	0
0.449000	141.740115	1589	1897	12425	0	10	7	3	0
0.510000	140.669048	1759	2086	16203	0	9	7	2	0
0.730000	141.024387	2740	3096	22171	0	8	5	3	0
0.814000	138.882251	3066	3376	24306	0	8	5	3	0
0.637000	140.539105	1707	2115	19145	0	25	22	2	1
0.671000	140.468037	1869	2155	17768	0	8	6	2	0
0.638000	142.870058	3091	3279	26822	0	17	14	3	0
0.692000	142.024387	1051	1267	6783	0	16	8	7	1
0.429000	144.710678	1126	1421	11791	0	22	15	6	1
0.425000	144.769553	1195	1486	13615	0	16	9	7	0
0.405000	144.124892	1426	1593	11277	0	15	5	7	3
0.204000	146.012193	663	1031	6671	0	18	13	4	1
0.473000	144.284271	1657	1930	15235	0	8	4	4	0
2.495000	142.769553	7857	8356	66432	0	10	3	7	0
0.405000	146.811183	1363	1810	14150	0	6	2	4	0
0.603000	146.195959	1604	1934	16564	0	11	8	3	0
0.951000	148.497475	2766	2972	26256	0	18	14	3	1
0.850000	146.254834	2876	3090	26834	0	10	7	3	0
0.811000	149.325902	2658	2890	25210	0	8	3	4	1
0.093000	148.142136	296	576	3363	0	7	3	3	1
1.611000	146.195959	5429	5760	41073	0	10	5	5	0
0.141000	146.313708	531	828	4016	0	6	2	4	0
0.809000	147.166522	1593	1915	13053	0	9	6	3	0
2.735000	147.254834	8745	9164	71034	0	10	3	7	0
0.527000	149.669048	2512	2971	24267	0	8	5	3	0
0.318000	149.225397	1586	1915	12154	0	7	4	3	0
0.590000	150.166522	1244	1464	10134	0	16	11	4	1
0.401000	150.166522	1211	1481	10030	0	11	6	4	1
0.313000	153.066017	935	1264	8693	0	17	12	4	1
0.433000	154.154329	1159	1567	13855	0	8	6	2	0
0.975000	150.183766	3322	3540	28960	0	15	12	3	0
0.553000	153.681241	1701	2062	18021	0	22	17	4	1
0.000000	149.923882	710	1043	7611	0	23	16	7	0
0.409000	149.526912	1883	2158	18936	0	8	4	4	0
0.546000	151.882251	2052	2511	16779	0	11	6	4	1
0.690000	152.024387	3049	3407	30410	0	20	14	6	0
0.975000	155.982756	3039	3312	28688	0	18	14	4	0
0.127000	156.752309	794	1152	9550	0	16	13	3	0
0.273000	155.426407	901	1222	8819	0	18	11	6	1
0.099000	154.384776	337	629	3468	0	5	3	2	0
0.422000	157.480231	1279	1699	11577	0	12	9	3	0
0.331000	156.455844	1229	1536	9554	0	8	3	5	0
0.259000	157.225397	922	1259	8798	0	9	4	4	1
1.422000	157.112698	4906	5419	50627	0	8	3	5	0
0.443000	158.852814	1520	1907	13842	0	10	8	2	0
0.951000	158.024387	3544	3957	35155	0	14	10	4	0
0.154000	159.556349	513	823	5924	0	10	5	5	0
0.366000	160.923882	1065	1419	12393	0	23	18	5	0
0.443000	160.509668	1121	1533	13392	0	21	18	3	0
0.356000	156.267027	1054	1406	11707	0	32	24	8	0
0.389000	161.627417	1409	1714	12806	0	9	5	4	0
1.129000	157.237590	3776	3923	29601	0	12	5	5	2
2.079000	159.882251	4683	5099	47451	0	26	22	4	0
0.662000	162.367532	1869	2306	19682	0	12	10	2	0
1.249000	159.710678	3798	4196	34391	0	10	5	5	0
0.776000	160.396970	3344	3621	24719	0	5	1	3	1
0.447000	165.580736	874	1289	9546	0	30	23	7	0
0.508000	165.681241	1165	1603	13233	0	27	23	3	1
0.150000	166.112698	523	808	4311	0	10	3	5	2
0.946000	164.526912	3237	3582	35292	0	8	4	4	0
0.205000	163.639610	669	1031	6145	0	9	5	4	0
0.177000	162.811183	612	961	5826	0	11	7	4	0
1.220000	166.267027	5041	5348	45880	0	14	9	5	0
0.378000	167.296465	1073	1473	13425	0	15	10	3	2
1.897000	166.497475	6517	7034	61138	0	7	3	4	0
0.852000	167.166522	2574	2946	28679	0	39	38	1	0
0.090000	169.485281	233	568	3438	0	5	3	2	0
0.926000	169.970563	349	644	3801	0	13	6	6	1
0.609000	168.651804	1871	2137	17071	0	12	6	6	0
1.498000	167.610173	5812	6137	42471	0	10	5	5	0
0.736000	169.509668	3409	3671	29897	0	8	4	4	0
0.614000	170.438600	2022	2442	20886	0	14	12	2	0
1.850000	169.568542	6747	7251	58727	0	6	3	3	0
1.651000	167.396970	6065	6468	50754	0	10	7	3	0
1.826000	168.953319	4927	5356	43964	0	10	5	4	1
0.795000	167.409163	2882	3119	25285	0	12	8	4	0
0.474000	173.024387	1384	1796	15554	0	20	14	5	1
0.381000	174.137085	1272	1595	11300	0	18	10	8	0
0.355000	173.468037	1691	2176	20297	0	22	16	6	0
1.184000	171.024387	4575	4806	30323	0	11	5	5	1
1.272000	172.024387	5176	5355	32675	0	10	5	5	0
3.635000	172.568542	8922	9374	80928	0	8	3	4	1
0.644000	172.036580	1895	2264	18234	0	24	19	4	1
1.323000	170.752309	5902	6235	44983	0	11	6	5	0
2.151000	173.024387	6415	6741	52715	0	11	6	5	0
2.114000	173.225397	8237	8668	72141	0	6	2	3	1
0.743000	176.811183	2315	2732	28987	0	13	7	5	1
0.530000	174.509668	1558	1975	17662	0	29	26	3	0
0.666000	177.296465	2113	2637	27486	0	24	20	4	0
1.625000	176.941125	5096	5422	49502	0	13	8	5	0
1.856000	179.112698	6119	6401	58683	0	8	4	4	0
1.243000	174.681241	5017	5199	34008	0	12	8	4	0
0.519000	176.539105	1424	1807	15094	0	19	15	4	0
4.159000	174.568542	10618	11021	91632	0	8	3	5	0
2.484000	177.325902	7304	7719	61341	0	8	4	4	0
2.718000	175.254834	7258	7659	60227	0	6	2	3	1
0.871000	180.480231	2439	2670	21788	0	17	8	9	0
0.943000	179.852814	2323	2663	28586	0	26	16	7	3
0.257000	179.852814	1550	1997	18242	0	19	16	3	0
1.008000	182.012193	2850	3303	36708	0	26	22	3	1
0.131000	177.556349	382	742	5255	0	7	4	3	0
0.800000	181.166522	2309	2842	27495	0	24	19	4	1
1.231000	181.254834	5022	5351	51013	0	9	5	4	0
1.114000	181.053824	1690	1996	20599	0	23	20	2	1
3.379000	177.254834	11471	11883	95706	0	10	3	7	0
0.743000	181.610173	1959	2304	23773	0	27	24	2	1
0.680000	183.965512	1813	2101	17238	0	11	6	5	0
0.583000	185.308658	1871	2170	17058	0	11	6	5	0
1.226000	182.610173	4297	4623	44470	0	22	16	5	1
0.542000	183.710678	1766	2362	23665	0	11	7	4	0
0.196000	184.183766	706	1052	6705	0	12	5	6	1
0.615000	183.308658	1978	2284	18597	0	13	6	7	0
0.145000	180.627417	449	819	5929	0	9	4	5	0
0.963000	181.468037	3142	3518	34641	0	27	17	9	1
1.251000	181.923882	4399	4688	33438	0	18	7	10	1
3.866000	184.254834	11073	11463	93883	0	8	3	5	0
0.500000	187.953319	1925	2493	23470	0	28	22	6	0
1.184000	189.610173	3663	4050	41365	0	24	16	6	2
0.995000	186.195959	4086	4430	43327	0	12	7	5	0
0.476000	189.480231	1446	1860	16337	0	34	27	7	0
0.661000	189.166522	2265	2755	26988	0	30	24	5	1
0.641000	189.722871	1983	2420	22986	0	22	17	4	1
0.171000	188.112698	581	955	6024	0	6	2	3	1
1.672000	187.095454	5486	5858	57962	0	18	10	7	1
1.319000	189.882251	4343	4638	34577	0	19	11	8	0
1.095000	186.681241	3528	3791	34165	0	25	20	5	0
1.527000	192.438600	4870	5237	52247	0	18	12	5	1
0.642000	192.308658	2061	2474	21428	0	22	17	4	1
0.221000	190.627417	756	1146	9579	0	10	5	5	0
1.736000	193.195959	3396	3939	43096	0	14	9	4	1
1.753000	193.580736	5336	5591	43393	0	12	6	6	0
1.054000	192.592929	5135	5409	37535	0	12	8	4	0
1.018000	192.124892	3376	3655	29615	0	15	10	5	0
0.746000	191.651804	2459	2766	22256	0	11	8	3	0
0.680000	190.379726	4133	4414	28070	0	16	8	8	0
1.513000	192.396970	5164	5522	55202	0	10	5	5	0
0.156000	196.798990	502	874	5707	0	12	6	6	0
0.704000	197.308658	2111	2564	24210	0	23	18	4	1
1.215000	194.539105	3801	4260	47622	0	17	9	5	3
1.551000	196.396970	5039	5419	54469	0	10	5	5	0
1.502000	196.195959	5115	5328	42961	0	22	16	6	0
1.242000	198.580736	4128	4401	43545	0	18	15	3	0
1.219000	196.137085	3929	4150	40575	0	29	23	6	0
0.815000	197.509668	2751	3052	29395	0	25	20	4	1
1.585000	198.539105	3868	4186	33408	0	16	10	5	1
2.051000	196.355339	7059	7332	64943	0	9	5	4	0
0.915000	197.811183	2817	3279	36297	0	13	7	5	1
0.407000	197.455844	1448	1764	14945	0	8	4	4	0
0.433000	198.870058	1603	1908	15403	0	6	3	3	0
2.950000	201.669048	10911	11284	94328	0	10	5	5	0
1.636000	200.267027	4945	5190	41075	0	17	11	6	0
1.157000	199.438600	3718	4006	35266	0	23	19	3	1
0.743000	195.698485	2849	3224	24734	0	14	6	8	0
0.514000	202.681241	1701	2071	17501	0	22	14	6	2
0.921000	203.267027	3641	3954	33887	0	17	13	3	1
1.212000	199.308658	4268	4568	31005	0	20	13	7	0
1.300000	201.213203	5023	5319	39646	0	11	5	6	0
0.938000	203.781746	2747	3359	35343	0	27	22	5	0
1.381000	206.183766	3103	3473	37341	0	14	6	7	1
0.653000	205.840620	1842	2424	22490	0	25	20	3	2
0.778000	205.941125	2743	3023	30202	0	8	3	4	1
1.724000	206.166522	6184	6582	64719	0	26	19	6	1
1.084000	204.095454	3390	3923	40751	0	32	25	6	1
1.220000	205.367532	3654	4212	45034	0	15	11	3	1
0.234000	202.455844	729	1161	9879	0	11	8	3	0
1.835000	204.083261	7089	7389	69163	0	11	7	4	0
0.701000	207.183766	2303	2760	29399	0	13	10	3	0
1.772000	209.183766	3736	4103	42852	0	16	9	6	1
0.842000	207.036580	4366	4571	31215	0	16	8	8	0
0.429000	208.112698	1280	1764	16352	0	18	11	6	1
3.513000	207.526912	11194	11540	99943	0	9	4	5	0
2.103000	208.597980	7952	8290	72701	0	20	16	4	0
3.321000	208.455844	12127	12497	104448	0	14	8	6	0
2.446000	207.526912	8997	9418	83083	0	14	6	8	0
1.643000	206.325902	3389	3847	37239	0	14	7	7	0
1.258000	209.852814	4838	5146	37500	0	17	8	9	0
0.415000	210.597980	2501	2825	25562	0	6	3	3	0
0.334000	213.384776	1207	1555	12341	0	14	6	7	1
2.400000	212.769553	8288	8619	68830	0	11	4	6	1
0.960000	210.793939	5022	5273	34353	0	19	9	10	0
0.412000	211.597980	804	1262	8582	0	16	9	7	0
2.391000	210.597980	7880	8225	71419	0	8	4	4	0
1.661000	212.468037	8045	8355	65418	0	14	5	8	1
1.412000	213.823376	5158	5440	40763	0	17	10	7	0
1.453000	213.237590	4822	5111	45199	0	28	23	4	1
2.521000	212.237590	6932	7167	54271	0	20	13	7	0
1.098000	214.894444	3754	4127	29085	0	16	9	7	0
1.334000	216.852814	6061	6348	51192	0	12	7	5	0
1.135000	213.509668	3996	4347	34494	0	15	10	5	0
1.756000	216.651804	6903	7284	55147	0	11	4	5	2
1.752000	216.095454	6033	6313	51478	0	12	6	5	1
1.649000	216.882251	6595	6876	50495	0	11	5	6	0
2.223000	214.539105	9336	9685	77898	0	14	6	8	0
1.218000	214.166522	4921	5260	36885	0	17	8	9	0
2.897000	216.539105	8518	8913	73145	0	15	7	8	0
2.585000	213.769553	9678	10096	101510	0	13	5	8	0
2.083000	219.325902	5728	6134	63406	0	15	7	8	0
3.468000	219.610173	11705	12132	116857	0	12	4	7	1
2.626000	219.710678	10086	10453	88322	0	15	7	8	0
3.439000	220.539105	10481	10913	109576	0	10	4	6	0
2.574000	219.811183	10586	10901	82717	0	11	5	6	0
1.979000	221.852814	7835	8204	62221	0	10	4	6	0
1.528000	219.438600	6381	6586	43905	0	12	6	6	0
2.736000	222.681241	10862	11216	87753	0	11	5	6	0
3.718000	221.610173	10017	10424	95020	0	10	5	5	0
2.339000	218.284271	9875	10279	90385	0	13	5	8	0
0.337000	223.112698	989	1526	11733	0	15	13	2	0
0.234000	225.284271	790	1240	9050	0	6	2	3	1
0.612000	225.112698	2244	2622	23162	0	6	3	3	0
4.385000	225.497475	13363	13657	116848	0	15	8	6	1
3.960000	222.480231	9971	10444	85824	0	8	4	4	0
2.931000	224.367532	10053	10547	103822	0	11	5	6	0
3.168000	223.710678	10876	11184	87650	0	12	6	6	0
2.973000	224.195959	9779	10109	80333	0	11	5	6	0
1.476000	222.379726	5782	5966	44365	0	23	15	8	0
3.074000	227.095454	10758	11153	104572	0	10	5	5	0
4.256000	230.183766	12356	12688	116100	0	18	13	5	0
1.296000	227.007143	3954	4238	37431	0	28	23	4	1
1.426000	229.764502	4472	4772	46191	0	40	35	4	1
2.831000	227.610173	9282	9779	98655	0	11	5	6	0
3.667000	226.610173	12258	12805	126144	0	11	4	7	0
5.098000	227.526912	16142	16475	149226	0	13	5	8	0
0.848000	228.651804	3774	4161	35308	0	21	15	6	0
1.694000	230.923882	6762	7055	45482	0	10	5	5	0
3.465000	228.852814	12089	12444	100895	0	14	6	8	0
3.437000	228.438600	13100	13418	107725	0	14	6	8	0
0.528000	230.698485	1859	2239	17888	0	7	4	3	0
3.652000	232.597980	12833	13148	117225	0	14	8	6	0
1.481000	231.693434	5161	5369	42386	0	17	10	6	1
3.412000	233.509668	9622	10028	84455	0	15	7	8	0
4.476000	233.338095	16457	16804	154180	0	12	5	7	0
3.212000	230.710678	9494	9830	81279	0	14	5	8	1
2.689000	234.095454	11325	11684	94385	0	12	6	6	0
1.863000	232.367532	6502	6743	47778	0	11	5	6	0
1.478000	232.066017	6423	6657	45238	0	14	7	7	0
1.696000	232.551299	6274	6584	46809	0	11	6	5	0
4.226000	234.698485	12234	12602	112192	0	21	10	9	2
5.488000	236.166522	16858	17177	162684	0	12	3	7	2
1.659000	239.936075	5092	5426	50435	0	33	27	5	1
1.432000	236.107648	5340	5677	40759	0	15	9	6	0
2.177000	238.965512	6565	6883	46955	0	11	6	5	0
1.501000	237.994949	6871	7172	45741	0	11	6	5	0
2.002000	237.793939	6489	6836	46970	0	13	8	5	0
4.305000	236.681241	14388	14816	130879	0	10	5	5	0
3.961000	235.095454	10946	11342	97736	0	15	7	7	1
5.240000	235.840620	15439	15917	147397	0	13	5	8	0
2.843000	241.237590	11447	11794	85700	0	13	6	7	0
3.313000	238.651804	10465	10809	84463	0	12	6	6	0
1.636000	240.137085	6677	6993	46721	0	11	6	5	0
2.347000	240.923882	8924	9358	78304	0	15	7	8	0
3.612000	241.124892	11630	12030	101912	0	13	6	7	0
3.459000	240.769553	12662	13012	116539	0	14	9	5	0
1.879000	241.835570	6868	7122	49014	0	22	12	8	2
1.282000	239.107648	6083	6286	49930	0	12	5	6	1
1.639000	238.480231	6214	6601	50882	0	19	9	9	1
2.176000	238.651804	7952	8424	73625	0	15	7	8	0
0.596000	241.941125	2130	2511	21226	0	7	4	3	0
4.779000	245.953319	15119	15475	130212	0	16	11	5	0
6.748000	243.041631	15387	15731	127355	0	16	6	9	1
3.975000	244.124892	11524	11900	98420	0	14	6	8	0
2.730000	242.539105	8989	9356	76387	0	15	6	9	0
4.450000	245.681241	13474	13810	101874	0	11	5	6	0
3.426000	245.379726	10937	11278	82065	0	11	5	6	0
6.680000	242.124892	12011	12408	103732	0	13	5	7	1
6.612000	243.267027	16784	17122	161218	0	12	5	7	0
4.711000	246.154329	13989	14334	121353	0	16	8	6	2
2.813000	250.137085	9523	10073	107867	0	21	14	7	0
1.909000	249.350288	6834	7099	46377	0	22	14	8	0
3.721000	246.195959	11033	11502	111959	0	13	6	7	0
3.381000	248.497475	12850	13221	120282	0	19	13	6	0
2.896000	247.053824	10025	10462	92578	0	18	8	9	1
2.553000	248.823376	8462	9050	91150	0	13	6	7	0
1.591000	246.320851	4949	5256	45306	0	21	17	4	0
3.142000	248.208153	11021	11389	84459	0	11	5	6	0
3.491000	250.852814	11996	12450	118979	0	10	4	5	1
1.589000	248.906638	5818	6115	43599	0	22	15	7	0
0.721000	253.112698	2513	2934	26943	0	6	3	3	0
4.146000	249.597980	15107	15450	126862	0	19	9	9	1
4.194000	249.254834	14672	15000	122903	0	15	6	9	0
2.612000	254.178716	7670	7915	63165	0	12	6	6	0
2.752000	253.195959	11205	11610	92908	0	14	6	8	0
3.876000	253.894444	13226	13633	106138	0	12	4	7	1
2.511000	252.048773	5474	5760	41950	0	21	13	8	0
2.987000	251.296465	11515	11872	100315	0	16	6	10	0
3.462000	251.480231	11412	11810	88967	0	11	5	6	0
3.207000	251.208153	12012	12417	91466	0	12	5	7	0
1.928000	254.350288	6469	6697	57180	0	12	5	6	1
2.410000	256.249783	7196	7450	63442	0	12	6	6	0
2.631000	256.610173	9944	10343	87540	0	13	6	7	0
1.662000	253.823376	6774	7032	44147	0	15	7	8	0
3.903000	256.551299	14585	15053	146425	0	10	5	5	0
5.133000	257.551299	16983	17375	166574	0	10	5	5	0
4.991000	251.698485	16333	16650	135706	0	15	6	9	0
2.320000	257.793939	7507	7802	62763	0	13	7	6	0
3.877000	255.426407	12644	13071	114742	0	15	8	7	0
3.757000	255.183766	13559	13901	132747	0	11	5	6	0
4.612000	259.254834	13724	14102	132092	0	18	12	6	0
4.879000	258.568542	15164	15787	155796	0	14	7	7	0
2.786000	260.710678	10183	10563	86079	0	15	5	8	2
2.869000	261.450793	11808	12228	88661	0	11	5	6	0
3.175000	261.308658	10793	11188	81907	0	11	5	6	0
2.544000	259.994949	9609	10001	74124	0	11	5	6	0
2.024000	260.137085	8091	8398	67945	0	18	12	6	0
5.723000	258.811183	17676	17901	164753	0	13	5	8	0
4.212000	256.840620	16119	16478	132853	0	17	8	9	0
3.911000	260.468037	13395	14037	142148	0	14	7	7	0
3.632000	260.112698	13687	13984	118288	0	19	7	11	1
3.947000	261.438600	12225	12626	106736	0	15	6	9	0
2.751000	265.610173	12043	12473	99574	0	14	6	8	0
3.175000	264.195959	11279	11691	95859	0	16	7	9	0
3.778000	263.610173	11560	11987	96277	0	12	6	6	0
2.672000	262.195959	10463	10855	93282	0	13	6	7	0
3.147000	262.823376	8690	9102	72302	0	15	7	8	0
4.809000	266.195959	14073	14618	145817	0	10	5	5	0
2.469000	265.906638	7225	7495	64280	0	14	8	6	0
5.236000	263.438600	16926	17313	172741	0	12	5	7	0
1.482000	267.769553	5212	5553	49842	0	15	8	7	0
5.518000	266.396970	16667	17004	134889	0	17	8	9	0
4.299000	265.610173	12656	13052	109637	0	16	7	9	0
3.133000	269.438600	11763	12200	95555	0	11	5	6	0
2.634000	268.592929	11877	12306	86382	0	11	5	6	0
1.502000	269.877200	6201	6564	45169	0	20	13	7	0
2.327000	270.379726	8005	8341	69096	0	12	5	6	1
2.879000	268.894444	8779	9095	77315	0	12	6	6	0
4.864000	265.752309	17683	17927	172707	0	12	5	7	0
3.086000	266.024387	10569	10977	92825	0	14	7	7	0
2.042000	273.355339	7579	7966	73423	0	21	10	11	0
2.478000	272.220346	8338	8670	72898	0	12	6	6	0
2.988000	272.438600	10797	11185	97746	0	14	7	7	0
3.170000	270.823376	9044	9306	78759	0	16	9	7	0
2.152000	270.752309	8975	9270	79173	0	12	6	6	0
2.227000	270.764502	7397	7649	66802	0	14	6	7	1
2.484000	273.651804	9282	9749	83535	0	13	6	7	0
1.922000	272.450793	7766	8089	55920	0	13	6	7	0
2.684000	270.580736	9412	9855	85022	0	13	6	7	0
2.373000	272.320851	8240	8583	74907	0	12	6	6	0
4.110000	270.769553	14308	14623	127457	0	19	8	10	1
4.385000	274.468037	15691	16097	127525	0	17	7	9	1
2.381000	274.735065	8216	8552	73295	0	12	6	6	0
1.875000	272.965512	7551	7885	56520	0	14	6	8	0
2.318000	274.137085	7894	8217	59646	0	13	6	7	0
2.044000	278.450793	8221	8578	71677	0	12	6	6	0
3.387000	274.722871	10970	11482	110029	0	12	6	6	0
2.526000	274.877200	9362	9696	80374	0	12	6	6	0
4.831000	273.698485	14816	15114	133231	0	18	8	10	0
4.811000	274.166522	17849	18086	169570	0	12	5	7	0
2.126000	279.497475	7115	7519	82251	0	12	7	5	0
3.853000	277.580736	11751	12162	106161	0	16	7	9	0
3.095000	279.793939	10920	11422	112625	0	14	6	7	1
2.671000	280.208153	8924	9411	77391	0	13	6	7	0
2.554000	279.291414	8726	9101	76963	0	20	14	6	0
3.936000	279.681241	13792	14205	137424	0	14	6	8	0
5.615000	279.166522	17937	18334	182688	0	16	8	8	0
3.894000	275.769553	14760	15058	131389	0	17	7	10	0
2.333000	281.007143	7886	8222	72401	0	12	6	6	0
2.604000	279.078210	7837	8079	68306	0	14	6	8	0
2.830000	284.083261	8758	9243	88860	0	19	13	6	0
2.296000	283.568542	7935	8406	92619	0	12	6	6	0
4.645000	282.852814	13891	14253	119246	0	16	7	9	0
2.206000	284.036580	8077	8423	62285	0	17	9	8	0
3.029000	282.237590	12162	12631	109946	0	16	7	9	0
2.731000	282.776695	9184	9562	80935	0	14	8	6	0
3.016000	285.208153	9065	9353	79761	0	20	13	6	1
2.619000	284.592929	7272	7558	67668	0	16	8	8	0
1.961000	282.592929	7292	7579	67586	0	14	7	7	0
2.061000	282.107648	7211	7528	68098	0	12	5	6	1
2.687000	286.325902	9060	9430	92973	0	16	8	8	0
2.179000	285.568542	6754	7173	71073	0	19	12	7	0
6.211000	286.225397	18097	18466	183057	0	15	6	9	0
4.266000	282.597980	14893	15196	135727	0	17	7	10	0
3.416000	286.107648	8939	9244	78916	0	18	12	6	0
2.838000	287.190909	9759	10150	85823	0	14	8	6	0
5.484000	286.811183	17730	18108	173019	0	15	6	9	0
3.838000	288.237590	12992	13473	117555	0	15	6	9	0
2.536000	285.592929	8403	8630	72842	0	14	7	7	0
2.453000	286.592929	8612	8793	73338	0	16	7	9	0
4.552000	292.355339	12888	13241	131042	0	9	4	5	0
3.525000	292.254834	14023	14322	131330	0	24	12	11	1
2.944000	290.154329	9106	9621	107126	0	12	7	5	0
2.946000	291.740115	10525	10990	116461	0	10	5	5	0
2.280000	292.806133	7655	7969	72388	0	15	8	7	0
2.741000	291.149278	8101	8402	75692	0	14	6	7	1
1.984000	292.764502	8535	8761	71937	0	14	7	7	0
2.262000	292.563492	7823	8172	74660	0	14	7	7	0
2.734000	289.705627	7805	8120	72677	0	18	9	7	2
2.928000	290.325902	11022	11529	111301	0	21	12	8	1
3.804000	293.669048	11729	12095	123054	0	10	5	5	0
4.388000	295.426407	14306	14600	134832	0	25	13	11	1
2.896000	294.396970	10579	11116	107490	0	20	10	10	0
4.943000	295.840620	15830	16188	151266	0	16	8	8	0
5.960000	294.124892	17554	18013	176348	0	16	7	9	0
6.278000	293.764502	8483	8712	74690	0	13	6	7	0
4.643000	294.048773	7590	7896	69851	0	22	15	7	0
8.175000	296.735065	8454	8833	77046	0	12	6	6	0
13.829000	293.840620	18964	19247	192073	0	15	6	9	0
2.956000	294.048773	7738	8056	74533	0	14	7	7	0
7.447000	298.396970	7704	8205	82929	0	19	13	6	0
5.261000	300.669048	13602	13930	140882	0	11	6	5	0
2.599000	297.154329	6773	7194	69977	0	28	17	10	1
5.167000	299.083261	15637	15967	154793	0	13	5	7	1
2.804000	300.149278	8516	8900	76383	0	12	6	6	0
5.971000	297.894444	18044	18452	184485	0	13	5	8	0
6.564000	298.480231	18447	18831	188586	0	13	5	8	0
2.605000	299.291414	8267	8566	76852	0	14	7	7	0
6.275000	299.355339	17760	18005	168867	0	12	5	7	0
2.499000	295.811183	8044	8511	93193	0	16	8	8	0
2.203000	304.053824	8368	8813	95817	0	13	7	6	0
5.243000	300.840620	15438	15777	154045	0	15	7	8	0
6.041000	299.053824	18416	18789	185648	0	15	6	9	0
2.567000	302.977705	8510	8753	73822	0	18	10	7	1
2.962000	301.119841	8325	8623	78419	0	14	7	7	0
3.911000	305.497475	13782	14142	141550	0	20	10	9	1
8.531000	299.183766	13434	13770	131099	0	21	12	9	0
13.024000	305.355339	14973	15365	151357	0	19	12	6	1
4.379000	303.367532	9469	10033	108371	0	16	8	7	1
10.350000	301.982756	11669	12145	115301	0	17	10	7	0
2.668000	305.296465	8290	8816	87358	0	26	15	10	1
7.719000	306.639610	11525	12011	118084	0	17	9	8	0
3.715000	307.568542	12051	12539	123303	0	17	9	8	0
4.011000	308.053824	13343	13745	139927	0	18	10	8	0
3.749000	306.468037	11836	12276	127955	0	13	7	6	0
5.121000	303.154329	12626	13060	126863	0	22	11	11	0
3.901000	306.568542	13245	13622	135956	0	20	12	8	0
6.399000	305.012193	18309	18534	169544	0	11	5	6	0
3.678000	306.296465	12320	12860	130329	0	21	14	7	0
5.592000	307.740115	16728	17030	166180	0	11	5	6	0
4.086000	310.183766	13894	14238	141599	0	20	12	7	1
5.359000	311.911688	16647	16991	157829	0	21	10	11	0
3.561000	310.124892	11484	11985	125830	0	13	7	6	0
3.457000	311.710678	12549	12969	134422	0	14	7	7	0
4.588000	311.497475	14219	14585	144436	0	15	9	6	0
3.581000	310.083261	13906	14252	141044	0	18	9	9	0
4.642000	309.254834	14945	15278	147902	0	20	10	10	0
2.918000	310.195959	11435	11969	128380	0	20	10	10	0
4.575000	309.840620	13774	14123	138818	0	21	10	11	0
3.970000	311.568542	14117	14529	148370	0	17	11	6	0
4.114000	316.396970	13276	13646	138501	0	17	9	8	0
6.957000	315.982756	18172	18410	172774	0	12	6	6	0
3.712000	313.396970	13182	13559	135518	0	23	11	12	0
6.408000	313.639610	18217	18451	174648	0	11	5	6	0
5.737000	313.053824	18141	18383	173291	0	13	5	7	1
4.375000	310.882251	12408	12843	130822	0	16	7	8	1
4.958000	315.811183	17487	17786	169201	0	12	5	7	0
2.290000	314.497475	5835	6399	54789	0	10	5	5	0
1.607000	314.811183	5957	6532	56279	0	10	5	5	0
1.170000	315.225397	4625	5108	36761	0	14	6	7	1
5.143000	318.396970	17015	17316	170836	0	13	6	7	0
4.560000	318.225397	17465	17755	173079	0	11	5	6	0
5.668000	314.396970	16731	17022	169757	0	17	7	10	0
4.289000	316.154329	13531	13889	137484	0	23	12	11	0
5.539000	319.254834	16688	17001	165012	0	11	5	6	0
4.697000	317.367532	17949	18238	173303	0	11	5	6	0
2.240000	320.195959	6753	7308	57498	0	9	4	5	0
0.865000	320.740115	4683	5184	36154	0	12	6	6	0
1.738000	319.982756	6755	7333	60251	0	10	5	5	0
3.480000	316.154329	12761	13215	116694	0	25	11	13	1
5.107000	323.840620	14960	15345	154787	0	19	12	6	1
3.927000	325.053824	13663	14027	140784	0	22	12	10	0
4.402000	322.769553	14906	15302	153190	0	15	8	7	0
3.643000	324.225397	13929	14292	143854	0	17	10	7	0
5.462000	321.254834	16748	17061	169694	0	15	6	9	0
4.861000	317.769553	18650	18847	169511	0	13	5	8	0
5.713000	322.468037	18869	19111	176414	0	13	7	6	0
4.733000	322.781746	18141	18404	169172	0	10	4	6	0
4.346000	321.781746	12509	13009	141074	0	20	11	9	0
5.159000	321.426407	18863	19019	172264	0	13	6	7	0
4.986000	323.710678	17500	17783	172205	0	18	7	11	0
5.096000	325.325902	16266	16583	166074	0	22	7	13	2
5.292000	325.426407	18981	19155	172633	0	15	7	8	0
5.643000	327.296465	17776	18082	172770	0	12	6	6	0
4.936000	324.396970	17141	17440	171468	0	15	7	8	0
3.857000	323.396970	13652	14016	140804	0	23	11	12	0
5.598000	327.325902	16857	17209	168605	0	13	6	7	0
4.773000	326.325902	17478	17815	177386	0	13	6	7	0
5.323000	324.154329	16926	17275	168448	0	13	6	7	0
5.901000	325.811183	16988	17289	171291	0	12	6	6	0
4.713000	330.953319	13813	14285	148940	0	28	15	12	1
5.362000	330.497475	16597	16919	171761	0	15	7	8	0
5.741000	328.840620	17751	18071	180324	0	13	5	8	0
4.614000	326.982756	14428	14806	151154	0	21	10	10	1
4.824000	329.053824	18369	18613	174326	0	19	11	7	1
4.700000	331.911688	16916	17245	164758	0	11	5	6	0
6.327000	328.597980	18778	18956	172010	0	16	7	9	0
1.794000	329.396970	5964	6563	56108	0	10	5	5	0
1.973000	328.882251	7435	7996	60983	0	14	7	7	0
1.869000	329.468037	7106	7670	69613	0	26	13	12	1
5.583000	331.296465	18323	18559	174077	0	15	7	8	0
5.274000	336.024387	18386	18659	166949	0	12	6	6	0
4.766000	335.781746	18386	18676	174445	0	13	7	6	0
5.733000	331.083261	16431	16761	166882	0	15	7	8	0
4.976000	333.982756	18758	18967	176178	0	15	6	8	1
5.672000	330.468037	17999	18273	173878	0	15	7	8	0
6.781000	331.568542	17410	17768	179396	0	13	6	7	0
5.240000	336.254834	16776	17106	159061	0	11	5	6	0
2.433000	332.426407	8529	9041	82307	0	23	10	12	1
1.969000	332.840620	7116	7653	64695	0	12	5	7	0
6.262000	337.325902	17901	18234	185009	0	13	6	7	0
5.636000	336.195959	17971	18271	171456	0	22	11	11	0
4.803000	337.367532	17774	18076	169807	0	18	7	11	0
5.505000	333.497475	16447	16757	168628	0	18	8	10	0
3.865000	334.953319	13870	14273	148185	0	21	11	10	0
4.987000	339.911688	16971	17329	168653	0	15	8	7	0
5.842000	338.024387	18050	18314	173684	0	15	7	8	0
4.713000	338.325902	16920	17257	162602	0	11	5	6	0
2.033000	340.024387	8466	8977	79125	0	24	10	12	2
1.996000	337.539105	6442	7016	58247	0	10	5	5	0
6.869000	343.083261	17873	18193	184861	0	14	6	8	0
5.668000	340.840620	18640	18941	191171	0	13	6	7	0
5.357000	344.497475	16864	17197	162775	0	11	5	6	0
4.849000	343.982756	17378	17722	162615	0	11	5	6	0
4.843000	337.911688	17356	17675	179217	0	19	7	12	0
9.141000	342.911688	18878	19177	193683	0	13	6	7	0
2.001000	344.024387	7096	7646	67498	0	26	13	12	1
2.051000	343.953319	8084	8644	64498	0	17	8	9	0
4.085000	339.053824	12886	13311	115879	0	25	11	13	1
1.876000	342.639610	7952	8527	64276	0	17	8	9	0
6.060000	348.610173	18368	18652	170846	0	12	5	6	1
4.945000	346.639610	17452	17773	167861	0	11	5	6	0
5.579000	347.497475	18976	19252	197224	0	15	6	9	0
5.430000	346.669048	16834	17178	167359	0	13	6	7	0
4.872000	346.811183	17249	17635	176661	0	13	6	7	0
5.951000	347.124892	17767	18154	182154	0	13	6	7	0
6.186000	343.882251	18172	18528	191875	0	15	6	8	1
5.038000	345.497475	16622	16943	167122	0	17	7	9	1
3.672000	342.367532	13138	13556	109087	0	19	10	9	0
4.086000	343.497475	12598	12961	114810	0	26	12	13	1
4.860000	351.396970	17047	17371	163551	0	15	7	8	0
6.465000	351.325902	16790	17129	170849	0	14	7	7	0
6.087000	348.468037	17904	18279	183064	0	13	6	7	0
4.362000	350.095454	12310	12707	101265	0	17	6	10	1
2.128000	350.781746	8079	8651	64447	0	17	8	9	0
1.780000	351.396970	6832	7407	68015	0	18	9	9	0
2.312000	348.639610	10698	11078	89205	0	17	7	10	0
1.824000	352.740115	7272	7848	62645	0	10	5	5	0
2.752000	347.840620	8977	9460	84177	0	24	11	12	1
1.901000	351.669048	7226	7755	70723	0	19	10	9	0
6.780000	353.296465	18350	18711	186958	0	13	6	7	0
5.037000	355.497475	16873	17218	168524	0	14	7	7	0
1.925000	353.740115	6627	7217	61679	0	10	5	5	0
1.886000	353.911688	6911	7488	67920	0	16	8	8	0
2.055000	355.568542	7764	8310	73876	0	25	12	12	1
1.974000	352.740115	7619	8152	71862	0	23	10	12	1
2.428000	354.497475	7349	7882	70627	0	18	9	9	0
2.399000	353.669048	9117	9617	84276	0	24	10	12	2
2.248000	352.811183	8046	8577	66345	0	17	9	8	0
2.025000	354.396970	7566	8075	73357	0	21	11	10	0
5.732000	356.024387	17677	18089	182079	0	13	6	7	0
5.561000	358.225397	17375	17713	160576	0	15	7	8	0
3.276000	355.982756	12415	12758	110391	0	20	9	11	0
3.064000	357.325902	11785	12156	105578	0	25	10	13	2
3.149000	353.840620	10204	10634	92683	0	25	11	13	1
4.363000	357.468037	13298	13685	120484	0	26	12	13	1
1.958000	358.468037	8612	9091	82259	0	25	12	12	1
3.659000	355.882251	11690	12058	107526	0	26	12	13	1
2.275000	356.882251	7566	8075	74070	0	21	11	10	0
2.141000	357.468037	8383	8917	71226	0	20	9	11	0
6.494000	360.468037	17928	18307	185662	0	14	7	7	0
5.184000	359.781746	18019	18406	188995	0	14	7	7	0
5.750000	359.639610	17251	17599	163953	0	17	7	10	0
4.405000	361.639610	17198	17548	162445	0	17	8	9	0
4.274000	359.225397	13775	14173	121771	0	25	11	13	1
4.234000	358.811183	15705	16157	140366	0	25	11	13	1
2.548000	359.296465	9468	9927	89896	0	24	10	12	2
3.313000	358.911688	13200	13584	119438	0	28	12	15	1
1.911000	361.740115	7039	7589	73255	0	19	8	10	1
2.065000	359.781746	7154	7682	69779	0	17	10	7	0
6.315000	362.124892	18394	18743	192045	0	19	8	11	0
5.757000	362.053824	18608	18944	190943	0	16	7	9	0
5.157000	362.811183	17322	17711	174701	0	20	11	9	0
5.378000	366.438600	17491	17910	180895	0	15	7	8	0
2.146000	366.882251	8383	8917	66289	0	17	8	9	0
1.982000	364.367532	7534	8085	68771	0	11	6	5	0
1.939000	365.024387	8345	8855	82278	0	28	13	13	2
3.315000	363.053824	12521	12866	115632	0	28	12	15	1
2.807000	367.267027	7955	8457	80364	0	27	13	13	1

