0.022000	3.605551	0	0	0	2	0	0	0	0
0.011000	2.828427	0	0	0	2	0	0	0	0
0.009000	3.162278	0	0	0	2	0	0	0	0
0.008000	3.605551	0	0	0	2	0	0	0	0
0.018000	2.000000	0	0	0	2	0	0	0	0
0.005000	3.000000	0	0	0	2	0	0	0	0
0.000000	1.414214	0	0	0	2	0	0	0	0
0.001000	2.000000	0	0	0	2	0	0	0	0
0.000000	2.000000	0	0	0	2	0	0	0	0
0.001000	3.605551	0	0	0	2	0	0	0	0
0.001000	5.385165	0	0	0	2	0	0	0	0
0.001000	6.403124	0	0	0	2	0	0	0	0
0.001000	4.123106	0	0	0	2	0	0	0	0
0.001000	6.000000	0	0	0	2	0	0	0	0
0.001000	7.280110	0	0	0	2	0	0	0	0
0.001000	5.385165	0	0	0	2	0	0	0	0
0.001000	4.000000	0	0	0	2	0	0	0	0
0.002000	4.000000	0	0	0	2	0	0	0	0
0.001000	7.071068	0	0	0	2	0	0	0	0
0.002000	7.071068	0	0	0	2	0	0	0	0
0.002000	9.486833	0	0	0	2	0	0	0	0
0.002000	8.602325	0	0	0	2	0	0	0	0
0.002000	9.000000	0	0	0	2	0	0	0	0
0.002000	10.440307	0	0	0	2	0	0	0	0
0.001000	10.198039	0	0	0	2	0	0	0	0
0.001000	8.602325	0	0	0	2	0	0	0	0
0.001000	8.062258	0	0	0	2	0	0	0	0
0.002000	10.295630	0	0	0	2	0	0	0	0
0.001000	7.810250	0	0	0	2	0	0	0	0
0.002000	8.062258	0	0	0	2	0	0	0	0
0.001000	13.000000	0	0	0	2	0	0	0	0
0.000000	13.038405	0	0	0	2	0	0	0	0
0.001000	15.132746	0	0	0	2	0	0	0	0
0.001000	13.038405	0	0	0	2	0	0	0	0
0.001000	12.727922	0	0	0	2	0	0	0	0
0.001000	15.000000	0	0	0	2	0	0	0	0
0.002000	12.041595	0	0	0	2	0	0	0	0
0.001000	12.369317	0	0	0	2	0	0	0	0
0.001000	15.033296	0	0	0	2	0	0	0	0
0.001000	11.661904	0	0	0	2	0	0	0	0
0.002000	17.464249	0	0	0	2	0	0	0	0
0.016000	15.193485	4	21	28	5	1	0	1	0
0.001000	16.552945	0	0	0	2	0	0	0	0
0.002000	18.027756	0	0	0	2	0	0	0	0
0.001000	16.492423	0	0	0	2	0	0	0	0
0.001000	18.110770	0	0	0	2	0	0	0	0
0.010000	17.066689	8	31	55	6	2	0	2	0
0.009000	17.841397	5	25	36	5	1	0	1	0
0.002000	16.278821	0	0	0	2	0	0	0	0
0.002000	16.124515	0	0	0	2	0	0	0	0
0.007000	22.000330	4	13	16	4	1	0	1	0
0.010000	20.901047	4	23	29	5	2	0	2	0
0.002000	20.223748	0	0	0	2	0	0	0	0
0.002000	23.000000	0	0	0	2	0	0	0	0
0.002000	19.416488	0	0	0	2	0	0	0	0
0.002000	22.803509	0	0	0	2	0	0	0	0
0.002000	19.849433	0	0	0	2	0	0	0	0
0.009000	21.672538	7	29	49	7	2	0	2	0
0.000000	21.023796	0	0	0	2	0	0	0	0
0.011000	20.046897	5	29	44	5	1	0	1	0
0.016000	26.248931	2	46	55	3	1	0	1	0
0.010000	24.280110	5	25	38	5	1	0	1	0
0.014000	24.836419	5	44	46	6	2	0	2	0
0.002000	25.495098	0	0	0	2	0	0	0	0
0.003000	27.073973	0	0	0	2	0	0	0	0
0.000000	25.179357	0	0	0	2	0	0	0	0
0.000000	24.515301	0	0	0	2	0	0	0	0
0.000000	25.961510	0	0	0	2	0	0	0	0
0.002000	24.186773	0	0	0	2	0	0	0	0
0.002000	24.166092	0	0	0	2	0	0	0	0
0.002000	28.861739	0	0	0	2	0	0	0	0
0.013000	27.898009	12	54	90	6	3	0	3	0
0.000000	28.844410	0	0	0	2	0	0	0	0
0.015000	28.049245	4	42	38	4	1	0	1	0
0.001000	30.479501	0	0	0	2	0	0	0	0
0.013000	28.687354	5	43	64	6	2	0	2	0
0.014000	28.730919	7	41	64	7	1	0	1	0
0.011000	25.958217	8	45	70	6	3	0	3	0
0.002000	29.154759	0	0	0	2	0	0	0	0
0.003000	30.000000	0	0	0	2	0	0	0	0
0.012000	32.918896	4	38	40	5	1	0	1	0
0.010000	32.712377	7	31	40	7	3	0	3	0
0.001000	32.649655	0	0	0	2	0	0	0	0
0.013000	31.080305	14	71	155	6	3	0	3	0
0.001000	31.320920	0	0	0	2	0	0	0	0
0.009000	30.533651	6	31	53	5	1	0	1	0
0.002000	33.541020	0	0	0	2	0	0	0	0
0.002000	30.232433	0	0	0	2	0	0	0	0
0.010000	30.415145	11	36	76	7	1	0	1	0
0.002000	31.320920	0	0	0	2	0	0	0	0
0.002000	36.000000	0	0	0	2	0	0	0	0
0.018000	33.426847	16	78	163	7	3	0	3	0
0.002000	35.902646	0	0	0	2	0	0	0	0
0.013000	35.649886	8	43	52	5	2	0	2	0
0.002000	36.069378	0	0	0	2	0	0	0	0
0.111000	36.364649	4	42	65	5	1	0	1	0
0.012000	36.223038	6	27	47	5	1	0	1	0
0.003000	36.055513	0	0	0	2	0	0	0	0
0.012000	36.643317	6	57	93	6	1	0	1	0
0.016000	35.242008	5	46	69	5	1	0	1	0
0.008000	39.426739	10	27	51	8	3	0	3	0
0.017000	39.913676	11	53	112	9	3	0	3	0
0.017000	39.719321	18	89	186	8	2	0	2	0
0.003000	42.107007	0	0	0	2	0	0	0	0
0.014000	40.835636	9	41	74	7	1	0	1	0
0.002000	40.311289	0	0	0	2	0	0	0	0
0.011000	38.205635	7	32	59	8	2	0	2	0
0.010000	40.968982	6	28	54	7	1	0	1	0
0.011000	39.981209	4	38	52	5	2	0	2	0
0.014000	38.894050	10	54	102	8	3	0	3	0
0.015000	45.559804	16	47	119	9	1	0	1	0
0.014000	46.124784	10	48	72	7	1	0	1	0
0.017000	46.317351	7	50	81	5	1	0	1	0
0.003000	46.690470	0	0	0	2	0	0	0	0
0.018000	42.638498	10	60	127	8	2	0	2	0
0.018000	43.839688	13	62	135	10	2	0	2	0
0.017000	39.774893	18	81	189	7	3	0	3	0
0.002000	44.147480	0	0	0	2	0	0	0	0
0.014000	42.850566	5	29	36	5	1	0	1	0
0.015000	41.658272	5	50	63	5	1	0	1	0
0.015000	46.140523	26	33	68	8	4	0	4	0
0.012000	44.104847	21	30	63	9	4	0	4	0
0.003000	46.690470	0	0	0	2	0	0	0	0
0.018000	47.315154	8	46	90	8	2	0	1	1
0.014000	45.851037	11	51	81	7	2	0	2	0
0.013000	48.316113	15	43	103	9	2	0	1	1
0.012000	48.648694	15	52	97	7	3	0	2	1
0.011000	50.160453	14	52	101	7	1	0	1	0
0.012000	46.309969	7	56	71	8	2	0	1	1
0.012000	48.351424	5	47	59	5	1	0	1	0
0.015000	49.941211	21	30	60	8	4	0	4	0
0.010000	51.313723	4	37	63	5	1	0	1	0
0.011000	51.333715	4	24	32	4	1	0	1	0
0.012000	50.068884	9	57	81	8	1	0	1	0
0.013000	50.846868	8	46	80	8	2	0	1	1
0.014000	50.083218	11	62	84	8	2	0	2	0
0.015000	50.283733	12	59	93	7	1	0	1	0
0.012000	50.781728	14	40	90	8	1	0	1	0
0.015000	50.505406	20	50	131	10	2	0	2	0
0.016000	51.579739	12	65	121	9	3	0	3	0
0.012000	53.558296	16	38	87	9	4	0	4	0
0.013000	55.014095	20	37	90	8	3	0	3	0
0.003000	57.384667	0	0	0	2	0	0	0	0
0.018000	55.286447	23	84	172	9	3	0	3	0
0.002000	55.901699	0	0	0	2	0	0	0	0
0.014000	54.244289	20	50	129	9	1	0	1	0
0.013000	57.245158	10	45	91	11	1	0	1	0
0.014000	55.759833	6	43	60	4	1	0	1	0
0.016000	51.145387	16	67	126	8	3	0	2	1
0.001000	54.424259	0	0	0	2	0	0	0	0
0.000000	61.152946	14	87	210	9	1	0	1	0
0.000000	57.706152	0	0	0	2	0	0	0	0
0.017000	54.680701	16	72	157	11	5	0	5	0
0.012000	59.641062	11	51	104	10	2	0	2	0
0.017000	57.992438	21	79	175	10	5	0	5	0
0.011000	60.990966	10	44	88	10	2	0	2	0
0.015000	59.841698	7	54	82	4	1	0	1	0
0.015000	57.519462	16	49	116	10	2	0	0	2
0.015000	57.286434	22	67	149	9	3	0	3	0
0.004000	60.016664	0	0	0	2	0	0	0	0
0.015000	61.029648	14	62	122	7	1	0	1	0
0.014000	62.698291	10	68	113	8	2	0	2	0
0.014000	63.853721	12	69	110	9	1	0	1	0
0.002000	65.192024	0	0	0	2	0	0	0	0
0.018000	58.886419	29	86	204	9	4	0	4	0
0.018000	61.488271	13	76	119	9	2	0	1	1
0.003000	61.522354	0	0	0	2	0	0	0	0
0.021000	60.400593	29	93	250	11	4	0	4	0
0.016000	59.949911	24	81	197	10	3	0	2	1
0.016000	62.401618	17	77	145	10	4	0	4	0
0.015000	67.283776	24	50	107	14	5	0	5	0
0.003000	63.788714	0	0	0	2	0	0	0	0
0.015000	63.193112	13	61	120	9	3	0	3	0
0.011000	64.742948	13	41	84	11	3	0	2	1
0.013000	66.732605	10	67	119	8	1	0	1	0
0.014000	65.686720	17	67	157	9	2	0	2	0
0.014000	65.088752	16	56	140	12	4	0	2	2
0.003000	71.028163	0	0	0	2	0	0	0	0
0.014000	67.868843	22	56	147	4	1	0	1	0
0.012000	66.491377	12	55	119	13	3	0	3	0
0.016000	69.158821	20	43	94	11	3	0	2	1
0.013000	71.224146	13	54	130	10	2	0	2	0
0.021000	66.152439	36	106	247	12	4	0	4	0
0.032000	66.095217	29	96	231	12	5	0	5	0
0.018000	69.515291	17	70	164	7	2	0	1	1
0.002000	71.021124	0	0	0	2	0	0	0	0
0.018000	68.486342	27	88	202	11	3	0	3	0
0.025000	67.783560	31	109	274	14	5	0	4	1
0.022000	69.621525	31	101	223	11	3	0	2	1
0.011000	68.046955	9	34	59	7	2	0	2	0
0.016000	72.934481	26	53	87	11	5	0	4	1
0.024000	71.425595	43	122	390	12	6	0	5	1
0.019000	71.093393	23	93	208	14	7	0	7	0
0.016000	74.681329	16	81	171	11	2	0	2	0
0.012000	72.125584	11	48	90	11	2	0	2	0
0.013000	72.860028	11	57	127	10	2	0	2	0
0.013000	77.610767	14	64	124	13	3	0	3	0
0.024000	70.601386	45	117	300	11	4	0	4	0
0.015000	72.193622	25	63	187	13	3	0	1	2
0.004000	74.518454	0	0	0	2	0	0	0	0
0.016000	75.784061	19	32	70	8	3	0	3	0
0.013000	74.574762	19	39	79	11	6	0	6	0
0.014000	76.090471	17	46	101	12	3	0	2	1
0.015000	76.505192	19	77	190	11	3	0	2	1
0.023000	73.952566	34	100	236	12	6	0	6	0
0.011000	80.386830	13	70	130	7	2	0	2	0
0.022000	74.048286	44	99	278	11	4	0	4	0
0.028000	75.612708	66	131	398	15	7	0	7	0
0.017000	77.242181	27	64	179	12	2	0	2	0
0.017000	76.822881	13	59	118	6	1	0	1	0
0.010000	84.066144	5	40	38	4	1	0	1	0
0.026000	78.410343	47	131	431	13	6	0	5	1
0.016000	82.799335	19	73	175	11	4	0	4	0
0.014000	82.129336	19	57	140	13	3	0	3	0
0.048000	80.856600	14	63	133	9	3	0	3	0
0.034000	79.046509	66	149	463	14	6	0	6	0
0.021000	82.114773	23	90	234	13	4	0	3	1
0.016000	83.207956	13	58	129	12	2	0	2	0
0.018000	80.143670	16	79	142	10	2	0	2	0
0.022000	80.174130	37	79	216	13	4	0	4	0
0.015000	82.044332	21	36	74	8	3	0	3	0
0.021000	83.956520	47	86	256	16	7	0	7	0
0.019000	86.577943	26	79	243	11	3	0	1	2
0.034000	81.209989	63	163	589	16	6	0	4	2
0.013000	84.228230	20	62	119	14	4	0	4	0
0.019000	83.454428	24	98	219	13	6	0	6	0
0.039000	83.366562	69	157	510	13	6	0	6	0
0.022000	82.070090	33	112	276	15	6	0	6	0
0.018000	84.946969	32	70	198	13	1	0	1	0
0.016000	84.332970	22	62	158	12	2	0	2	0
0.013000	89.604695	22	43	73	14	2	0	1	1
0.013000	87.418777	22	43	79	14	3	0	1	2
0.021000	88.024955	46	85	245	18	9	0	9	0
0.013000	89.190901	13	55	106	13	2	0	2	0
0.023000	86.798774	34	135	357	15	6	0	5	1
0.013000	91.530385	12	60	102	9	4	0	4	0
0.021000	89.408576	27	93	277	15	4	0	2	2
0.018000	88.557335	28	74	185	15	3	0	3	0
0.023000	85.947690	40	136	367	15	6	0	5	1
0.014000	86.798179	14	63	133	9	3	0	3	0
0.017000	93.392828	19	45	93	13	5	0	4	1
0.018000	88.736437	43	84	199	20	8	0	7	1
0.005000	91.782351	0	0	0	2	0	0	0	0
0.035000	95.852298	44	128	370	13	5	0	4	1
0.020000	89.600081	29	81	248	14	4	0	1	3
0.022000	90.936468	43	94	354	13	4	0	2	2
0.017000	94.785413	15	65	166	15	4	0	3	1
0.026000	89.822664	40	126	342	15	8	0	8	0
0.029000	91.395725	57	118	336	12	4	0	4	0
0.021000	90.607008	36	77	245	16	4	0	0	4
0.030000	98.561977	46	113	379	12	4	0	2	2
0.017000	98.750568	11	67	122	10	2	0	1	1
0.018000	95.206112	30	80	254	16	4	0	3	1
0.020000	93.528205	26	92	202	8	3	0	3	0
0.029000	93.964934	49	115	330	10	4	0	4	0
0.021000	97.345930	21	80	202	17	3	0	1	2
0.023000	95.890183	34	104	269	14	4	0	4	0
0.026000	94.789305	57	118	348	12	4	0	4	0
0.024000	93.686654	50	92	351	18	4	0	2	2
0.016000	98.097909	27	72	180	13	4	0	4	0
0.012000	99.168255	19	45	98	13	5	0	4	1
0.011000	102.401754	14	43	80	11	2	0	2	0
0.042000	96.280999	80	184	756	18	6	0	5	1
0.026000	97.815968	40	147	399	17	5	0	4	1
0.017000	102.405793	21	82	211	17	3	0	3	0
0.028000	97.538912	50	158	452	15	4	0	4	0
0.014000	102.513745	25	85	228	17	4	0	4	0
0.000000	98.745128	27	92	226	8	3	0	3	0
0.036000	98.957197	92	159	515	15	6	0	6	0
0.027000	97.813827	64	118	364	13	4	0	4	0
0.019000	104.240576	39	87	197	20	6	0	5	1
0.022000	103.048498	50	90	240	14	7	0	5	2
0.005000	101.651365	0	0	0	2	0	0	0	0
0.042000	101.071669	82	188	709	17	6	0	4	2
0.035000	101.063157	76	169	647	18	8	0	5	3
0.018000	107.245585	27	89	249	19	4	0	4	0
0.035000	103.543616	67	173	633	16	5	0	4	1
0.017000	103.523440	17	73	174	16	4	0	3	1
0.027000	101.851763	59	107	389	20	6	0	3	3
0.026000	105.165835	46	115	343	15	4	0	4	0
0.023000	106.501168	62	102	290	17	7	0	5	2
0.013000	109.447115	13	41	80	12	3	0	3	0
0.039000	111.968113	78	159	591	12	5	0	3	2
0.048000	109.371105	116	209	813	16	5	0	5	0
0.025000	106.371624	39	130	350	13	4	0	3	1
0.039000	105.839046	98	167	623	12	4	0	4	0
0.026000	105.453050	49	139	369	15	7	0	7	0
0.025000	105.488608	42	118	336	17	5	0	4	1
0.023000	108.822994	36	112	310	15	4	0	4	0
0.031000	105.627992	61	148	458	16	6	0	6	0
0.023000	115.628123	42	106	261	20	6	0	6	0
0.022000	109.344130	22	96	218	11	2	0	1	1
0.019000	110.924732	22	87	215	13	5	0	4	1
0.038000	109.462764	91	167	617	12	4	0	4	0
0.018000	114.073976	25	83	159	11	4	0	4	0
0.034000	110.588144	73	141	429	12	4	0	4	0
0.033000	108.325003	68	117	439	18	6	0	2	4
0.039000	112.140579	90	154	546	14	3	0	3	0
0.043000	111.642696	109	175	633	13	4	0	3	1
0.044000	109.992122	121	201	768	16	5	0	3	2
0.025000	113.131686	56	101	311	15	6	0	3	3
0.025000	118.721422	48	111	325	18	5	0	5	0
0.023000	115.468764	51	100	285	14	6	0	4	2
0.017000	115.658576	9	57	91	6	1	0	1	0
0.045000	114.251748	99	186	745	9	4	0	3	1
0.021000	112.876770	27	101	225	12	4	0	3	1
0.026000	113.038110	44	117	315	10	3	0	3	0
0.038000	116.832385	95	161	618	11	5	0	5	0
0.022000	114.841281	28	92	233	16	3	0	1	2
5.690000	112.350748	76	141	437	12	4	0	4	0
0.032000	117.711463	52	96	290	19	7	0	6	1
0.029000	122.131945	35	97	234	17	4	0	4	0
0.024000	118.330300	37	99	200	21	6	0	5	1
0.022000	115.982058	35	72	137	14	8	0	6	2
0.057000	118.462831	108	198	933	19	7	0	6	1
0.024000	117.224908	30	111	351	18	5	0	4	1
0.031000	121.647073	34	97	273	19	6	0	5	1
0.077000	121.698128	56	134	425	21	6	0	5	1
0.029000	118.655578	28	98	268	18	3	0	2	1
0.039000	122.066817	85	158	556	20	5	0	4	1
0.020000	122.462503	35	72	138	11	5	0	3	2
0.017000	121.230484	35	72	156	11	5	0	3	2
0.027000	122.611028	47	99	298	20	7	0	7	0
0.024000	123.027748	59	109	334	22	8	0	7	1
0.024000	123.889063	27	109	282	15	5	0	5	0
0.017000	126.128237	16	47	70	10	3	0	3	0
0.032000	123.845323	51	127	423	17	4	0	4	0
0.042000	123.237702	60	154	450	17	5	0	3	2
0.029000	122.098162	42	127	390	17	5	0	3	2
0.032000	121.164119	60	167	517	16	6	0	4	2
0.025000	127.803563	62	112	372	24	10	0	9	1
0.025000	129.902111	41	102	258	17	4	0	4	0
0.026000	123.917946	58	101	317	18	6	0	2	4
0.021000	126.996355	44	102	273	21	8	0	8	0
0.038000	127.652729	71	151	476	21	8	0	7	1
0.023000	127.657866	35	91	207	17	4	0	2	2
0.035000	124.250278	50	172	497	18	7	0	7	0
0.027000	127.482943	42	122	401	18	5	0	4	1
0.045000	122.090147	85	189	657	14	4	0	4	0
0.044000	123.926060	114	148	585	22	7	0	3	4
0.024000	131.045770	43	101	233	19	5	0	4	1
0.016000	136.158292	16	56	80	11	3	0	3	0
0.026000	130.187274	31	134	346	16	6	0	6	0
0.026000	131.835015	36	100	300	20	6	0	5	1
0.030000	131.453945	59	136	435	21	5	0	4	1
0.052000	127.189711	105	220	859	18	6	0	5	1
0.043000	126.073570	97	196	682	17	5	0	5	0
0.116000	128.045694	101	158	587	12	4	0	4	0
0.032000	129.471759	62	108	398	20	6	0	2	4
0.045000	127.218013	119	173	671	15	5	0	5	0
0.020000	135.519060	36	74	163	11	5	0	3	2
0.034000	134.245701	74	134	444	19	7	0	4	3
0.024000	130.876427	36	94	210	17	4	0	3	1
0.025000	135.653435	32	91	203	17	4	0	4	0
0.033000	135.384140	54	125	420	20	5	0	4	1
0.032000	133.550700	59	139	502	18	5	0	3	2
0.032000	133.725751	74	155	496	18	6	0	5	1
0.039000	131.374546	83	176	573	20	7	0	6	1
0.032000	130.526261	55	119	391	21	5	0	0	5
0.031000	131.942192	51	103	351	15	3	0	2	1
0.041000	137.400919	98	157	546	19	6	0	5	1
0.026000	133.371380	63	113	343	21	8	0	4	4
0.027000	137.480365	60	117	385	22	8	0	8	0
0.026000	140.760743	53	126	349	21	7	0	6	1
0.027000	136.696223	71	119	361	21	10	0	7	3
0.022000	137.609497	38	93	212	19	3	0	2	1
0.030000	139.626992	40	130	408	13	4	0	3	1
0.078000	137.505504	181	317	1505	20	8	0	8	0
0.033000	143.124511	48	153	479	20	5	0	4	1
0.031000	140.841168	56	132	490	17	5	0	4	1
0.036000	141.729500	84	154	493	22	8	0	7	1
0.038000	138.702068	88	154	500	22	6	0	5	1
0.034000	142.169069	84	154	511	20	6	0	5	1
0.015000	145.465353	18	41	80	13	2	0	1	1
0.053000	137.620094	128	213	1055	21	7	0	6	1
0.024000	143.628338	25	104	270	15	5	0	5	0
0.033000	140.363612	51	100	372	18	5	0	5	0
0.078000	143.368437	203	326	1589	22	8	0	7	1
0.035000	142.527796	52	169	505	14	4	0	4	0
0.027000	142.709503	54	125	406	20	5	0	4	1
0.028000	143.071572	60	117	365	19	9	0	6	3
0.027000	144.534734	60	121	371	18	8	0	6	2
0.018000	147.660087	36	74	165	11	5	0	3	2
0.033000	149.892775	68	137	442	22	4	0	3	1
0.041000	142.585149	100	162	598	20	7	0	6	1
0.035000	145.744122	72	128	424	18	6	0	3	3
0.023000	143.924516	46	109	308	23	9	0	9	0
0.029000	142.482522	33	128	352	16	5	0	5	0
0.036000	143.406384	68	185	580	16	5	0	4	1
0.043000	144.070833	85	196	781	21	7	0	6	1
0.040000	147.574902	95	173	560	21	6	0	5	1
0.024000	151.045516	49	113	343	20	5	0	5	0
0.022000	146.769882	38	93	194	20	5	0	2	3
0.013000	149.821466	14	41	83	12	4	0	3	1
0.019000	151.467461	25	83	183	11	4	0	4	0
0.033000	151.853242	46	176	514	16	6	0	6	0
0.029000	150.391956	38	128	354	22	7	0	4	3
0.054000	150.514226	127	250	998	18	6	0	5	1
0.032000	150.186895	56	154	482	21	6	0	5	1
0.044000	149.565190	97	210	801	21	7	0	6	1
0.023000	155.765419	34	101	216	19	5	0	5	0
0.028000	154.175619	54	118	362	23	7	0	7	0
0.029000	153.513668	60	124	408	21	6	0	6	0
0.025000	148.353394	56	124	389	25	10	0	9	1
0.028000	156.478294	31	117	322	15	6	0	4	2
0.043000	150.291138	105	161	625	25	9	0	8	1
0.045000	150.220910	96	223	839	17	6	0	5	1
0.036000	154.860804	68	155	597	19	6	0	5	1
0.047000	151.076355	109	224	852	23	7	0	6	1
0.047000	152.993343	112	197	730	25	5	0	3	2
0.028000	158.143376	55	117	382	23	8	0	8	0
0.032000	156.737696	70	136	484	25	8	0	7	1
0.023000	159.034059	37	92	189	19	3	0	1	2
0.049000	158.531850	52	140	498	15	6	0	5	1
0.033000	156.223420	52	142	490	24	7	0	4	3
0.028000	155.830095	56	141	492	25	8	0	5	3
0.056000	157.155398	125	235	1039	22	8	0	7	1
0.032000	158.352384	59	136	526	23	6	0	2	4
0.072000	159.871882	177	308	1322	22	5	0	4	1
0.037000	155.958531	85	151	586	23	8	0	1	7
0.016000	167.482874	24	82	144	16	3	0	3	0
0.031000	166.880457	32	95	199	19	6	0	5	1
0.035000	163.781027	82	144	547	17	7	0	7	0
0.057000	158.680540	146	224	1101	23	7	0	6	1
0.058000	165.064023	98	158	642	23	7	0	6	1
0.044000	161.247341	66	157	599	19	6	0	5	1
0.084000	160.360054	163	292	1312	22	6	0	5	1
0.074000	157.628714	146	260	1102	21	6	0	5	1
0.067000	159.350529	135	247	1040	25	8	0	5	3
0.051000	161.584921	93	157	586	23	7	0	5	2
0.041000	165.205780	75	136	504	26	9	0	8	1
0.035000	168.287536	61	133	438	19	8	0	8	0
0.039000	166.544892	70	136	473	25	8	0	8	0
0.059000	161.847092	121	180	708	23	7	0	6	1
0.065000	164.485788	132	187	726	24	8	0	7	1
0.103000	164.080910	214	327	1568	27	7	0	3	4
0.031000	162.450501	53	119	384	19	5	0	4	1
0.059000	162.486672	153	241	1148	21	7	0	6	1
0.064000	164.535610	163	251	1286	22	8	0	7	1
0.079000	164.621791	201	323	1442	26	6	0	4	2
0.044000	171.269819	90	205	733	26	7	0	7	0
0.034000	164.151865	79	139	508	27	8	0	6	2
0.038000	169.621170	80	184	613	26	7	0	7	0
0.056000	170.110639	114	184	936	18	7	0	5	2
0.061000	173.086011	144	206	1109	17	6	0	5	1
0.050000	168.663334	133	201	735	23	8	0	6	2
0.029000	168.661503	50	143	476	24	8	0	4	4
0.096000	168.149783	249	381	1823	25	8	0	7	1
0.067000	168.522962	174	297	1292	24	6	0	5	1
0.073000	168.418765	180	297	1331	24	6	0	5	1
0.038000	175.004938	95	153	597	21	8	0	8	0
0.036000	170.264944	92	158	604	27	9	0	8	1
0.035000	169.685369	78	145	509	28	6	0	5	1
0.030000	175.396948	52	127	368	17	4	0	2	2
0.031000	173.820510	41	119	306	21	5	0	5	0
0.053000	171.310897	114	212	772	23	7	0	4	3
0.057000	173.940585	116	185	909	16	4	0	3	1
0.039000	172.419240	87	155	670	22	6	0	3	3
0.099000	170.659321	273	392	1996	26	9	0	8	1
0.036000	169.967701	77	143	567	21	5	0	3	2
0.032000	177.363854	78	142	482	20	7	0	6	1
0.010000	179.241621	77	142	522	17	6	0	6	0
0.000000	176.773086	130	227	936	23	8	0	5	3
0.000000	175.687135	83	186	638	25	6	0	6	0
0.000000	175.687439	43	106	252	21	4	0	1	3
0.000000	177.865667	86	144	518	21	8	0	7	1
0.007000	175.978727	43	121	272	25	7	0	5	2
0.045000	175.102406	102	215	788	29	10	0	10	0
0.050000	172.514115	119	217	827	29	11	0	10	1
0.095000	177.466769	263	386	1885	28	8	0	7	1
0.041000	179.084381	85	186	653	27	7	0	7	0
0.052000	182.836261	125	227	933	23	7	0	4	3
0.659000	179.586553	125	234	943	29	7	0	6	1
0.043000	179.158599	81	146	567	29	10	0	8	2
0.044000	179.979026	101	165	627	24	8	0	4	4
0.043000	179.271476	109	169	666	24	8	0	3	5
0.028000	180.859984	46	126	320	20	4	0	3	1
0.062000	181.448947	152	246	1120	26	11	0	8	3
0.049000	181.354748	123	199	915	28	10	0	7	3
0.040000	175.797234	101	167	675	23	8	0	5	3
0.063000	186.021149	135	235	981	23	7	0	4	3
0.041000	181.675154	102	162	647	24	8	0	4	4
0.028000	185.669197	44	123	303	23	6	0	5	1
0.054000	187.238261	126	235	935	26	5	0	2	3
0.055000	187.123283	148	240	966	27	8	0	7	1
0.051000	183.481804	136	202	770	23	9	0	8	1
0.051000	183.878899	103	179	846	26	7	0	3	4
0.040000	182.648036	92	159	591	24	5	0	5	0
0.048000	178.819815	117	201	757	26	9	0	8	1
0.057000	183.567358	106	192	906	17	7	0	6	1
0.029000	192.556072	44	138	357	25	7	0	7	0
0.042000	186.797860	106	166	638	26	9	0	5	4
0.054000	189.266472	133	243	1036	26	8	0	5	3
0.059000	188.426108	125	200	1004	21	6	0	6	0
0.055000	185.119279	135	200	855	29	9	0	6	3
0.048000	185.914049	112	171	777	27	9	0	3	6
0.046000	183.711663	109	169	699	25	9	0	4	5
0.045000	186.335352	99	174	763	28	6	0	3	3
0.053000	189.161892	117	195	915	29	7	0	4	3
0.070000	189.268202	170	242	1247	18	7	0	6	1
0.050000	192.202098	107	228	881	28	7	0	7	0
0.029000	192.908463	61	158	459	25	6	0	6	0
0.000000	194.322677	64	159	465	25	6	0	6	0
0.000000	194.034633	259	364	1916	22	6	0	6	0
0.000000	187.641831	130	197	871	25	8	0	5	3
0.000000	188.011545	113	181	842	27	6	0	3	3
0.057000	190.301722	90	244	984	22	10	0	9	1
0.045000	194.747029	72	181	626	27	9	0	5	4
0.053000	192.481102	115	186	906	26	7	0	3	4
0.047000	188.049162	119	210	804	26	10	0	8	2
0.066000	197.119112	156	247	1174	28	9	0	9	0
0.048000	194.192944	106	220	846	27	6	0	6	0
0.049000	200.444133	114	202	889	26	8	0	7	1
0.045000	196.939119	78	176	582	21	5	0	3	2
0.037000	198.217763	66	160	506	21	5	0	4	1
0.066000	198.092377	168	266	1234	27	8	0	4	4
0.052000	195.927762	124	229	919	27	7	0	3	4
0.051000	199.591252	128	239	968	26	8	0	5	3
0.029000	196.517441	43	134	335	23	5	0	4	1
0.073000	194.655584	164	244	1190	18	6	0	5	1
0.034000	198.295452	63	153	430	22	5	0	3	2
0.056000	203.093198	135	241	1087	27	8	0	7	1
0.047000	199.956756	138	178	827	22	8	0	8	0
0.043000	201.494106	84	199	726	27	8	0	6	2
0.104000	200.747320	269	376	2062	19	7	0	6	1
0.074000	199.649244	181	276	1370	18	6	0	5	1
0.108000	202.693032	295	390	2189	23	8	0	6	2
0.086000	201.248383	224	332	1830	24	10	0	9	1
0.059000	198.494583	116	256	1217	21	7	0	7	0
0.054000	199.930771	131	229	996	31	11	0	7	4
0.041000	203.992707	76	184	558	24	5	0	3	2
0.032000	208.845044	51	149	407	26	7	0	7	0
0.088000	205.526815	227	332	1558	27	8	0	6	2
0.053000	203.152716	156	216	919	24	10	0	10	0
0.031000	202.878219	50	130	332	24	6	0	4	2
0.078000	201.729011	188	280	1433	18	6	0	5	1
0.078000	204.622666	210	322	1541	33	11	0	8	3
0.052000	200.752815	131	203	880	27	9	0	5	4
0.060000	199.584552	134	197	940	28	8	0	4	4
0.064000	200.795560	179	237	1141	30	10	0	6	4
0.044000	202.676598	101	195	749	29	10	0	6	4
0.068000	205.428733	168	243	1139	28	7	0	4	3
0.054000	202.470468	121	203	929	29	7	0	4	3
0.066000	204.864306	176	277	1202	30	10	0	8	2
0.068000	204.170756	165	223	1085	25	8	0	4	4
0.073000	208.914266	194	315	1422	29	8	0	6	2
0.083000	205.057801	233	337	1735	30	10	0	8	2
0.053000	204.220576	138	221	1021	31	10	0	8	2
0.085000	206.593976	219	332	1727	30	9	0	7	2
0.650000	206.744469	236	349	2067	23	10	0	9	1
0.102000	211.403508	151	291	1403	25	9	0	9	0
0.131000	211.093762	285	387	2361	31	10	0	6	4
0.122000	210.147304	245	340	1962	31	10	0	7	3
0.117000	212.315293	269	374	2279	30	9	0	5	4
0.096000	212.287692	250	349	1769	31	9	0	6	3
0.079000	211.975304	206	320	1440	28	9	0	6	3
0.070000	208.343610	169	248	1079	28	9	0	6	3
0.098000	212.734528	265	360	1919	29	8	0	6	2
0.101000	212.476842	260	365	1902	31	7	0	4	3
0.097000	211.883682	250	343	2063	25	10	0	9	1
0.034000	215.508961	52	131	369	22	5	0	4	1
0.032000	218.406762	53	132	368	20	4	0	3	1
0.050000	218.342109	60	163	491	24	6	0	6	0
0.150000	219.932028	319	389	2321	22	8	0	7	1
0.111000	214.295500	256	382	1866	32	9	0	6	3
0.107000	215.428216	255	364	2137	29	9	0	5	4
0.094000	214.841750	253	350	1801	32	10	0	7	3
0.094000	216.368459	242	346	1795	30	9	0	6	3
0.057000	212.772398	147	209	913	30	10	0	9	1
0.105000	218.007607	275	376	2003	30	7	0	4	3
0.121000	221.602317	303	405	2278	23	8	0	7	1
0.048000	215.134275	111	170	783	30	9	0	7	2
0.052000	215.372027	118	182	820	29	10	0	3	7
0.101000	216.911881	247	362	2103	32	8	0	5	3
0.123000	217.669384	310	437	2621	32	9	0	6	3
0.138000	220.582144	401	465	3145	26	8	0	8	0
0.051000	217.456692	108	209	882	30	10	0	5	5
0.066000	218.908655	179	250	1115	31	9	0	5	4
0.099000	218.342125	281	369	2090	30	10	0	8	2
0.044000	219.174954	317	386	2375	31	10	0	8	2
0.038000	224.302903	61	173	506	26	7	0	5	2
0.121000	224.832419	313	403	2354	25	9	0	7	2
0.059000	219.939691	143	195	944	30	8	0	7	1
0.087000	222.278876	234	338	1857	32	11	0	7	4
0.141000	224.107166	396	465	3166	30	10	0	6	4
0.091000	222.101031	238	355	1805	35	12	0	9	3
0.098000	226.377501	272	365	1936	31	10	0	7	3
0.078000	221.434639	207	329	1502	31	10	0	7	3
0.062000	219.060419	169	235	1015	30	11	0	5	6
0.063000	216.910110	160	223	1040	28	9	0	4	5
0.120000	228.012378	311	404	2369	29	11	0	10	1
0.141000	226.531138	413	472	3174	31	10	0	6	4
0.055000	223.793495	130	191	908	30	10	0	2	8
0.053000	221.092080	137	209	874	28	10	0	5	5
0.062000	224.074838	171	237	1043	30	10	0	4	6
0.068000	224.853829	182	252	1138	31	9	0	5	4
0.060000	221.531659	164	230	1037	29	9	0	5	4
0.123000	224.402959	348	466	2486	34	8	0	5	3
0.102000	223.063970	269	359	2134	32	9	0	7	2
0.139000	228.775586	375	465	3081	25	10	0	9	1
0.095000	228.491553	267	352	1826	32	10	0	7	3
0.086000	225.151867	241	339	1629	31	11	0	5	6
0.062000	225.765779	178	250	1116	31	10	0	4	6
0.083000	228.039008	227	331	1696	30	9	0	7	2
0.102000	231.434322	285	379	2205	32	9	0	7	2
0.112000	232.591915	310	405	2321	23	8	0	7	1
0.062000	230.517430	180	256	1070	30	10	0	9	1
0.062000	227.613863	154	213	1055	31	9	0	8	1
0.070000	225.960526	178	260	1248	32	10	0	7	3
0.079000	226.696815	204	324	1607	31	10	0	7	3
0.042000	235.411014	77	201	660	28	9	0	8	1
0.126000	237.723685	371	454	2707	20	7	0	6	1
0.131000	237.608750	375	458	2771	30	11	0	10	1
0.101000	234.675065	281	380	2098	35	12	0	9	3
0.082000	232.496884	232	348	1646	35	12	0	9	3
0.106000	232.770949	317	401	2188	31	9	0	6	3
0.085000	234.080539	256	348	1742	32	11	0	6	5
0.001000	232.405247	294	383	2255	33	9	0	7	2
0.000000	233.305087	412	473	3362	33	9	0	6	3
0.044000	237.198161	334	418	2480	25	9	0	6	3
0.101000	237.739462	262	375	2291	30	9	0	5	4
0.061000	237.107768	175	247	1018	29	10	0	9	1
0.110000	236.477207	287	408	2222	38	11	0	8	3
0.116000	239.143346	308	403	2345	24	9	0	8	1
0.091000	237.252989	243	340	1932	26	11	0	9	2
0.088000	235.791513	216	339	1777	29	9	0	5	4
0.052000	232.425820	123	177	880	30	9	0	7	2
0.092000	237.215532	257	349	1766	32	11	0	6	5
0.870000	239.010082	345	464	2664	35	8	0	5	3
0.074000	233.870545	142	205	858	27	9	0	8	1
0.058000	246.028365	78	198	694	25	7	0	5	2
0.147000	242.571117	367	449	2625	28	12	0	11	1
0.124000	242.210579	356	429	2553	28	11	0	10	1
0.075000	241.069081	200	280	1303	31	9	0	8	1
0.095000	242.681474	266	374	1890	36	12	0	9	3
0.112000	245.663414	320	393	2154	32	10	0	7	3
0.052000	237.236032	132	199	825	28	10	0	8	2
0.095000	242.755361	269	373	2009	39	14	0	11	3
0.095000	239.523149	266	360	1889	31	10	0	6	4
0.097000	239.925540	295	371	1963	31	10	0	7	3
0.066000	241.625033	164	231	1096	34	10	0	9	1
0.072000	245.272605	190	268	1279	31	9	0	8	1
0.088000	246.892712	238	353	1710	36	11	0	8	3
0.080000	240.679376	211	340	1481	37	13	0	8	5
0.068000	241.786324	362	465	2605	34	9	0	5	4
0.141000	244.996517	418	485	3070	31	7	0	4	3
0.132000	244.982084	410	477	2889	30	12	0	11	1
0.086000	244.192801	201	296	1368	36	11	0	5	6
0.112000	246.159191	311	394	2353	27	10	0	9	1
0.118000	247.650921	326	420	2427	27	10	0	9	1
0.115000	250.465408	333	414	2479	30	11	0	9	2
0.146000	247.183154	383	476	3194	25	7	0	7	0
0.097000	250.960339	248	363	1806	36	11	0	8	3
0.098000	248.616558	282	371	1897	34	11	0	6	5
0.107000	247.218818	249	357	1716	35	12	0	6	6
0.086000	246.525005	236	352	1673	37	12	0	7	5
0.082000	245.851237	211	303	1405	37	12	0	6	6
0.146000	251.088077	440	478	3361	25	10	0	9	1
0.134000	249.011752	399	463	2791	28	11	0	10	1
0.123000	248.092205	321	439	2759	24	7	0	7	0
0.109000	253.624434	332	411	2361	33	14	0	13	1
0.109000	252.339665	293	393	2193	38	13	0	10	3
0.100000	254.601509	290	389	2094	37	12	0	9	3
0.093000	253.858896	264	373	1888	38	13	0	10	3
0.098000	252.648022	280	381	1972	36	11	0	8	3
0.385000	251.030870	260	358	1864	37	12	0	9	3
0.095000	249.930122	231	347	1636	37	12	0	9	3
0.120000	255.561136	370	476	2895	35	8	0	5	3
0.079000	251.954575	191	277	1318	32	10	0	8	2
0.146000	252.400910	418	490	3306	37	10	0	7	3
0.074000	259.525808	160	267	1381	31	10	0	9	1
0.138000	257.888839	426	477	2833	28	11	0	10	1
0.109000	255.459582	301	400	2227	38	13	0	10	3
0.106000	257.437480	298	400	2084	37	10	0	7	3
0.096000	254.426638	281	364	1870	32	11	0	5	6
0.058000	253.680259	148	211	868	28	10	0	8	2
0.096000	254.990892	241	373	1753	37	10	0	6	4
0.102000	254.181152	270	386	1898	39	12	0	7	5
0.152000	253.473787	441	484	3392	35	10	0	6	4
0.093000	255.331144	246	362	1799	37	12	0	9	3
0.099000	265.413969	239	356	1926	33	13	0	12	1
0.079000	258.958024	209	293	1347	30	9	0	8	1
0.121000	261.399916	270	370	1908	40	13	0	10	3
0.119000	256.665645	270	392	1909	41	12	0	7	5
0.073000	257.387231	287	397	2096	37	10	0	7	3
0.073000	258.154931	187	262	1303	37	12	0	11	1
0.088000	261.608143	232	347	1675	34	11	0	8	3
0.070000	258.768308	195	291	1205	37	14	0	8	6
0.088000	260.280078	247	351	1685	36	12	0	9	3
0.089000	258.228343	212	303	1428	32	10	0	8	2
0.118000	263.526873	341	414	2486	34	15	0	14	1
0.132000	266.812409	414	477	2806	29	11	0	10	1
0.079000	261.375605	212	303	1434	34	10	0	8	2
0.090000	260.947098	232	347	1604	37	12	0	9	3
0.085000	262.146632	235	349	1597	39	14	0	9	5
0.094000	262.621300	236	372	1699	36	11	0	5	6
0.105000	259.693316	274	397	1975	37	10	0	7	3
0.050000	262.297720	239	330	1549	31	9	0	8	1
0.118000	267.502707	353	420	2558	34	14	0	13	1
0.149000	261.682504	449	493	3453	37	10	0	6	4
0.088000	270.323714	185	282	1490	28	9	0	7	2
0.095000	266.816389	272	372	1940	38	14	0	11	3
0.103000	263.651644	270	396	1968	38	11	0	5	6
0.085000	268.070433	239	347	1658	36	11	0	8	3
0.082000	265.436159	217	311	1410	32	10	0	8	2
0.139000	268.178376	394	499	3008	41	12	0	9	3
0.149000	268.215602	436	498	3526	40	12	0	9	3
0.118000	268.316173	350	420	2556	34	14	0	13	1
0.080000	267.189419	210	303	1419	36	10	0	9	1
0.074000	266.303265	197	265	1315	38	13	0	11	2
0.105000	274.223824	257	365	2109	34	11	0	9	2
0.093000	273.870589	220	320	1760	32	11	0	9	2
0.119000	271.649375	332	411	2318	39	13	0	10	3
0.085000	270.951206	247	351	1668	38	13	0	10	3
0.099000	272.367802	278	381	2023	38	13	0	10	3
0.084000	268.814249	235	326	1522	33	10	0	8	2
0.090000	269.349886	239	322	1548	39	12	0	6	6
0.072000	271.031690	185	265	1256	35	11	0	10	1
0.069000	269.124572	182	260	1233	36	11	0	10	1
0.069000	270.291548	191	270	1294	35	10	0	9	1
0.113000	275.094435	255	367	2054	31	9	0	6	3
0.106000	275.889486	239	356	2037	35	12	0	11	1
0.151000	277.124933	439	492	3506	32	13	0	12	1
0.122000	274.640728	351	416	2539	34	14	0	13	1
0.085000	269.866197	234	319	1546	38	12	0	6	6
0.090000	273.684056	252	352	1665	32	10	0	8	2
0.147000	277.481732	436	491	3448	31	12	0	11	1
0.069000	279.480026	308	394	2267	38	13	0	10	3
0.079000	272.501902	208	273	1384	37	12	0	11	1
0.080000	273.897606	220	299	1497	38	13	0	12	1
0.130000	284.295190	360	418	2674	30	9	0	7	2
0.135000	284.665419	388	450	2851	35	13	0	12	1
0.106000	279.946942	258	377	2108	33	11	0	8	3
0.109000	280.450720	288	380	2232	29	9	0	7	2
0.078000	278.632176	189	260	1298	35	11	0	10	1
0.076000	277.908703	200	264	1365	37	12	0	11	1
0.079000	279.938261	221	300	1480	38	12	0	11	1
0.070000	278.609548	188	260	1307	35	11	0	10	1
0.071000	277.306734	191	257	1298	35	12	0	11	1
0.125000	280.964565	325	398	2589	34	11	0	9	2
0.121000	283.185643	332	400	2499	30	9	0	7	2
0.135000	286.955213	389	450	2831	35	12	0	11	1
0.064000	284.408923	316	398	2524	35	13	0	11	2
0.000000	287.163953	409	481	3013	33	11	0	10	1
0.098000	286.057538	429	488	3356	31	12	0	11	1
0.078000	281.071396	211	278	1433	40	12	0	11	1
0.072000	279.841554	188	260	1283	37	11	0	10	1
0.080000	280.775040	217	314	1466	34	10	0	9	1
0.874000	285.304885	459	509	3636	34	13	0	12	1
0.094000	281.447528	190	257	1301	35	11	0	10	1
0.117000	289.136425	250	362	2091	35	12	0	11	1
0.160000	290.201083	369	434	2733	33	11	0	9	2
0.102000	287.607950	239	355	2014	37	14	0	13	1
0.138000	289.473002	402	476	2908	32	10	0	7	3
0.071000	284.024916	218	316	1476	34	10	0	9	1
0.149000	287.760144	440	495	3529	40	11	0	8	3
0.151000	287.905167	453	500	3631	41	12	0	9	3
0.079000	284.892837	202	264	1321	36	12	0	11	1
0.153000	291.325842	459	504	3290	33	11	0	9	2
0.090000	284.998085	217	311	1708	35	14	0	12	2
0.090000	292.541627	223	317	1746	34	12	0	10	2
0.150000	292.006893	401	476	2931	35	13	0	11	2
0.148000	289.625783	445	494	3543	32	13	0	12	1
0.076000	288.052042	213	277	1393	39	12	0	11	1
0.077000	286.732663	202	264	1332	36	12	0	11	1
0.127000	294.812055	366	420	2710	34	12	0	11	1
0.128000	291.014367	363	421	2730	36	13	0	12	1
0.134000	297.259912	401	470	2884	35	10	0	9	1
0.107000	292.178611	256	375	2040	32	10	0	8	2
0.124000	291.556089	345	410	2657	37	11	0	8	3
0.109000	296.171237	283	377	2359	36	13	0	12	1
0.209000	295.492923	338	409	2608	37	12	0	9	3
0.122000	297.545631	341	409	2645	34	11	0	9	2
0.125000	295.027230	348	404	2641	33	10	0	7	3
0.126000	294.473115	323	403	2480	33	12	0	9	3
0.131000	292.490790	352	408	2672	36	13	0	12	1
0.124000	295.504833	359	410	2714	34	11	0	10	1
0.162000	295.664296	470	510	3301	34	10	0	8	2
0.124000	294.982995	341	409	2659	34	11	0	9	2
0.146000	297.386753	440	501	3128	34	9	0	7	2
0.100000	301.363984	370	429	2721	34	11	0	10	1
0.119000	302.157038	433	494	3048	35	12	0	11	1
0.117000	298.295727	310	399	2412	33	11	0	8	3
0.130000	298.867491	337	406	2585	32	10	0	7	3
0.129000	300.542517	373	431	2726	33	10	0	9	1
0.126000	299.859559	370	429	2725	38	13	0	11	2
0.161000	299.882424	398	456	2855	38	14	0	12	2
0.119000	297.997335	307	399	2385	36	12	0	9	3
0.145000	299.975139	369	429	2736	36	13	0	12	1
0.160000	299.840445	371	429	2754	33	10	0	9	1
0.138000	304.486152	357	409	2658	33	10	0	9	1
0.167000	306.343693	470	503	3187	34	11	0	9	2
0.141000	301.868325	356	407	2636	36	13	0	12	1
0.164000	303.421038	472	508	3164	33	9	0	7	2
0.153000	302.947116	470	503	3182	34	9	0	7	2
0.120000	298.666011	331	406	2543	35	13	0	10	3
0.149000	306.095159	457	510	3079	35	12	0	9	3
0.059000	303.761556	110	254	1020	35	9	0	8	1
0.061000	305.408948	109	256	1006	33	9	0	8	1
0.052000	304.500796	98	241	877	33	9	0	8	1
0.148000	307.411520	451	507	3088	37	10	0	7	3
0.147000	308.223945	454	500	3042	32	10	0	8	2
0.147000	304.475903	438	494	3104	37	12	0	9	3
0.125000	304.682098	361	415	2675	36	13	0	12	1
0.147000	309.130915	446	512	3088	37	11	0	9	2
0.397000	308.670749	470	506	3072	32	9	0	7	2
0.000000	311.660302	123	263	1088	32	8	0	7	1
0.000000	309.349454	98	223	771	37	9	0	7	2
0.010000	308.975476	118	262	1069	35	10	0	8	2
0.139000	306.854936	344	449	2819	36	12	0	11	1
0.135000	314.614953	401	470	2857	38	11	0	9	2
0.123000	312.617143	362	415	2638	35	12	0	11	1
0.132000	314.187919	399	468	2853	35	10	0	9	1
0.126000	311.582428	369	425	2705	36	11	0	9	2
0.146000	311.633314	443	516	3070	38	13	0	11	2
0.154000	309.441491	478	518	3303	38	13	0	11	2
0.151000	311.610725	478	509	3158	33	10	0	8	2
0.146000	315.116586	474	507	3077	32	10	0	8	2
0.123000	309.128397	329	406	2580	36	13	0	10	3
0.152000	312.156284	481	519	3325	37	13	0	11	2
0.147000	314.257638	455	500	3080	37	13	0	10	3
0.143000	314.728688	427	499	2995	41	15	0	12	3
0.151000	316.113635	483	522	3238	38	13	0	11	2
0.148000	317.694017	471	511	3105	36	13	0	10	3
0.149000	313.903465	449	497	3012	35	13	0	11	2
0.124000	311.299375	361	414	2638	37	13	0	12	1
0.146000	317.877436	438	514	3072	38	12	0	10	2
0.151000	316.101724	450	518	3193	39	13	0	10	3
0.143000	314.493708	438	514	3079	37	12	0	10	2
0.145000	315.451535	451	507	3092	37	13	0	10	3
0.747000	318.621388	375	431	2732	38	13	0	11	2
0.167000	319.888444	442	516	3048	38	12	0	10	2
0.178000	319.433786	460	519	3211	39	13	0	11	2
0.141000	314.946396	395	459	2778	39	13	0	11	2
0.152000	318.023700	472	508	3159	33	10	0	8	2
0.151000	320.950383	453	514	3005	36	10	0	8	2
0.152000	319.602768	481	519	3257	40	14	0	11	3
0.059000	319.248820	110	256	1002	33	9	0	8	1
0.068000	317.254513	136	276	1224	37	10	0	7	3
0.069000	318.624595	127	268	1173	34	11	0	10	1
0.151000	321.042086	475	509	3134	36	13	0	11	2
0.149000	326.435193	478	517	3015	34	11	0	9	2
0.162000	325.882290	478	514	3019	34	10	0	8	2
0.146000	320.778922	438	508	3010	39	14	0	12	2
0.153000	322.417166	480	516	3190	38	13	0	11	2
0.157000	320.520570	467	502	3096	37	13	0	11	2
0.147000	322.096144	451	518	3110	39	13	0	11	2
0.145000	326.049304	450	514	3030	37	11	0	9	2
0.022000	322.931375	146	273	1216	40	12	0	11	1
0.061000	323.378102	124	260	1034	40	12	0	11	1
0.150000	326.385543	456	518	3173	39	13	0	11	2
0.147000	325.722658	468	501	3031	37	13	0	10	3
0.147000	326.079530	468	508	3071	39	13	0	10	3
0.150000	323.579593	437	514	3037	41	15	0	13	2
0.125000	321.855464	368	418	2661	39	14	0	11	3
0.145000	329.080378	443	516	2987	38	12	0	10	2
0.149000	327.899191	471	506	3029	35	10	0	7	3
0.146000	327.150180	454	514	3017	37	10	0	8	2
0.078000	330.705849	161	287	1473	35	11	0	10	1
0.059000	327.765811	112	256	992	35	10	0	8	2
0.237000	332.944008	461	519	3170	41	15	0	13	2
0.156000	331.349167	476	528	3326	40	13	0	11	2
0.144000	333.385304	452	514	2964	37	11	0	9	2
0.152000	331.639050	469	528	3055	39	11	0	9	2
0.147000	327.687093	451	518	3125	44	15	0	12	3
0.153000	332.014685	480	533	3326	41	13	0	10	3
0.025000	333.398950	125	268	1145	34	11	0	10	1
0.061000	331.155392	159	287	1342	38	11	0	8	3
0.121000	328.002442	322	406	2569	39	13	0	11	2
0.080000	329.831080	154	283	1284	40	10	0	7	3
0.150000	338.748943	479	514	2980	35	11	0	9	2
0.148000	333.975911	463	515	2984	36	11	0	8	3
0.185000	337.460556	486	533	3383	43	12	0	10	2
0.145000	336.305314	448	518	3014	38	12	0	10	2
0.148000	335.894099	446	516	3077	38	12	0	10	2
0.140000	336.752193	459	518	3173	39	13	0	11	2
0.149000	332.431248	464	520	3162	40	12	0	10	2
0.145000	334.525484	445	517	2990	38	12	0	10	2
0.000000	330.923709	342	435	2807	38	11	0	9	2
0.011000	332.625247	300	372	2387	41	14	0	13	1
0.160000	338.532083	455	514	2990	40	11	0	8	3
0.146000	339.936056	443	516	2971	40	14	0	12	2
0.148000	337.636727	459	518	3132	39	13	0	11	2
0.123000	339.147332	315	399	2525	39	11	0	9	2
0.071000	337.805159	152	285	1304	38	10	0	7	3
0.060000	338.920175	129	259	1081	40	12	0	9	3
0.097000	335.701359	251	331	2003	41	12	0	10	2
0.060000	340.555640	123	260	1047	37	10	0	9	1
0.102000	337.954090	167	289	1426	41	13	0	12	1
0.064000	341.069722	131	263	1100	40	12	0	11	1
0.152000	341.604086	464	520	3161	39	13	0	11	2
0.152000	344.613654	447	517	2918	39	13	0	11	2
0.061000	341.913330	120	256	1022	37	10	0	9	1
0.072000	342.372944	129	259	1069	38	11	0	10	1
0.073000	343.568884	137	268	1160	39	12	0	11	1
0.074000	341.463737	138	269	1155	39	12	0	11	1
0.078000	343.267238	130	263	1079	39	12	0	11	1
0.088000	343.075825	169	287	1442	40	12	0	11	1
0.083000	340.619713	152	278	1254	41	11	0	9	2
0.073000	342.470891	131	264	1093	40	13	0	12	1
0.181000	346.112915	453	514	3125	38	13	0	11	2
0.170000	345.112224	469	528	3022	44	14	0	11	3
0.113000	343.416312	298	373	2313	41	13	0	12	1
0.116000	346.108803	280	362	2255	40	13	0	12	1
0.095000	344.167443	237	325	1898	40	13	0	12	1
0.125000	346.211484	333	419	2581	42	14	0	13	1
0.068000	346.420173	146	272	1222	41	13	0	12	1
0.718000	344.804268	278	361	2207	41	14	0	13	1
0.085000	345.612242	131	264	1105	40	13	0	12	1
0.086000	344.956535	157	285	1256	42	12	0	10	2
0.176000	349.917334	460	519	3113	40	14	0	12	2
0.155000	348.955436	462	520	3128	40	15	0	13	2
0.145000	346.420360	459	515	2957	42	13	0	10	3
0.161000	348.054731	458	515	2925	40	10	0	8	2
0.131000	345.938812	357	449	2775	43	13	0	12	1
0.141000	345.712233	400	493	3116	42	13	0	12	1
0.091000	348.332012	197	300	1657	41	13	0	12	1
0.120000	347.734634	324	406	2492	45	15	0	14	1
0.062000	350.364115	129	259	1065	42	13	0	12	1
0.061000	348.537601	123	257	995	39	12	0	11	1
0.152000	349.573984	463	519	3154	43	15	0	12	3
0.153000	350.066099	476	528	3265	43	16	0	14	2
0.143000	350.913660	443	516	2944	42	15	0	13	2
0.150000	355.685731	451	514	3094	39	13	0	11	2
0.072000	352.788599	157	285	1258	40	10	0	8	2
0.061000	353.385479	123	260	1036	38	11	0	10	1
0.064000	354.607230	139	269	1162	40	14	0	13	1
0.117000	350.957997	303	374	2349	43	15	0	14	1
0.065000	357.360306	133	268	1103	40	13	0	12	1

