0.012000	3.605551	0	0	0	2	0	0	0	0
0.006000	2.828427	0	0	0	2	0	0	0	0
0.002000	3.162278	0	0	0	2	0	0	0	0
0.001000	3.605551	0	0	0	2	0	0	0	0
0.001000	2.000000	0	0	0	2	0	0	0	0
0.001000	3.000000	0	0	0	2	0	0	0	0
0.001000	1.414214	0	0	0	2	0	0	0	0
0.001000	2.000000	0	0	0	2	0	0	0	0
0.002000	2.000000	0	0	0	2	0	0	0	0
0.002000	3.605551	0	0	0	2	0	0	0	0
0.002000	5.385165	0	0	0	2	0	0	0	0
0.001000	6.403124	0	0	0	2	0	0	0	0
0.001000	4.123106	0	0	0	2	0	0	0	0
0.001000	6.000000	0	0	0	2	0	0	0	0
0.001000	7.280110	0	0	0	2	0	0	0	0
0.001000	5.385165	0	0	0	2	0	0	0	0
0.001000	4.000000	0	0	0	2	0	0	0	0
0.001000	4.000000	0	0	0	2	0	0	0	0
0.000000	7.071068	0	0	0	2	0	0	0	0
0.001000	7.071068	0	0	0	2	0	0	0	0
0.001000	9.486833	0	0	0	2	0	0	0	0
0.002000	8.602325	0	0	0	2	0	0	0	0
0.002000	9.000000	0	0	0	2	0	0	0	0
0.001000	10.440307	0	0	0	2	0	0	0	0
0.002000	10.198039	0	0	0	2	0	0	0	0
0.002000	8.602325	0	0	0	2	0	0	0	0
0.001000	8.062258	0	0	0	2	0	0	0	0
0.002000	10.295630	0	0	0	2	0	0	0	0
0.001000	7.810250	0	0	0	2	0	0	0	0
0.001000	8.062258	0	0	0	2	0	0	0	0
0.002000	13.000000	0	0	0	2	0	0	0	0
0.002000	13.038405	0	0	0	2	0	0	0	0
0.002000	15.132746	0	0	0	2	0	0	0	0
0.001000	13.038405	0	0	0	2	0	0	0	0
0.002000	12.727922	0	0	0	2	0	0	0	0
0.002000	15.000000	0	0	0	2	0	0	0	0
0.001000	12.041595	0	0	0	2	0	0	0	0
0.001000	12.369317	0	0	0	2	0	0	0	0
0.002000	15.033296	0	0	0	2	0	0	0	0
0.002000	11.661904	0	0	0	2	0	0	0	0
0.002000	17.464249	0	0	0	2	0	0	0	0
0.043000	15.193485	5	27	36	46	1	0	1	0
0.002000	16.552945	0	0	0	2	0	0	0	0
0.003000	18.027756	0	0	0	2	0	0	0	0
0.002000	16.492423	0	0	0	2	0	0	0	0
0.002000	18.110770	0	0	0	2	0	0	0	0
0.034000	17.066689	9	30	60	52	2	0	2	0
0.026000	17.841397	5	24	32	45	1	0	1	0
0.002000	16.278821	0	0	0	2	0	0	0	0
0.003000	16.124515	0	0	0	2	0	0	0	0
0.040000	22.000330	5	16	18	27	1	0	1	0
0.037000	20.901047	5	26	36	41	2	0	2	0
0.004000	20.223748	0	0	0	2	0	0	0	0
0.002000	23.000000	0	0	0	2	0	0	0	0
0.001000	19.416488	0	0	0	2	0	0	0	0
0.003000	22.803509	0	0	0	2	0	0	0	0
0.001000	19.849433	0	0	0	2	0	0	0	0
0.028000	21.672538	7	27	48	36	2	0	2	0
0.003000	21.023796	0	0	0	2	0	0	0	0
0.049000	20.046897	5	30	48	47	1	0	1	0
0.062000	26.248931	3	58	59	66	1	0	1	0
0.032000	24.280110	5	36	42	45	1	0	1	0
0.041000	24.836419	6	51	37	65	2	0	2	0
0.001000	25.495098	0	0	0	2	0	0	0	0
0.002000	27.073973	0	0	0	2	0	0	0	0
0.002000	25.179357	0	0	0	2	0	0	0	0
0.001000	24.515301	0	0	0	2	0	0	0	0
0.001000	25.961510	0	0	0	2	0	0	0	0
0.003000	24.186773	0	0	0	2	0	0	0	0
0.001000	24.166092	0	0	0	2	0	0	0	0
0.000000	28.861739	0	0	0	2	0	0	0	0
0.000000	27.898009	13	36	57	86	3	0	3	0
0.000000	28.844410	0	0	0	2	0	0	0	0
0.035000	28.049245	5	50	40	65	1	0	1	0
0.002000	30.479501	0	0	0	2	0	0	0	0
0.030000	28.687354	6	51	62	73	2	0	2	0
0.046000	28.730919	6	43	68	84	1	0	1	0
0.029000	25.958217	9	37	47	67	3	0	3	0
0.001000	29.154759	0	0	0	2	0	0	0	0
0.002000	30.000000	0	0	0	2	0	0	0	0
0.029000	32.918896	5	50	48	67	1	0	1	0
0.024000	32.712377	8	37	46	72	3	0	3	0
0.005000	32.649655	0	0	0	2	0	0	0	0
0.034000	31.080305	12	47	93	92	3	0	3	0
0.001000	31.320920	0	0	0	2	0	0	0	0
0.020000	30.588614	8	33	56	53	1	0	1	0
0.002000	33.541020	0	0	0	2	0	0	0	0
0.001000	30.232433	0	0	0	2	0	0	0	0
0.019000	30.204055	10	34	63	50	3	0	3	0
0.002000	31.320920	0	0	0	2	0	0	0	0
0.003000	36.000000	0	0	0	2	0	0	0	0
0.036000	33.426847	12	49	109	91	3	0	3	0
0.002000	35.902646	0	0	0	2	0	0	0	0
0.025000	35.649886	9	47	59	77	2	0	2	0
0.001000	36.069378	0	0	0	2	0	0	0	0
0.034000	36.364649	5	61	74	72	1	0	1	0
0.020000	36.215648	8	30	54	50	1	0	1	0
0.001000	36.055513	0	0	0	2	0	0	0	0
0.017000	36.643317	7	32	63	48	1	0	1	0
0.033000	35.242008	6	59	72	77	1	0	1	0
0.017000	39.426739	8	23	23	34	3	0	3	0
0.033000	39.913676	9	47	79	86	3	0	3	0
0.024000	39.719321	12	47	79	80	2	0	2	0
0.002000	42.107007	0	0	0	2	0	0	0	0
0.026000	40.379448	8	42	76	60	1	0	1	0
0.001000	40.311289	0	0	0	2	0	0	0	0
0.027000	38.205635	6	39	61	60	2	0	2	0
0.016000	40.968982	7	33	53	51	1	0	1	0
0.020000	39.981209	5	25	42	47	2	0	2	0
0.030000	38.134553	10	48	89	83	4	0	4	0
0.025000	45.559804	18	40	102	72	1	0	1	0
0.020000	46.124784	7	41	50	54	1	0	1	0
0.033000	46.317351	8	57	82	87	1	0	1	0
0.001000	46.690470	0	0	0	2	0	0	0	0
0.027000	42.638498	12	43	95	77	2	0	2	0
0.038000	43.839688	10	48	108	112	2	0	2	0
0.022000	39.774893	12	40	78	74	3	0	3	0
0.002000	44.147480	0	0	0	2	0	0	0	0
0.025000	42.850566	6	55	44	65	1	0	1	0
0.030000	41.658272	5	53	56	64	1	0	1	0
0.019000	46.140523	16	31	43	50	4	0	4	0
0.017000	44.104847	13	31	40	45	4	0	4	0
0.003000	46.690470	0	0	0	2	0	0	0	0
0.030000	47.314640	8	51	99	87	1	0	1	0
0.019000	45.851037	9	38	48	57	2	0	2	0
0.019000	47.539457	13	36	89	58	1	0	1	0
0.021000	48.648636	12	46	68	70	2	0	2	0
0.020000	50.160453	12	46	68	68	1	0	1	0
0.026000	46.186126	8	54	54	68	1	0	1	0
0.028000	48.351424	6	46	51	57	1	0	1	0
0.021000	49.941211	14	35	44	54	4	0	4	0
0.018000	51.313723	5	29	52	40	1	0	1	0
0.028000	51.333715	5	58	48	66	1	0	1	0
0.023000	50.068884	8	48	57	61	1	0	1	0
0.026000	50.791941	9	43	83	56	1	0	1	0
0.029000	50.083218	9	57	64	74	2	0	2	0
0.029000	50.283733	10	62	78	81	1	0	1	0
0.021000	50.672425	11	41	75	63	1	0	1	0
0.024000	50.505406	18	49	106	83	2	0	2	0
0.029000	51.579739	10	55	78	78	3	0	3	0
0.022000	53.558296	10	34	38	53	4	0	4	0
0.023000	55.014095	12	43	51	62	3	0	3	0
0.003000	57.384667	0	0	0	2	0	0	0	0
0.036000	55.286447	18	65	100	109	3	0	3	0
0.004000	55.901699	0	0	0	2	0	0	0	0
0.029000	54.244289	21	52	120	98	1	0	1	0
0.023000	57.245158	12	45	90	68	1	0	1	0
0.034000	55.759833	7	67	65	86	1	0	1	0
0.029000	50.910216	16	55	71	98	2	0	2	0
0.002000	54.424259	0	0	0	2	0	0	0	0
0.028000	61.152946	13	52	133	90	1	0	1	0
0.001000	57.706152	0	0	0	2	0	0	0	0
0.032000	54.680701	11	55	98	96	5	0	5	0
0.024000	59.641062	10	50	82	83	2	0	2	0
0.033000	57.992438	14	49	80	107	5	0	5	0
0.023000	60.990966	7	42	59	62	2	0	2	0
0.049000	59.841698	5	47	56	67	1	0	1	0
0.039000	57.300072	13	65	97	95	1	0	1	0
0.034000	57.286434	17	59	100	105	3	0	3	0
0.003000	60.016664	0	0	0	2	0	0	0	0
0.037000	61.029648	9	53	99	108	1	0	1	0
0.035000	62.698291	12	46	89	82	2	0	2	0
0.022000	63.853721	10	38	53	60	1	0	1	0
0.002000	65.192024	0	0	0	2	0	0	0	0
0.024000	58.886419	22	45	113	92	4	0	4	0
0.032000	60.838760	10	70	88	88	2	0	2	0
0.004000	61.522354	0	0	0	2	0	0	0	0
0.031000	60.400593	26	57	171	120	4	0	4	0
0.036000	59.939280	21	53	121	104	2	0	2	0
0.037000	62.401618	12	53	68	98	4	0	4	0
0.030000	67.283776	13	52	70	82	5	0	5	0
0.003000	63.788714	0	0	0	2	0	0	0	0
0.036000	63.193112	12	69	94	109	3	0	3	0
0.024000	64.467080	10	41	63	66	2	0	2	0
0.022000	66.732605	11	40	78	70	1	0	1	0
0.022000	65.686720	15	42	93	83	2	0	2	0
0.027000	64.792164	13	51	114	79	3	0	3	0
0.003000	71.028163	0	0	0	2	0	0	0	0
0.027000	67.868843	18	50	104	91	1	0	1	0
0.023000	66.491377	7	41	60	63	3	0	3	0
0.028000	69.158821	12	60	64	80	3	0	2	1
0.012000	71.224146	15	56	134	90	2	0	2	0
0.002000	66.152439	26	65	106	131	4	0	4	0
0.048000	66.095217	22	69	126	139	5	0	5	0
0.030000	69.507122	14	55	120	84	1	0	1	0
0.002000	71.021124	0	0	0	2	0	0	0	0
0.032000	68.486342	19	64	116	104	3	0	3	0
0.054000	67.782808	25	78	160	159	4	0	4	0
0.042000	69.563835	26	82	135	146	2	0	2	0
0.014000	68.046955	8	42	45	54	2	0	2	0
0.000000	72.699018	11	49	43	68	5	0	5	0
0.001000	71.356624	23	71	205	151	5	0	5	0
0.000000	71.093393	17	59	127	116	7	0	7	0
0.003000	74.681329	16	53	123	85	2	0	2	0
0.026000	72.125584	8	47	64	76	2	0	2	0
0.016000	72.860028	9	30	55	43	2	0	2	0
0.023000	77.610767	9	46	58	75	3	0	3	0
0.047000	70.601386	34	75	120	148	4	0	4	0
0.022000	71.897034	16	45	125	75	2	0	2	0
0.003000	74.518454	0	0	0	2	0	0	0	0
0.031000	75.784061	17	58	67	96	3	0	3	0
0.022000	74.574762	13	50	27	69	6	0	6	0
0.023000	76.063679	14	44	76	67	2	0	2	0
0.021000	76.394741	15	42	81	72	2	0	2	0
0.043000	73.952566	24	73	126	130	6	0	6	0
0.018000	80.386830	8	43	65	61	2	0	2	0
0.040000	74.048286	36	79	170	157	4	0	4	0
0.038000	75.612708	45	75	178	166	7	0	7	0
0.028000	77.568981	23	57	141	92	3	0	3	0
0.036000	76.040652	7	56	75	68	2	0	2	0
0.024000	84.066144	5	36	36	58	1	0	1	0
0.040000	78.341371	30	70	210	157	5	0	5	0
0.032000	82.799335	15	62	111	110	4	0	4	0
0.021000	82.129336	13	45	89	63	3	0	3	0
0.039000	80.856600	13	71	94	114	3	0	3	0
0.039000	79.046509	50	81	212	165	6	0	6	0
0.032000	82.008974	18	56	123	111	3	0	3	0
0.024000	83.207956	8	49	71	76	2	0	2	0
0.030000	80.143670	13	63	103	85	2	0	2	0
0.041000	80.174130	29	61	147	140	4	0	4	0
0.027000	82.044332	13	54	37	76	3	0	3	0
0.023000	83.956520	24	41	94	85	7	0	7	0
0.028000	86.417464	17	47	123	100	2	0	2	0
0.056000	80.827653	38	92	306	211	4	0	4	0
0.025000	84.228230	17	51	94	92	4	0	4	0
0.025000	83.454428	15	50	97	95	6	0	6	0
0.047000	83.366562	58	94	258	210	6	0	6	0
0.027000	82.070090	22	59	134	107	6	0	6	0
0.024000	84.946969	20	55	133	88	1	0	1	0
0.022000	84.332970	13	40	84	59	2	0	2	0
0.020000	89.600518	9	38	25	43	1	0	1	0
0.027000	87.418596	9	50	28	58	2	0	1	1
0.018000	88.024955	20	37	69	74	9	0	9	0
0.026000	89.190901	12	51	87	69	2	0	2	0
0.036000	86.531376	26	70	157	159	6	0	6	0
0.030000	91.530385	11	52	55	89	4	0	4	0
0.024000	88.001426	18	50	116	84	4	0	4	0
0.030000	88.557335	19	55	118	106	3	0	3	0
0.042000	85.680291	33	85	233	181	5	0	5	0
0.032000	86.798179	13	58	88	96	3	0	3	0
0.022000	93.392828	9	42	27	54	5	0	4	1
0.016000	88.671377	16	33	44	60	7	0	7	0
0.003000	91.782351	0	0	0	2	0	0	0	0
0.085000	95.132776	30	87	217	240	4	0	4	0
0.020000	89.448835	12	34	72	57	2	0	2	0
0.018000	90.556570	13	35	67	56	3	0	3	0
0.032000	94.750523	9	57	94	77	3	0	3	0
0.049000	89.822664	26	72	179	138	8	0	8	0
0.058000	91.395725	47	106	227	214	4	0	4	0
0.030000	91.224232	22	58	148	88	1	0	1	0
0.057000	96.464761	25	71	208	181	2	0	2	0
0.057000	97.610239	7	67	77	84	1	0	1	0
0.033000	95.044767	18	61	161	107	3	0	3	0
0.041000	93.528205	22	70	110	131	3	0	3	0
0.057000	93.964934	38	93	164	161	4	0	4	0
0.037000	97.131155	10	60	91	83	2	0	2	0
0.034000	95.890183	24	66	143	119	4	0	4	0
0.044000	94.789305	44	88	188	164	4	0	4	0
0.034000	93.990012	27	61	189	106	2	0	1	1
0.035000	98.097909	24	61	127	120	4	0	4	0
0.016000	99.168255	9	32	28	42	5	0	4	1
0.018000	102.401754	9	42	37	53	2	0	2	0
0.075000	96.175200	46	102	373	253	5	0	5	0
0.054000	97.814539	26	72	158	177	4	0	4	0
0.030000	102.405793	16	59	130	99	3	0	3	0
0.063000	97.538912	38	97	236	224	4	0	4	0
0.033000	102.513745	19	59	143	112	4	0	4	0
0.046000	98.745128	22	78	129	127	3	0	3	0
0.015000	98.957197	70	106	282	267	6	0	6	0
0.049000	97.813827	45	85	192	166	4	0	4	0
0.034000	103.894178	22	46	101	75	4	0	4	0
0.020000	102.616709	18	36	45	58	6	0	6	0
0.005000	101.651365	0	0	0	2	0	0	0	0
0.075000	100.894734	48	96	308	247	4	0	4	0
0.052000	100.599234	42	84	283	211	5	0	5	0
0.031000	107.245585	19	59	135	114	4	0	4	0
0.050000	103.437817	39	92	278	197	4	0	4	0
0.034000	103.452031	11	62	85	93	3	0	3	0
0.043000	102.613593	38	81	223	138	3	0	3	0
0.036000	105.165835	27	69	164	114	4	0	4	0
0.017000	106.069378	17	34	35	57	6	0	6	0
0.019000	109.447115	8	52	41	61	3	0	3	0
0.071000	109.549538	38	75	259	211	3	0	3	0
0.066000	109.371105	63	84	303	250	5	0	5	0
0.037000	106.369320	24	65	148	162	3	0	3	0
0.062000	105.839046	69	107	287	211	4	0	4	0
0.046000	105.453050	38	88	234	197	7	0	7	0
0.031000	105.382809	27	69	162	119	4	0	4	0
0.037000	108.399876	29	71	188	132	4	0	4	0
0.035000	105.627992	39	76	208	134	6	0	6	0
0.045000	115.628123	19	61	76	107	6	0	6	0
0.045000	109.142275	9	56	83	88	1	0	1	0
0.041000	110.924604	18	73	126	129	4	0	4	0
0.063000	109.462764	69	111	267	218	4	0	4	0
0.042000	113.471251	19	81	119	122	6	0	6	0
0.063000	110.588144	60	115	265	249	4	0	4	0
0.055000	107.887617	52	91	246	164	3	0	2	1
0.066000	111.725719	63	116	251	218	3	0	3	0
0.072000	110.426708	81	124	345	275	4	0	4	0
0.058000	109.898886	81	115	384	246	3	0	3	0
0.024000	112.690292	24	46	78	80	4	0	4	0
0.044000	118.721422	32	71	138	133	5	0	5	0
0.026000	115.036974	24	48	80	88	5	0	5	0
0.037000	115.658576	8	65	74	101	1	0	1	0
0.059000	113.297672	52	83	290	241	3	0	3	0
0.040000	112.663115	20	64	106	118	3	0	3	0
0.046000	113.038110	34	85	128	141	3	0	3	0
0.057000	116.832385	67	98	270	195	5	0	5	0
0.041000	114.626506	15	81	129	136	2	0	2	0
0.066000	112.350748	62	115	281	263	4	0	4	0
0.018000	117.496688	23	42	78	74	6	0	6	0
0.041000	122.131945	21	71	112	119	4	0	4	0
0.028000	118.265240	17	57	58	93	5	0	5	0
0.019000	115.550268	13	39	30	54	7	0	7	0
0.097000	118.357032	66	108	498	260	6	0	6	0
0.033000	117.119109	19	75	196	114	4	0	4	0
0.043000	121.432298	17	81	110	126	5	0	5	0
0.044000	121.483354	36	93	178	158	5	0	5	0
0.036000	118.440803	11	76	101	102	2	0	2	0
0.060000	121.852042	68	99	279	236	4	0	4	0
0.024000	122.030713	15	41	45	58	4	0	4	0
0.024000	120.798695	19	46	68	70	4	0	4	0
0.040000	122.611028	25	56	119	104	7	0	7	0
0.023000	122.881423	24	50	105	97	7	0	7	0
0.045000	123.889063	19	91	140	146	5	0	5	0
0.039000	126.128237	14	75	76	109	3	0	3	0
0.038000	123.406427	44	70	249	129	4	0	4	0
0.049000	122.087492	50	90	250	215	4	0	4	0
0.030000	120.258816	27	67	190	116	4	0	4	0
0.040000	119.256494	38	95	251	180	5	0	5	0
0.026000	127.657237	28	53	120	104	9	0	9	0
0.037000	129.902111	26	74	113	127	4	0	4	0
0.000000	123.449300	19	38	43	56	3	0	3	0
0.000000	126.996355	22	56	100	97	8	0	8	0
0.000000	127.652729	34	77	152	164	8	0	7	1
0.000000	127.578200	20	65	87	120	3	0	2	1
0.001000	124.250278	30	110	224	200	7	0	7	0
0.023000	127.377144	25	77	214	133	4	0	4	0
0.061000	122.090147	55	104	267	227	4	0	4	0
0.073000	124.460261	81	114	341	256	4	0	4	0
0.041000	131.045770	19	60	76	100	5	0	4	1
0.037000	136.158292	15	67	71	106	3	0	3	0
0.045000	130.187274	21	96	168	152	6	0	6	0
0.037000	131.620240	14	82	109	110	5	0	5	0
0.045000	131.239170	39	92	203	166	4	0	4	0
0.068000	127.083912	65	116	397	257	5	0	5	0
0.064000	126.073570	63	107	301	283	5	0	5	0
0.067000	128.045694	79	117	333	297	4	0	4	0
0.045000	129.709884	35	98	211	145	3	0	3	0
0.072000	127.218013	79	121	323	253	5	0	5	0
0.030000	135.087270	19	45	73	70	4	0	4	0
0.028000	133.512549	28	56	97	104	6	0	5	1
0.049000	130.876427	21	73	98	124	4	0	3	1
0.044000	135.653435	18	76	95	123	4	0	4	0
0.051000	135.169365	36	97	212	164	4	0	4	0
0.036000	132.143549	35	74	222	131	5	0	5	0
0.047000	133.669230	56	94	250	202	5	0	5	0
0.052000	131.024263	61	102	312	230	6	0	6	0
0.041000	131.095365	29	77	193	125	2	0	1	1
0.052000	131.691156	37	95	188	197	2	0	2	0
0.075000	137.202097	43	78	161	145	6	0	6	0
0.070000	132.673823	21	38	48	59	4	0	4	0
0.062000	137.480365	28	61	127	116	8	0	8	0
0.057000	140.245713	28	65	134	128	6	0	6	0
0.034000	136.118108	22	42	64	75	8	0	8	0
0.049000	137.609497	16	62	75	91	3	0	2	1
0.041000	137.988644	12	54	114	82	4	0	4	0
0.108000	137.505504	111	144	577	368	8	0	8	0
0.038000	142.909737	22	84	127	132	4	0	4	0
0.036000	140.735369	36	72	224	154	4	0	4	0
0.037000	140.878969	31	67	114	126	8	0	7	1
0.038000	138.702068	36	76	143	135	6	0	5	1
0.031000	142.026206	33	66	120	121	6	0	5	1
0.031000	145.465353	8	53	41	62	2	0	1	1
0.068000	137.514295	73	111	440	282	6	0	6	0
0.042000	143.628338	17	82	136	134	5	0	5	0
0.054000	140.363612	34	87	215	139	5	0	5	0
0.101000	143.262637	125	168	680	425	7	0	7	0
0.049000	142.527796	33	103	200	173	4	0	4	0
0.041000	145.768883	38	81	198	152	3	0	2	1
0.024000	142.452208	25	47	80	74	7	0	7	0
0.021000	144.206631	24	50	73	76	6	0	6	0
0.026000	147.228297	19	45	73	70	4	0	4	0
0.037000	149.892594	31	72	145	120	3	0	3	0
0.010000	142.386327	42	76	165	137	7	0	7	0
0.008000	145.010970	32	61	134	113	5	0	4	1
0.026000	143.924516	24	60	121	102	9	0	9	0
0.045000	142.482522	19	91	161	143	5	0	5	0
0.042000	142.483361	36	87	202	184	4	0	4	0
0.047000	143.965034	52	101	313	196	6	0	6	0
0.035000	147.376080	39	75	155	126	6	0	6	0
0.031000	151.045516	28	67	163	112	5	0	5	0
0.052000	146.673252	17	69	81	101	2	0	1	1
0.030000	149.821466	8	55	36	66	4	0	3	1
0.039000	151.827812	20	75	135	125	5	0	5	0
0.047000	151.853242	23	97	157	155	6	0	6	0
0.032000	149.975993	17	62	117	103	5	0	5	0
0.067000	149.591203	79	120	399	307	5	0	5	0
0.042000	150.081096	37	95	260	170	5	0	5	0
0.049000	149.459391	62	113	387	228	6	0	6	0
0.049000	155.765419	16	68	73	99	5	0	5	0
0.034000	154.446674	26	69	155	117	8	0	7	1
0.033000	153.247458	29	75	172	123	7	0	6	1
0.025000	148.879387	26	63	121	109	10	0	9	1
0.041000	155.993991	13	63	141	109	4	0	4	0
0.061000	149.794697	66	104	315	212	9	0	9	0
0.053000	149.297888	49	85	266	239	5	0	5	0
0.045000	154.755004	46	86	319	180	5	0	5	0
0.068000	150.970556	63	126	378	246	6	0	6	0
0.053000	152.734254	78	99	298	198	3	0	3	0
0.032000	158.143376	25	65	143	111	8	0	8	0
0.035000	157.263689	35	72	188	133	8	0	7	1
0.036000	159.033878	19	58	74	93	2	0	1	1
0.049000	158.289790	25	73	204	163	5	0	5	0
0.027000	155.807457	16	54	117	87	5	0	5	0
0.022000	155.414132	16	51	118	83	6	0	6	0
0.061000	157.049599	70	120	434	250	7	0	7	0
0.031000	157.873781	13	51	101	78	3	0	3	0
0.103000	159.657107	111	156	563	436	4	0	4	0
0.028000	155.182910	27	56	169	95	3	0	2	1
0.026000	167.482874	17	50	84	88	3	0	3	0
0.033000	166.880452	17	57	70	93	5	0	5	0
0.044000	163.781027	52	83	262	167	7	0	7	0
0.065000	158.574741	71	125	468	280	6	0	6	0
0.052000	164.567583	61	90	315	180	7	0	7	0
0.042000	161.141541	39	84	290	165	5	0	5	0
0.084000	160.254255	91	147	453	342	5	0	5	0
0.079000	157.522915	89	144	509	335	5	0	5	0
0.060000	158.849778	81	131	441	277	5	0	5	0
0.055000	160.912860	61	100	312	196	6	0	6	0
0.035000	165.731773	35	70	188	132	9	0	8	1
0.595000	168.287536	36	75	188	132	8	0	8	0
0.039000	166.904212	27	71	125	122	8	0	7	1
0.057000	161.741293	84	124	342	256	6	0	6	0
0.058000	164.379989	85	127	332	259	7	0	7	0
0.079000	164.583198	109	141	498	348	4	0	4	0
0.034000	163.053454	27	70	159	108	4	0	3	1
0.079000	162.380873	88	140	512	347	6	0	6	0
0.070000	164.429811	85	126	515	295	7	0	7	0
0.514000	164.479093	108	142	466	353	4	0	4	0
0.087000	171.269819	50	110	314	240	7	0	7	0
0.050000	164.408966	33	65	183	112	5	0	4	1
0.056000	169.980489	33	86	190	149	7	0	6	1
0.087000	169.144286	54	92	343	263	5	0	5	0
0.096000	172.843952	66	94	379	296	5	0	5	0
0.076000	167.861993	86	128	341	270	7	0	7	0
0.029000	167.909724	18	57	135	93	5	0	4	1
0.113000	168.043984	142	187	728	514	7	0	7	0
0.084000	168.417163	105	151	559	370	5	0	5	0
0.090000	167.957046	105	150	510	357	5	0	5	0
0.041000	175.004938	47	77	218	154	8	0	8	0
0.033000	170.619236	47	75	259	141	8	0	7	1
0.033000	170.037186	39	68	183	125	5	0	4	1
0.040000	175.396948	24	72	111	116	4	0	2	2
0.032000	173.820510	21	63	122	113	5	0	5	0
0.042000	170.577745	39	75	177	132	6	0	5	1
0.074000	172.302237	49	89	320	248	5	0	5	0
0.049000	172.003277	28	74	206	163	4	0	4	0
0.118000	170.553522	158	190	788	535	8	0	8	0
0.039000	169.874725	21	74	167	145	4	0	3	1
0.037000	177.244413	39	73	191	137	5	0	5	0
0.037000	179.241621	46	80	227	156	6	0	6	0
0.068000	176.039934	62	110	323	270	7	0	6	1
0.041000	176.046455	35	81	182	144	6	0	5	1
0.040000	175.679345	22	65	96	109	2	0	1	1
0.035000	177.800607	41	72	178	140	7	0	7	0
0.039000	175.912098	18	68	86	103	5	0	5	0
0.060000	175.102406	51	106	298	253	10	0	10	0
0.060000	172.408316	79	117	378	255	10	0	10	0
0.110000	177.360970	142	176	683	475	7	0	7	0
0.052000	179.443700	37	95	204	161	7	0	6	1
0.058000	182.103108	52	99	260	231	6	0	5	1
0.064000	179.582376	61	107	358	257	6	0	6	0
0.034000	179.439410	38	73	202	137	9	0	8	1
0.036000	179.240846	40	72	180	126	6	0	5	1
0.034000	178.768397	46	72	217	139	6	0	4	2
0.037000	180.859984	18	73	80	107	4	0	3	1
0.062000	180.715795	62	112	292	263	10	0	9	1
0.056000	180.938785	67	91	350	193	8	0	8	0
0.048000	175.381271	59	87	350	191	6	0	6	0
0.066000	185.287997	62	111	319	268	6	0	5	1
0.030000	180.389099	38	67	184	110	6	0	5	1
0.039000	185.148846	20	71	109	109	5	0	5	0
0.058000	186.505109	52	105	281	235	4	0	3	1
0.061000	186.626843	84	118	400	245	8	0	8	0
0.026000	182.985363	87	118	343	253	9	0	9	0
0.004000	182.755770	44	93	293	169	4	0	4	0
0.042000	182.648036	59	83	296	173	5	0	5	0
0.055000	178.714016	78	112	343	248	8	0	8	0
0.070000	183.467335	49	86	282	262	6	0	6	0
0.039000	192.556072	20	77	98	117	7	0	7	0
0.033000	185.909872	37	63	174	109	7	0	5	2
0.060000	188.533320	55	100	298	248	7	0	6	1
0.063000	188.426108	53	84	311	248	6	0	6	0
0.058000	184.703316	82	107	424	233	7	0	7	0
0.046000	184.997769	53	93	312	166	5	0	4	1
0.048000	183.297768	57	88	297	172	6	0	4	2
0.038000	186.648938	29	66	178	115	4	0	3	1
0.053000	189.475478	57	94	362	195	5	0	4	1
0.066000	188.490804	68	92	330	269	5	0	5	0
0.070000	192.202098	58	118	387	277	7	0	7	0
0.042000	192.908463	25	87	125	129	6	0	6	0
0.041000	194.322677	28	93	144	139	6	0	6	0
0.088000	194.034633	120	152	596	380	6	0	6	0
0.054000	187.225868	72	100	391	203	6	0	6	0
0.060000	188.325130	52	83	282	166	4	0	3	1
0.062000	190.201699	44	108	361	233	9	0	9	0
0.034000	193.623900	25	68	158	127	6	0	6	0
0.053000	191.357974	49	97	317	174	4	0	4	0
0.060000	187.874392	81	126	365	268	8	0	8	0
0.087000	197.119112	78	122	414	318	9	0	9	0
0.060000	194.552263	46	106	295	217	6	0	5	1
0.047000	198.752731	37	81	208	185	7	0	7	0
0.045000	195.953369	25	69	103	115	4	0	3	1
0.047000	198.217763	29	93	147	156	5	0	4	1
0.067000	196.989100	68	115	346	272	6	0	5	1
0.056000	195.098533	53	102	277	228	4	0	3	1
0.053000	198.858100	52	98	267	233	7	0	6	1
0.043000	196.411987	21	81	127	122	4	0	4	0
0.079000	194.413524	71	107	417	301	5	0	5	0
0.044000	198.156247	22	74	103	122	4	0	3	1
0.055000	201.401796	48	87	273	215	7	0	7	0
0.051000	199.956756	67	95	293	203	8	0	8	0
0.045000	200.840035	23	76	158	134	7	0	7	0
0.098000	200.333606	120	153	616	395	4	0	4	0
0.086000	199.407184	78	117	442	307	5	0	5	0
0.109000	202.208729	138	163	775	417	6	0	6	0
0.095000	200.467175	115	140	625	385	8	0	8	0
0.056000	198.356224	47	107	362	229	6	0	6	0
0.058000	199.496291	73	101	384	211	8	0	8	0
0.053000	203.988530	32	99	164	158	4	0	3	1
0.040000	208.845044	22	84	122	125	7	0	7	0
0.091000	205.526634	105	138	518	351	7	0	6	1
0.056000	203.152716	67	101	290	214	10	0	10	0
0.037000	202.813159	19	75	84	106	5	0	4	1
0.071000	201.628987	74	98	394	285	5	0	5	0
0.021000	204.206703	96	127	514	327	9	0	9	0
0.045000	200.327694	73	99	368	197	6	0	6	0
0.058000	199.000102	64	106	366	230	6	0	5	1
0.061000	200.271726	84	112	395	222	7	0	6	1
0.053000	202.409068	69	104	356	225	6	0	6	0
0.073000	205.742318	87	110	387	260	5	0	4	1
0.051000	202.784053	59	94	330	187	5	0	4	1
0.078000	204.689535	108	151	498	345	8	0	8	0
0.067000	203.047628	82	116	400	268	5	0	5	0
0.065000	208.821290	84	132	437	252	7	0	6	1
0.089000	204.964825	107	147	585	370	9	0	8	1
0.057000	204.127599	72	103	378	210	9	0	8	1
0.089000	206.501000	104	151	586	375	8	0	7	1
0.088000	206.352449	103	145	648	362	8	0	8	0
0.073000	212.067837	70	110	404	300	10	0	10	0
0.101000	209.970634	135	168	743	422	7	0	7	0
0.101000	209.731341	119	147	619	395	8	0	8	0
0.094000	211.192165	130	161	703	408	6	0	6	0
0.092000	211.871729	110	137	570	356	7	0	7	0
0.090000	211.559341	112	152	578	362	7	0	7	0
0.058000	207.927647	92	117	431	250	7	0	7	0
0.000000	212.641552	122	156	660	404	7	0	6	1
0.077000	212.790428	120	154	654	385	5	0	4	1
0.099000	211.783658	124	147	641	398	9	0	9	0
0.048000	215.508961	18	73	87	103	5	0	4	1
0.036000	218.406762	21	73	105	110	4	0	3	1
0.047000	218.342109	30	86	178	153	6	0	6	0
0.103000	219.832004	134	160	604	400	7	0	7	0
0.095000	213.584284	131	168	613	424	8	0	8	0
0.101000	214.305087	123	162	711	400	6	0	6	0
0.093000	214.425787	115	145	614	373	8	0	8	0
0.088000	215.952496	104	137	494	348	7	0	7	0
0.057000	212.897867	76	106	361	211	8	0	8	0
0.093000	218.321192	119	155	605	366	5	0	4	1
0.110000	221.502293	138	166	754	414	7	0	7	0
0.041000	216.094497	46	83	255	149	6	0	4	2
0.046000	213.969005	51	91	288	153	5	0	5	0
0.091000	217.225467	117	143	658	379	6	0	5	1
0.094000	217.982970	134	159	730	405	7	0	6	1
0.142000	221.246474	203	234	1182	577	9	0	9	0
0.044000	216.295908	41	86	245	154	6	0	6	0
0.059000	218.384822	83	107	395	214	6	0	5	1
0.096000	218.249149	128	149	646	398	9	0	8	1
0.096000	219.081977	134	159	676	409	9	0	8	1
0.054000	224.005770	25	73	138	129	5	0	5	0
0.126000	223.598660	136	167	690	404	7	0	7	0
0.060000	221.050074	59	85	315	167	6	0	5	1
0.102000	221.513441	109	141	587	369	8	0	8	0
0.153000	222.984037	198	224	1054	551	7	0	7	0
0.083000	221.685068	104	132	527	338	10	0	10	0
0.095000	225.961538	120	152	595	382	8	0	8	0
0.087000	221.018676	112	147	571	357	8	0	8	0
0.075000	218.482282	87	117	379	293	7	0	6	1
0.076000	216.496215	78	110	353	259	6	0	4	2
0.101000	227.912354	135	157	647	394	10	0	10	0
0.121000	225.408009	193	210	1014	525	7	0	7	0
0.046000	223.333077	57	96	328	169	4	0	4	0
0.056000	220.373835	82	101	385	209	6	0	6	0
0.070000	223.295794	80	110	360	270	5	0	4	1
0.066000	224.635927	85	110	390	272	7	0	5	2
0.056000	221.323731	79	106	355	210	7	0	5	2
0.103000	224.801065	159	185	763	482	6	0	4	2
0.100000	222.970994	121	154	633	387	8	0	7	1
0.220000	228.383566	184	208	1089	500	8	0	8	0
0.102000	229.577341	131	163	631	417	8	0	8	0
0.096000	224.622927	113	147	553	392	7	0	6	1
0.067000	224.986736	83	107	375	272	5	0	4	1
0.090000	227.946032	105	146	570	363	8	0	7	1
0.101000	231.341346	131	156	694	419	8	0	7	1
0.102000	232.491891	138	165	733	413	7	0	7	0
0.064000	230.642900	87	122	385	252	8	0	8	0
0.048000	228.667585	67	93	347	181	8	0	7	1
0.069000	225.651237	80	105	402	222	8	0	7	1
0.088000	226.593539	96	144	591	356	8	0	7	1
0.047000	234.894020	31	80	156	147	8	0	8	0
0.106000	237.623661	148	173	786	429	6	0	6	0
0.127000	237.508727	174	217	967	541	10	0	10	0
0.000000	234.259102	133	156	660	396	10	0	10	0
0.067000	232.080921	109	135	534	367	10	0	10	0
0.102000	232.354986	151	176	704	435	7	0	7	0
0.104000	233.362293	117	152	583	370	7	0	7	0
0.103000	232.312271	132	154	660	413	8	0	7	1
0.124000	233.618673	188	214	1018	525	7	0	6	1
0.110000	236.372051	144	172	827	431	6	0	6	0
0.084000	236.616333	97	133	631	352	6	0	6	0
0.061000	237.233238	86	117	387	244	8	0	8	0
0.100000	236.790793	123	161	650	399	9	0	8	1
0.105000	239.043322	138	169	750	415	8	0	8	0
0.098000	237.119321	121	150	734	392	9	0	9	0
0.087000	234.668384	105	138	569	353	6	0	6	0
0.040000	233.458020	48	80	274	147	6	0	4	2
0.098000	236.497286	119	151	573	376	7	0	7	0
0.110000	239.323667	140	188	752	427	6	0	5	1
0.060000	233.996015	77	112	334	217	7	0	7	0
0.053000	245.822451	33	85	214	163	6	0	6	0
0.111000	242.471093	153	187	708	461	11	0	11	0
0.121000	242.110555	166	203	936	515	10	0	10	0
0.065000	242.122804	87	127	434	244	8	0	7	1
0.096000	242.265511	119	145	571	375	10	0	10	0
0.090000	245.247451	134	150	580	396	8	0	8	0
0.055000	237.343929	71	101	314	199	7	0	7	0
0.089000	242.339398	120	145	574	380	12	0	12	0
0.099000	238.211769	133	162	639	424	7	0	7	0
0.100000	239.509577	136	155	574	415	8	0	8	0
0.051000	242.678755	70	100	372	188	9	0	8	1
0.058000	246.326327	81	121	417	220	8	0	7	1
0.088000	246.476749	104	141	531	348	9	0	9	0
0.075000	240.327828	93	127	415	289	10	0	9	1
0.067000	242.396778	173	215	907	529	7	0	5	2
0.000000	245.310102	197	207	940	549	5	0	4	1
0.121000	244.882060	187	206	875	521	11	0	11	0
0.048000	244.325994	89	112	379	216	7	0	5	2
0.109000	245.917131	135	169	783	416	9	0	9	0
0.097000	247.193009	139	161	680	421	7	0	7	0
0.106000	249.981104	140	167	798	426	9	0	9	0
1.241000	247.847483	189	212	1111	526	8	0	8	0
0.090000	250.544376	103	141	550	346	9	0	9	0
0.103000	247.898313	129	150	558	414	7	0	7	0
0.093000	246.391256	115	148	533	395	7	0	7	0
0.003000	245.806759	113	148	536	403	8	0	8	0
0.000000	246.071938	90	114	367	229	8	0	6	2
0.004000	250.696057	201	230	1121	567	8	0	8	0
0.151000	248.911728	198	232	1057	580	10	0	10	0
0.116000	248.756535	157	204	1019	486	8	0	8	0
0.111000	253.524411	155	187	864	477	13	0	13	0
0.095000	251.923702	136	157	662	405	11	0	11	0
0.088000	254.185546	131	147	588	380	10	0	10	0
0.084000	253.442933	118	145	566	371	11	0	11	0
0.084000	252.232059	125	144	532	376	9	0	9	0
0.083000	250.614907	102	135	507	352	10	0	10	0
0.094000	249.514159	116	154	566	390	10	0	10	0
0.112000	255.874722	169	195	917	471	6	0	5	1
0.061000	252.715471	80	121	409	222	8	0	7	1
0.122000	252.714495	188	210	1051	513	8	0	7	1
0.072000	259.283749	60	99	326	269	9	0	9	0
0.147000	257.788816	219	234	1072	600	10	0	10	0
0.100000	255.043619	140	167	690	416	11	0	11	0
0.092000	257.021517	129	150	582	393	8	0	8	0
0.095000	253.879098	127	149	534	455	7	0	6	1
0.000000	253.321897	77	105	332	231	7	0	7	0
0.077000	255.296425	102	148	474	313	7	0	6	1
0.077000	254.737848	105	147	514	342	9	0	7	2
0.129000	253.726298	194	217	1088	529	7	0	6	1
0.125000	254.915181	105	140	549	343	10	0	10	0
0.131000	265.171909	86	121	468	319	12	0	12	0
0.094000	260.011746	90	132	468	252	8	0	7	1
0.460000	260.983953	105	134	534	343	11	0	11	0
0.076000	257.222341	92	112	421	224	9	0	7	2
0.105000	257.700816	123	153	642	428	8	0	7	1
0.051000	259.208654	72	102	366	201	11	0	10	1
0.091000	261.192180	108	140	560	362	9	0	9	0
0.077000	258.131967	93	123	399	316	10	0	9	1
0.097000	259.864115	109	145	580	388	10	0	10	0
0.068000	259.041788	92	134	477	254	8	0	7	1
0.105000	263.426849	143	166	674	435	14	0	14	0
0.135000	266.712385	203	228	1056	580	10	0	10	0
0.073000	261.906723	92	134	475	253	8	0	7	1
0.089000	262.032886	116	151	571	380	10	0	10	0
0.088000	261.428387	112	149	544	365	10	0	10	0
0.076000	262.792804	100	144	465	303	7	0	5	2
0.094000	260.581841	128	162	627	416	9	0	7	2
0.086000	263.351443	104	149	541	304	8	0	7	1
0.105000	267.402684	144	169	661	439	13	0	13	0
0.121000	261.937566	193	202	1004	504	7	0	6	1
0.083000	270.223691	79	113	430	312	8	0	7	1
0.093000	266.400426	110	143	560	364	12	0	12	0
0.084000	264.718554	112	145	539	343	7	0	6	1
0.091000	267.654470	117	150	563	388	9	0	9	0
0.071000	265.726691	95	139	493	265	8	0	7	1
0.112000	268.491961	177	204	954	490	10	0	9	1
0.108000	268.529187	189	206	1048	518	10	0	9	1
0.117000	268.216149	155	188	886	484	13	0	13	0
0.066000	268.243142	89	128	462	245	9	0	8	1
0.052000	267.346892	77	104	393	204	11	0	10	1
0.104000	273.885687	106	149	629	363	8	0	8	0
0.083000	273.770565	82	111	432	310	10	0	9	1
0.419000	271.233412	151	183	739	458	11	0	11	0
0.103000	272.036994	117	154	568	390	11	0	11	0
0.093000	271.951839	120	142	559	369	11	0	11	0
0.080000	269.787353	101	140	500	284	8	0	7	1
0.060000	269.565447	91	111	402	221	8	0	6	2
0.052000	272.085413	76	106	390	201	10	0	9	1
0.049000	270.178294	74	105	380	198	10	0	9	1
0.047000	271.345271	75	105	395	197	9	0	8	1
0.115000	274.990234	103	142	549	356	7	0	6	1
0.090000	275.647426	83	131	525	323	11	0	11	0
0.135000	276.732912	195	221	1156	541	11	0	11	0
0.116000	274.540704	156	189	880	492	13	0	13	0
0.059000	270.074465	89	99	377	204	8	0	6	2
0.078000	273.746047	107	144	516	302	8	0	7	1
0.133000	277.089712	195	225	1135	540	10	0	10	0
0.091000	279.064063	132	148	580	377	11	0	11	0
0.055000	273.555625	80	108	421	214	11	0	10	1
0.060000	274.951328	83	114	435	218	12	0	11	1
0.120000	284.195166	159	183	817	464	8	0	7	1
0.121000	284.423360	156	186	826	460	12	0	12	0
0.091000	279.570382	97	138	518	344	9	0	8	1
0.020000	280.350697	130	160	682	403	8	0	7	1
0.005000	279.685898	71	102	369	191	10	0	9	1
0.049000	278.962425	71	103	383	199	11	0	10	1
0.054000	281.048645	83	115	411	216	10	0	9	1
0.042000	279.663270	70	99	360	180	10	0	9	1
0.047000	278.360456	72	101	382	184	11	0	10	1
0.122000	280.241641	148	174	835	444	9	0	9	0
0.119000	283.085620	148	169	767	442	8	0	7	1
0.573000	286.713153	156	186	837	462	11	0	11	0
0.145000	284.088884	135	167	791	426	11	0	11	0
0.138000	286.921893	164	195	877	481	10	0	10	0
0.166000	285.665518	194	217	1160	527	10	0	10	0
0.077000	282.125119	80	106	395	206	11	0	10	1
0.062000	280.895276	72	105	362	194	10	0	9	1
0.075000	281.828762	92	127	464	248	9	0	8	1
0.177000	284.912865	195	217	1153	532	11	0	11	0
0.062000	282.501250	71	102	370	189	10	0	9	1
0.116000	288.894365	96	140	588	349	11	0	11	0
0.171000	290.101059	154	184	777	450	10	0	9	1
0.107000	287.365890	75	113	421	292	13	0	13	0
0.142000	289.368425	157	190	805	456	8	0	7	1
0.086000	285.078638	93	128	479	249	9	0	8	1
0.147000	288.073729	194	213	1056	516	9	0	8	1
0.144000	288.218753	195	218	1070	529	10	0	9	1
0.058000	285.946559	74	106	397	196	11	0	10	1
0.161000	291.225818	196	206	903	522	10	0	9	1
0.090000	284.898061	80	111	401	301	13	0	12	1
0.074000	292.441604	78	108	405	290	11	0	10	1
0.110000	291.906869	158	187	771	455	12	0	11	1
0.142000	289.233763	195	222	1140	538	11	0	11	0
0.051000	289.105764	79	104	413	203	11	0	10	1
0.047000	287.786385	73	105	388	191	11	0	10	1
0.118000	294.569995	150	176	805	446	11	0	11	0
0.046000	290.772307	152	182	804	452	12	0	12	0
0.094000	297.017852	165	192	896	486	9	0	9	0
0.095000	292.078587	106	145	573	361	9	0	8	1
0.126000	290.349793	145	171	811	427	8	0	8	0
0.097000	295.929177	114	150	696	378	12	0	12	0
0.106000	294.531417	145	171	805	425	8	0	8	0
0.456000	296.933068	152	179	877	450	9	0	9	0
0.117000	294.831130	147	163	752	415	7	0	6	1
0.146000	294.180947	136	160	723	408	10	0	9	1
0.131000	292.248730	147	174	809	438	12	0	12	0
0.115000	295.262774	146	168	821	432	10	0	10	0
0.148000	295.564273	202	217	950	546	9	0	8	1
0.115000	294.655622	148	173	865	441	9	0	9	0
0.129000	297.286729	187	208	900	508	8	0	7	1
0.121000	301.121924	155	187	816	462	10	0	10	0
0.125000	301.914978	175	201	887	500	11	0	11	0
0.104000	298.192703	133	157	717	401	9	0	8	1
0.105000	298.503841	145	161	729	412	8	0	7	1
0.122000	300.300457	154	184	807	456	9	0	9	0
0.112000	299.552440	150	181	765	448	11	0	11	0
0.106000	299.575304	154	176	768	447	12	0	12	0
0.100000	297.832251	128	154	696	393	10	0	9	1
0.124000	299.733079	153	188	818	459	12	0	12	0
0.116000	299.598385	158	183	882	463	9	0	9	0
0.110000	304.244092	148	170	794	435	9	0	9	0
0.127000	306.243669	196	215	864	530	10	0	9	1
0.048000	301.626265	147	170	773	434	12	0	12	0
0.132000	303.321014	196	215	906	525	8	0	7	1
0.137000	302.847092	196	215	905	524	8	0	7	1
0.103000	298.342937	143	163	730	417	11	0	10	1
0.127000	305.437053	197	209	925	518	10	0	9	1
0.064000	303.676477	44	90	255	221	9	0	9	0
0.057000	305.323869	43	91	254	224	9	0	9	0
0.056000	304.214753	39	86	236	177	8	0	8	0
0.137000	307.018670	194	214	912	521	8	0	7	1
0.136000	308.123922	201	220	929	544	9	0	8	1
0.135000	304.310819	183	205	832	497	10	0	9	1
0.123000	304.440038	147	171	802	437	12	0	12	0
0.144000	309.030892	194	218	944	531	10	0	9	1
0.277000	308.570726	195	211	908	514	8	0	7	1
0.065000	311.523983	47	93	284	227	8	0	8	0
0.046000	309.346748	33	75	174	154	8	0	7	1
0.062000	308.623449	47	96	294	235	9	0	9	0
0.383000	306.769857	130	170	787	486	12	0	12	0
0.128000	314.253452	160	187	830	466	8	0	8	0
0.114000	312.375083	149	171	786	438	11	0	11	0
0.133000	313.945860	167	194	901	489	9	0	9	0
0.113000	311.244291	151	177	802	437	8	0	8	0
0.127000	311.533290	188	206	941	519	12	0	11	1
0.133000	309.341467	194	209	884	516	12	0	11	1
0.132000	311.510701	202	215	982	539	9	0	8	1
0.125000	315.016563	195	207	914	510	9	0	8	1
0.103000	309.018073	141	159	713	411	11	0	10	1
0.172000	312.056260	200	214	889	538	12	0	11	1
0.142000	314.092554	192	211	862	513	11	0	10	1
0.143000	314.563604	169	193	825	477	13	0	12	1
0.128000	316.013611	197	212	879	526	12	0	11	1
0.130000	316.721670	197	213	940	525	11	0	10	1
0.150000	313.803442	193	216	880	525	12	0	11	1
0.111000	311.057316	148	169	786	433	12	0	12	0
0.129000	317.777413	178	208	905	497	11	0	10	1
0.158000	316.001378	191	215	969	538	11	0	10	1
0.134000	314.393684	186	210	959	517	11	0	10	1
0.132000	314.886036	196	212	875	521	11	0	10	1
0.126000	317.878238	148	164	797	430	11	0	11	0
0.133000	319.788420	184	211	893	511	11	0	10	1
0.135000	319.333762	196	216	965	541	12	0	11	1
0.116000	314.639277	154	176	765	446	11	0	11	0
0.177000	317.923677	197	216	865	527	9	0	8	1
0.137000	320.850359	200	213	881	531	9	0	8	1
0.182000	319.494414	197	212	879	522	12	0	11	1
0.080000	319.163741	42	92	251	223	9	0	9	0
0.099000	316.666895	59	101	381	307	8	0	8	0
0.080000	318.539516	51	95	324	254	11	0	11	0
0.069000	320.942063	197	214	882	529	12	0	11	1
0.168000	326.335169	196	205	845	517	10	0	9	1
0.145000	325.782266	196	206	839	509	9	0	8	1
0.125000	320.678898	184	208	856	511	13	0	12	1
0.128000	322.317143	197	215	838	529	12	0	11	1
0.134000	320.420546	196	215	849	526	12	0	11	1
0.126000	321.996120	185	209	909	519	12	0	11	1
0.124000	325.949280	198	214	932	525	10	0	9	1
0.084000	322.846296	81	106	434	366	12	0	12	0
0.051000	323.293023	39	79	200	171	12	0	12	0
0.130000	326.285519	187	210	876	525	12	0	11	1
0.128000	325.557574	192	207	870	506	11	0	10	1
0.122000	325.914447	193	207	859	507	11	0	10	1
0.128000	323.479569	179	202	849	498	14	0	13	1
0.108000	321.004564	144	161	749	419	11	0	11	0
0.125000	328.980354	187	207	859	501	11	0	10	1
0.148000	327.797963	196	211	879	513	8	0	7	1
0.124000	327.050157	194	206	850	506	9	0	8	1
0.083000	330.620771	83	113	485	334	11	0	11	0
0.325000	326.724135	42	90	248	184	9	0	9	0
0.134000	332.843984	192	212	916	520	14	0	13	1
0.143000	331.249144	202	216	967	549	12	0	11	1
0.127000	333.285280	200	213	886	531	10	0	9	1
0.122000	331.539026	205	216	880	539	10	0	9	1
0.122000	327.522010	185	206	870	507	13	0	12	1
0.033000	331.914339	203	215	985	543	11	0	10	1
0.065000	333.313871	51	95	299	223	11	0	11	0
0.073000	330.633214	66	103	390	302	9	0	9	0
0.095000	327.394759	110	142	668	395	12	0	12	0
0.000000	329.472164	64	103	372	310	8	0	8	0
0.087000	338.648920	197	205	815	512	10	0	9	1
0.137000	333.803963	199	212	871	517	9	0	8	1
0.127000	337.360533	199	208	933	522	11	0	10	1
0.119000	336.205291	188	203	834	500	11	0	10	1
0.118000	335.794075	181	205	839	497	11	0	10	1
0.133000	336.652170	191	216	963	536	12	0	11	1
0.140000	332.331224	187	210	927	517	11	0	10	1
0.357000	334.425460	188	207	866	506	11	0	10	1
0.108000	330.634054	122	156	704	418	10	0	10	0
0.092000	332.540168	111	130	541	399	14	0	14	0
0.138000	338.431879	196	213	858	512	9	0	8	1
0.122000	339.836032	186	208	854	501	13	0	12	1
0.131000	337.536703	191	216	931	539	12	0	11	1
0.080000	338.857677	94	114	453	307	10	0	10	0
0.075000	337.104407	59	100	356	292	8	0	8	0
0.046000	338.818837	40	78	199	166	10	0	10	0
0.076000	335.411703	92	104	412	330	11	0	11	0
0.048000	340.470561	41	80	186	176	10	0	10	0
0.078000	337.869011	89	111	431	356	13	0	13	0
0.053000	340.984643	54	88	248	221	12	0	12	0
0.146000	341.504063	193	217	979	536	12	0	11	1
0.125000	344.513631	188	209	858	509	12	0	11	1
0.050000	341.828251	41	79	187	175	10	0	10	0
0.046000	342.287865	42	79	194	179	11	0	11	0
0.057000	343.483805	49	84	227	205	12	0	12	0
0.049000	341.378658	49	83	230	204	12	0	12	0
0.045000	343.182159	46	79	209	185	12	0	12	0
0.069000	342.990746	81	102	381	319	12	0	12	0
0.070000	340.214526	66	98	303	315	10	0	10	0
0.054000	342.385812	57	90	280	234	13	0	13	0
0.732000	346.012891	186	206	910	508	12	0	11	1
0.144000	345.011924	200	211	827	524	12	0	11	1
0.097000	343.331233	100	119	499	345	13	0	13	0
0.102000	346.023724	94	112	434	338	13	0	13	0
0.080000	344.082364	90	105	416	330	13	0	13	0
0.092000	346.126406	119	142	560	418	14	0	14	0
0.076000	346.335094	80	104	401	344	13	0	13	0
0.081000	344.719189	105	123	499	382	14	0	14	0
0.067000	345.527163	57	90	275	232	13	0	13	0
0.062000	344.614327	57	89	261	293	11	0	11	0
0.133000	349.817310	186	211	878	524	13	0	12	1
0.127000	348.855412	185	210	876	519	14	0	13	1
0.125000	346.255276	194	203	799	500	11	0	10	1
0.120000	347.954707	198	207	835	508	9	0	8	1
0.100000	345.853733	124	157	656	418	13	0	13	0
0.116000	345.627154	158	188	875	508	13	0	13	0
0.083000	348.246933	95	114	445	362	13	0	13	0
0.079000	347.649555	103	128	528	347	15	0	15	0
0.044000	350.279036	39	78	197	158	13	0	13	0
0.043000	348.452522	41	80	181	160	12	0	12	0
0.132000	349.408900	183	206	871	507	13	0	12	1
0.129000	349.966076	196	211	889	530	15	0	14	1
0.119000	350.813636	187	208	826	503	14	0	13	1
0.119000	355.585707	181	201	868	493	12	0	11	1
0.143000	352.446391	57	89	256	273	9	0	9	0
0.055000	353.300400	52	91	232	211	11	0	11	0
0.052000	354.522151	51	87	236	220	14	0	14	0
0.077000	350.872918	101	119	486	348	15	0	15	0
0.047000	357.275227	49	84	224	193	13	0	13	0

