0.000000	3.605551	3	17	23	22	0	0	0	0
0.000000	2.828427	2	14	16	15	0	0	0	0
0.000000	3.162278	3	17	22	22	0	0	0	0
0.000000	3.605551	3	17	27	22	0	0	0	0
0.003000	2.000000	2	12	11	15	0	0	0	0
0.016000	3.000000	3	15	21	22	0	0	0	0
0.001000	1.414214	1	6	2	5	0	0	0	0
0.002000	2.000000	2	11	10	14	0	0	0	0
0.002000	2.000000	2	12	11	15	0	0	0	0
0.004000	3.605551	3	17	25	22	0	0	0	0
0.005000	5.385165	5	25	46	36	0	0	0	0
0.007000	6.403124	5	27	51	36	0	0	0	0
0.005000	4.123106	4	20	27	29	0	0	0	0
0.005000	6.000000	6	24	48	43	0	0	0	0
0.007000	7.280110	7	31	62	50	0	0	0	0
0.006000	5.385165	5	25	42	36	0	0	0	0
0.005000	4.000000	4	18	26	29	0	0	0	0
0.003000	4.000000	4	18	26	29	0	0	0	0
0.008000	7.071068	7	29	64	50	0	0	0	0
0.005000	7.071068	5	29	48	36	0	0	0	0
0.010000	9.486833	9	38	82	63	0	0	0	0
0.008000	8.602325	7	34	64	49	0	0	0	0
0.009000	9.000000	9	33	79	64	0	0	0	0
0.013000	10.440307	11	43	93	76	0	0	0	0
0.010000	10.198039	10	40	93	71	0	0	0	0
0.008000	8.602325	7	35	73	50	0	0	0	0
0.008000	8.062258	7	33	68	50	0	0	0	0
0.010000	10.295630	9	41	79	64	0	0	0	0
0.007000	7.810250	6	32	60	43	0	0	0	0
0.007000	8.062258	8	32	70	57	0	0	0	0
0.015000	13.000000	15	55	133	100	0	0	0	0
0.015000	13.038405	13	53	123	88	0	0	0	0
0.016000	15.132746	15	55	141	106	0	0	0	0
0.012000	13.038405	13	47	129	92	0	0	0	0
0.011000	12.727922	9	48	99	63	0	0	0	0
0.014000	15.000000	13	59	148	90	0	0	0	0
0.010000	12.041595	9	47	93	64	0	0	0	0
0.014000	12.369317	13	49	119	90	0	0	0	0
0.014000	15.033296	15	53	150	106	0	0	0	0
0.015000	11.661904	12	48	113	81	0	0	0	0
0.022000	17.464249	21	69	194	138	0	0	0	0
0.014000	15.193485	16	59	123	94	1	0	1	0
0.022000	16.552945	23	71	192	143	0	0	0	0
0.020000	18.027756	18	62	189	127	0	0	0	0
0.019000	16.492423	18	64	177	123	0	0	0	0
0.019000	18.110770	18	64	191	127	0	0	0	0
0.027000	17.066689	38	90	269	191	2	0	2	0
0.021000	17.841397	28	73	206	153	1	0	1	0
0.014000	16.278821	12	60	147	83	0	0	0	0
0.017000	16.124515	14	61	146	98	0	0	0	0
0.029000	22.000330	32	88	233	182	1	0	1	0
0.032000	20.901047	49	99	324	230	2	0	2	0
0.023000	20.223748	21	73	222	146	0	0	0	0
0.022000	23.000000	23	75	255	162	0	0	0	0
0.022000	19.416488	23	75	213	152	0	0	0	0
0.024000	22.803509	20	88	228	137	0	0	0	0
0.021000	19.849433	15	75	179	106	0	0	0	0
0.028000	21.672538	34	86	287	190	2	0	2	0
0.034000	21.023796	31	91	282	189	0	0	0	0
0.025000	20.046897	29	79	233	164	1	0	1	0
0.028000	26.248931	23	100	272	155	1	0	1	0
0.029000	24.280110	35	99	302	203	1	0	1	0
0.073000	24.836419	121	180	658	524	2	0	2	0
0.037000	25.495098	38	101	314	221	0	0	0	0
0.029000	27.073973	27	91	300	190	0	0	0	0
0.005000	25.179357	27	89	270	185	0	0	0	0
0.000000	24.515301	31	95	301	200	0	0	0	0
0.000000	25.961510	31	101	318	205	0	0	0	0
0.015000	24.186773	27	87	273	182	0	0	0	0
0.040000	24.166092	42	112	356	243	0	0	0	0
0.046000	28.861739	41	117	378	254	0	0	0	0
0.202000	27.898009	320	371	1584	1264	3	0	3	0
0.039000	28.844410	32	116	343	209	0	0	0	0
0.058000	28.049245	82	159	575	400	1	0	1	0
0.034000	30.479501	25	115	334	172	0	0	0	0
0.049000	28.687354	80	147	448	366	2	0	2	0
0.029000	28.730919	28	108	304	176	1	0	1	0
0.067000	25.958217	128	190	592	539	3	0	3	0
0.047000	29.154759	49	131	427	287	0	0	0	0
0.029000	30.000000	30	96	356	211	0	0	0	0
6.169000	32.918896	84	168	573	403	1	0	1	0
0.149000	32.898569	194	267	974	814	3	1	2	0
0.072000	32.649655	51	142	480	304	0	0	0	0
0.243000	31.080305	337	438	1757	1388	3	0	3	0
0.054000	31.320920	43	127	434	270	0	0	0	0
0.074000	30.533651	92	184	703	461	1	0	1	0
0.051000	33.541020	43	127	442	276	0	0	0	0
0.039000	30.232605	37	122	388	229	1	1	0	0
0.047000	30.205442	45	120	417	253	3	1	2	0
0.047000	31.320920	43	127	419	270	0	0	0	0
0.037000	36.000000	36	114	455	253	0	0	0	0
0.248000	33.426847	429	559	2320	1779	3	0	3	0
0.059000	35.902646	55	147	539	332	0	0	0	0
0.155000	35.649886	262	341	1276	1068	2	0	2	0
0.039000	36.069378	26	132	371	183	0	0	0	0
0.076000	36.364649	72	169	606	384	1	0	1	0
0.098000	36.215648	121	226	860	577	1	0	1	0
0.042000	36.055513	36	118	427	253	0	0	0	0
2.758000	36.643317	92	192	689	450	1	0	1	0
0.086000	35.242008	90	173	710	459	1	0	1	0
0.092000	39.426739	115	205	843	533	3	0	3	0
0.142000	40.248317	214	310	1352	940	3	1	2	0
0.249000	39.719321	395	538	2258	1664	2	0	2	0
0.056000	42.107007	47	143	545	316	0	0	0	0
0.087000	40.379448	91	202	741	462	1	0	1	0
0.065000	40.311289	53	149	554	336	0	0	0	0
0.080000	38.205635	79	176	651	411	2	0	2	0
0.067000	40.968982	67	174	587	371	1	0	1	0
0.064000	39.981209	72	166	536	368	2	0	2	0
0.136000	38.134553	151	248	1035	668	4	0	4	0
0.082000	45.559804	65	171	654	388	1	0	1	0
0.099000	46.124784	103	228	871	524	1	0	1	0
0.137000	46.317351	153	277	1194	722	1	0	1	0
0.058000	46.690470	34	170	531	239	0	0	0	0
0.102000	42.638498	150	246	908	678	2	0	2	0
0.114000	43.839688	120	231	961	591	2	0	2	0
0.216000	39.774893	355	495	2067	1491	3	0	3	0
0.098000	44.147480	81	193	758	462	0	0	0	0
0.063000	42.850566	64	185	606	351	1	0	1	0
0.067000	41.658272	77	188	694	428	1	0	1	0
0.223000	46.140523	473	522	2752	1721	4	0	4	0
0.000000	44.327723	369	415	2213	1367	4	1	3	0
0.020000	46.690470	70	184	731	425	0	0	0	0
0.072000	47.314640	59	189	615	348	1	0	1	0
0.296000	45.851037	448	538	2393	1788	2	0	2	0
0.109000	47.539457	116	240	990	600	1	0	1	0
0.400000	48.648636	560	683	3646	2313	2	0	2	0
0.253000	50.160453	452	575	2988	1893	1	0	1	0
0.167000	46.186126	199	309	1406	909	1	0	1	0
0.096000	48.351424	150	275	1143	723	1	0	1	0
0.192000	50.210560	399	463	2282	1497	4	1	3	0
0.095000	51.313723	108	239	816	545	1	0	1	0
0.075000	51.333715	71	216	756	396	1	0	1	0
0.184000	50.068884	281	393	1835	1235	1	0	1	0
0.160000	50.791941	171	299	1354	826	1	0	1	0
0.224000	50.536406	300	423	2060	1325	2	1	1	0
0.123000	50.283733	168	301	1288	811	1	0	1	0
0.139000	50.672425	153	305	1310	761	1	0	1	0
0.090000	50.505406	95	214	917	511	2	0	2	0
0.221000	51.579739	372	478	1845	1537	3	0	3	0
0.161000	53.558296	255	378	1856	1108	4	0	4	0
0.158000	55.224593	302	391	2080	1228	3	1	2	0
0.087000	57.384667	55	221	758	362	0	0	0	0
0.901000	55.286447	676	803	3510	2731	3	0	3	0
0.111000	55.901699	87	223	926	522	0	0	0	0
0.108000	54.244289	102	234	951	561	1	0	1	0
0.140000	57.423141	188	306	1367	891	1	1	0	0
0.164000	55.761004	145	300	1381	745	1	1	0	0
0.364000	50.910216	575	687	3059	2319	2	0	2	0
0.135000	54.424259	115	261	1102	631	0	0	0	0
0.139000	61.152946	223	372	1534	1013	1	0	1	0
0.119000	57.706152	99	236	990	574	0	0	0	0
0.292000	54.680701	505	621	2845	2049	5	0	5	0
0.209000	59.641062	353	466	1921	1480	2	0	2	0
0.341000	57.992438	634	748	3478	2545	5	0	5	0
0.106000	60.990966	137	273	1106	695	2	0	2	0
0.185000	59.841698	188	358	1656	921	1	0	1	0
0.124000	57.351360	126	278	1129	670	1	1	0	0
0.173000	57.313954	555	695	3799	2298	3	1	2	0
0.120000	60.016664	99	245	1015	583	0	0	0	0
0.198000	61.029648	170	332	1507	863	1	0	1	0
0.214000	62.851596	359	482	2189	1524	2	1	1	0
0.189000	63.853721	325	447	2084	1397	1	0	1	0
0.082000	65.192024	57	243	775	382	0	0	0	0
0.655000	58.886419	1069	1214	6024	4281	4	0	4	0
0.188000	60.838760	216	360	1733	1024	2	0	2	0
0.123000	61.522354	95	239	1009	570	0	0	0	0
0.591000	60.528313	965	1093	5993	3847	4	0	3	1
0.520000	59.939280	710	848	3902	2858	2	0	2	0
0.229000	62.401618	427	572	2255	1762	4	0	4	0
0.191000	67.283776	329	443	2259	1292	5	0	5	0
0.160000	63.788714	135	295	1315	740	0	0	0	0
0.159000	63.193112	416	559	2254	1759	3	0	3	0
0.090000	64.467080	389	537	2418	1641	2	0	2	0
0.165000	66.732605	246	382	1664	1115	1	0	1	0
0.260000	65.686720	470	627	2795	1961	2	0	2	0
0.155000	64.812826	196	358	1467	931	3	1	2	0
0.087000	71.028163	71	221	936	490	0	0	0	0
0.442000	67.868843	691	845	4592	2869	1	0	1	0
0.140000	66.491377	237	342	1699	984	3	0	3	0
0.211000	69.451107	350	469	2464	1454	3	1	2	0
0.212000	71.224146	338	497	2199	1446	2	0	2	0
0.759000	66.152439	1236	1420	7080	4957	4	0	4	0
0.526000	66.095217	855	999	4883	3416	5	0	5	0
0.146000	69.507122	154	338	1491	819	1	0	1	0
0.170000	71.021124	123	322	1332	704	0	0	0	0
1.305000	68.939530	780	915	5093	3139	3	1	2	0
0.619000	67.782808	898	1056	5103	3597	4	0	4	0
0.767000	69.563835	996	1187	5620	4043	2	0	2	0
0.310000	68.046955	340	510	2243	1476	2	0	2	0
0.297000	72.779704	433	565	3003	1717	4	1	3	0
1.055000	71.356624	1548	1783	10028	6223	5	0	5	0
0.207000	71.093393	616	778	3645	2522	7	0	7	0
0.056000	74.681329	417	573	2806	1785	2	0	2	0
0.209000	72.125584	299	467	2005	1351	2	0	2	0
0.397000	72.942005	383	574	3012	1745	1	0	1	0
0.342000	77.610767	563	708	3369	2280	3	0	3	0
0.998000	70.601386	1565	1783	9157	6248	4	0	4	0
0.167000	71.952486	181	368	1619	920	2	1	1	0
0.136000	74.518454	91	305	1128	568	0	0	0	0
0.554000	75.784061	368	501	2525	1528	3	0	3	0
0.207000	74.574762	305	445	2161	1271	6	0	6	0
0.289000	76.063679	543	707	3430	2267	2	0	2	0
0.434000	76.394741	560	734	3536	2334	2	0	2	0
0.787000	74.206296	1054	1239	6257	4248	6	1	5	0
0.177000	80.386830	190	413	1871	964	2	0	2	0
0.960000	74.048286	1322	1513	7882	5307	4	0	4	0
1.720000	75.612708	2220	2387	13511	8726	7	0	7	0
0.735000	77.242181	554	716	3833	2293	2	0	2	0
0.176000	76.040652	176	381	1759	903	2	0	2	0
0.361000	84.066144	352	543	2914	1651	1	0	1	0
1.866000	78.341371	1773	2017	11674	7093	5	0	5	0
0.422000	82.799335	637	821	3982	2680	4	0	4	0
0.382000	82.129336	506	696	3319	2147	3	0	3	0
0.026000	80.856600	487	673	2854	2092	3	0	3	0
1.765000	79.046509	2182	2470	13595	8731	6	0	6	0
0.426000	82.008974	558	751	3500	2346	3	0	3	0
0.248000	83.207956	252	445	1970	1212	2	0	2	0
0.451000	80.605855	442	630	3287	1972	2	1	1	0
0.933000	80.174130	1127	1330	6267	4553	4	0	4	0
0.361000	82.254830	421	567	2912	1726	3	1	2	0
0.510000	83.956520	820	931	4812	3103	7	0	7	0
0.644000	86.417464	776	972	5559	3291	2	0	2	0
1.446000	80.827653	2094	2348	13748	8342	4	0	4	0
0.541000	84.228230	811	962	4430	3238	4	0	4	0
0.333000	83.454428	572	765	3510	2374	6	0	6	0
2.325000	83.366562	2410	2722	15280	9644	6	0	6	0
0.524000	82.070090	804	987	4705	3267	6	0	6	0
0.397000	84.946969	452	632	3273	1953	1	0	1	0
0.586000	85.007373	690	878	4974	2961	2	1	1	0
0.176000	89.600518	303	455	2265	1305	1	0	1	0
0.000000	87.403883	381	541	3010	1625	2	0	2	0
0.373000	88.024955	801	892	4629	2987	9	0	9	0
0.376000	89.190901	480	704	3359	2096	2	0	2	0
0.828000	86.531376	1229	1515	7600	5016	6	0	6	0
0.294000	91.530385	428	628	2649	1894	4	0	4	0
0.277000	88.067721	397	602	2862	1757	4	2	2	0
0.387000	88.557335	555	735	3418	2355	3	0	3	0
1.145000	85.680291	1547	1832	9524	6260	5	0	5	0
0.431000	86.798179	511	715	3052	2207	3	0	3	0
0.261000	93.257156	383	572	3170	1663	5	0	5	0
0.314000	88.725770	560	687	3518	2156	8	0	7	1
0.288000	91.782351	196	418	2022	1071	0	0	0	0
2.538000	95.132776	2762	2998	18723	11130	4	0	4	0
0.697000	89.448835	920	1102	6432	3799	2	0	2	0
0.876000	90.031738	1265	1449	8753	5103	3	0	3	0
0.234000	94.750523	337	519	2586	1466	3	0	3	0
0.674000	89.822664	1139	1353	6926	4592	8	0	8	0
1.474000	91.395725	2138	2379	13351	8551	4	0	4	0
0.621000	90.556076	247	467	2410	1224	2	1	1	0
1.657000	96.464761	1785	1989	12619	7214	2	0	2	0
0.248000	97.610239	296	511	2637	1463	1	0	1	0
0.423000	95.044767	590	794	3804	2517	3	0	3	0
0.611000	93.528205	954	1208	5810	3968	3	0	3	0
0.660000	93.964934	1522	1792	9382	6178	4	0	4	0
0.292000	97.161847	418	602	2935	1802	2	1	1	0
0.603000	96.351805	902	1090	6289	3692	4	1	3	0
1.347000	94.789305	2067	2319	12934	8281	4	0	4	0
0.317000	93.688633	340	567	3305	1605	2	1	1	0
1.012000	98.097909	987	1170	5465	3946	4	0	4	0
0.292000	99.086077	398	603	3374	1755	5	0	5	0
0.162000	102.401754	234	433	1939	1169	2	0	2	0
1.956000	96.175200	2922	3190	19403	11565	5	0	5	0
0.538000	97.814539	785	1033	4967	3283	4	0	4	0
0.505000	102.405793	712	879	4070	2863	3	0	3	0
0.777000	97.538912	1501	1845	9866	6178	4	0	4	0
0.319000	102.513745	510	700	3488	2137	4	0	4	0
0.622000	98.745128	939	1213	5780	3928	3	0	3	0
3.019000	98.957197	3446	3638	20248	13432	6	0	6	0
1.528000	97.813827	2214	2432	13897	8777	4	0	4	0
0.481000	103.894178	633	831	4777	2591	4	0	4	0
0.555000	102.616709	871	1016	5505	3328	6	0	6	0
0.304000	101.651365	237	493	2397	1268	0	0	0	0
2.391000	100.894734	3289	3572	22448	13027	4	0	4	0
1.775000	100.599234	2660	2959	17694	10596	5	0	5	0
0.079000	107.245585	599	778	3925	2462	4	0	4	0
1.645000	103.437817	2495	2782	17433	9904	4	0	4	0
0.328000	103.452031	530	741	3625	2240	3	0	3	0
0.887000	101.631960	1438	1636	10492	5765	4	0	4	0
1.234000	105.754183	1089	1308	7586	4451	4	0	3	1
0.699000	106.069378	1158	1242	6294	4276	6	0	6	0
0.104000	109.447115	184	396	1665	995	3	0	3	0
2.610000	109.549538	3707	3889	25093	14598	3	0	3	0
5.053000	109.371105	5501	5767	37807	21595	5	0	5	0
0.642000	106.369320	761	1029	4859	3251	3	0	3	0
2.397000	105.839046	3682	3997	24551	14573	4	0	4	0
0.823000	105.453050	1398	1668	8883	5654	7	0	7	0
0.762000	105.448181	1175	1419	7636	4788	4	1	3	0
0.442000	108.853064	834	1058	5845	3470	4	1	3	0
1.537000	105.627992	1848	2087	12069	7406	6	0	6	0
1.218000	115.628123	1560	1746	11534	6142	6	0	6	0
0.796000	109.142275	663	925	5415	2972	1	0	1	0
0.432000	110.924732	763	1025	5157	3292	5	0	4	1
2.481000	109.462764	3378	3764	23006	13544	4	0	4	0
0.738000	113.736988	1028	1264	6254	4178	6	1	5	0
1.971000	110.588144	2884	3163	18630	11437	4	0	4	0
1.651000	107.777379	2214	2396	16085	8736	4	0	3	1
2.362000	111.725719	3270	3501	20651	12825	3	0	3	0
2.969000	110.426708	4007	4251	25862	15647	4	0	4	0
3.246000	109.898886	4435	4706	28695	17264	3	0	3	0
0.553000	112.690292	926	1083	5553	3524	4	0	4	0
1.215000	118.721422	1745	1949	12921	6849	5	0	5	0
0.501000	115.040453	792	1023	5358	3178	6	0	5	1
0.696000	115.658576	758	1007	5820	3335	1	0	1	0
3.760000	113.297672	4383	4593	29799	17188	3	0	3	0
0.552000	112.663115	706	983	4618	3057	3	0	3	0
1.134000	113.038110	1633	1966	10499	6697	3	0	3	0
2.910000	117.059681	3889	4214	25996	15435	5	1	4	0
0.402000	114.626506	540	783	4034	2369	2	0	2	0
2.083000	112.350748	3026	3304	19529	11993	4	0	4	0
1.630000	117.496688	885	1038	5148	3341	6	0	6	0
1.177000	122.131945	1130	1363	8742	4584	4	0	4	0
0.429000	118.376481	698	937	5771	2931	7	0	5	2
0.174000	115.550268	444	700	3070	1872	7	0	7	0
3.707000	118.791007	4161	4388	29555	16221	7	2	5	0
0.830000	117.119109	882	1168	6323	3703	4	0	4	0
0.366000	121.432298	1195	1426	7621	4816	5	0	5	0
1.119000	121.483354	1681	1913	11043	6716	5	0	5	0
0.397000	118.440803	578	827	4064	2483	2	0	2	0
2.350000	121.852042	2584	2855	17039	10263	4	0	4	0
0.420000	122.030713	599	847	3913	2414	4	0	4	0
0.365000	120.798695	550	815	3596	2282	4	0	4	0
0.159000	122.611028	752	992	5416	3028	7	0	7	0
0.712000	122.881423	1108	1310	6942	4311	7	0	7	0
0.583000	123.889063	839	1108	5887	3593	5	0	5	0
0.503000	126.128237	720	986	3916	2968	3	0	3	0
0.761000	124.145187	1246	1513	8896	5126	4	1	3	0
1.458000	122.087492	1776	2120	11386	7200	4	0	4	0
0.516000	120.556432	943	1204	6499	3931	4	1	3	0
1.525000	119.256494	2250	2621	15646	9103	5	0	5	0
1.378000	127.657237	1335	1491	7897	5096	9	0	9	0
1.045000	129.902111	1425	1656	10886	5660	4	0	4	0
0.583000	123.449300	961	1146	5806	3695	3	0	3	0
0.401000	127.036657	642	900	4529	2658	8	1	7	0
1.595000	127.470164	2213	2450	15908	8700	7	1	6	0
0.383000	127.427923	417	686	3689	1957	3	0	3	0
3.362000	124.250278	3071	3373	21151	12366	7	0	7	0
1.046000	127.830651	1391	1684	10357	5697	4	1	3	0
1.748000	122.090147	2381	2773	15868	9643	4	0	4	0
2.423000	123.706257	4084	4248	26233	15863	5	0	4	1
0.888000	130.846948	1107	1387	8481	4546	5	0	5	0
0.491000	136.158292	701	1006	3914	2891	3	0	3	0
5.710000	130.384938	1189	1487	8226	4977	6	1	5	0
0.954000	131.620240	1270	1567	8655	5210	5	0	5	0
2.974000	131.239170	1555	1840	10475	6315	4	0	4	0
6.876000	127.083912	3945	4311	28399	15619	5	0	5	0
1.907000	126.073570	2770	3162	18609	11171	5	0	5	0
6.950000	128.045694	3901	4217	25928	15422	4	0	4	0
0.954000	129.444904	1487	1763	11005	6043	4	1	3	0
5.583000	127.218013	4364	4567	27793	16955	5	0	5	0
0.456000	135.090748	649	948	4400	2666	5	0	4	1
4.082000	133.512549	1784	2018	13029	7100	6	0	5	1
0.575000	130.677605	696	958	5382	3000	4	0	4	0
0.366000	136.134949	564	853	5109	2545	4	1	3	0
1.164000	135.169365	1488	1785	10152	6069	4	0	4	0
0.856000	132.439179	1189	1481	8346	4923	5	2	3	0
9.778000	133.669230	2377	2700	15532	9488	5	0	5	0
2.213000	131.169305	2999	3286	19612	11881	6	1	5	0
0.461000	130.274668	489	802	4603	2261	3	1	2	0
1.083000	131.691156	1331	1612	8977	5427	2	0	2	0
2.394000	137.202097	3111	3307	21010	12010	6	0	6	0
5.607000	132.673823	1053	1241	6222	4036	4	0	4	0
0.935000	137.564613	1181	1437	8590	4762	8	1	7	0
1.134000	140.245713	1615	1874	12032	6411	6	0	6	0
0.573000	136.366601	1487	1649	8723	5672	7	2	5	0
0.689000	137.410675	699	974	5533	3033	3	0	3	0
1.260000	137.988644	1655	1961	12361	6943	4	0	4	0
15.413000	137.505504	8150	8607	60526	32095	8	0	8	0
0.831000	142.909737	1238	1529	7703	5018	4	0	4	0
1.261000	141.188875	1887	2192	14013	7638	4	1	3	0
10.032000	140.734166	2582	2788	18227	9989	7	1	6	0
2.187000	138.503246	2677	2878	18755	10353	6	0	6	0
6.884000	141.827384	2616	2837	18322	10143	6	0	6	0
0.191000	145.696567	303	574	2781	1514	2	1	1	0
3.758000	137.514295	5375	5692	37567	21081	6	0	6	0
0.461000	143.628338	821	1154	6190	3638	5	0	5	0
1.468000	140.457631	1410	1728	10967	5793	4	0	4	0
17.183000	143.457111	9439	9886	70056	37043	7	1	6	0
1.633000	142.527796	2080	2530	14674	8600	4	0	4	0
1.070000	142.494728	1520	1843	10367	6219	4	0	4	0
0.623000	142.614717	978	1218	6220	3792	7	1	5	1
0.603000	144.106423	1036	1285	6690	4046	8	0	7	1
0.422000	147.231776	662	996	4598	2757	5	0	4	1
1.480000	149.892594	2148	2404	15889	8359	3	0	3	0
11.058000	142.605187	3292	3511	22812	12743	6	1	5	0
0.721000	145.010970	1421	1727	10869	5806	5	0	4	1
5.415000	144.142391	747	1070	5608	3144	9	1	8	0
1.867000	142.482522	1804	2101	12892	7414	5	0	5	0
2.333000	142.483361	2678	3110	19118	10906	4	0	4	0
2.517000	144.571526	3193	3545	24125	12742	6	2	4	0
5.894000	147.376080	2842	3099	19788	11016	6	0	6	0
0.443000	151.045516	650	968	4734	2699	5	0	5	0
0.716000	146.617241	819	1098	6410	3479	6	0	4	2
0.442000	149.781364	432	789	4439	2175	4	0	4	0
0.782000	151.467461	1026	1369	6666	4298	4	0	4	0
9.209000	151.853242	2030	2505	15281	8442	6	0	6	0
0.668000	150.117901	960	1293	6737	4052	5	1	4	0
7.917000	149.591203	4848	5275	35506	19270	5	0	5	0
1.301000	150.081096	1671	2034	11589	6840	5	0	5	0
5.263000	149.912897	3633	4028	27680	14495	6	1	5	0
0.490000	155.765419	663	1013	6388	2994	5	0	5	0
0.561000	153.984837	805	1135	6097	3351	8	2	6	0
0.552000	152.805714	841	1159	6461	3477	7	1	6	0
0.513000	148.323783	747	1072	5925	3169	9	1	8	0
5.492000	155.993991	1615	1935	12745	6796	4	0	4	0
2.795000	149.794697	3797	3932	25094	14616	9	0	9	0
12.201000	149.297888	3759	4142	27211	15021	5	0	5	0
2.019000	155.323606	2430	2769	18155	9774	5	2	3	0
2.642000	150.970556	3594	3998	25770	14280	6	0	6	0
7.251000	152.734254	3684	3975	25075	14493	3	0	3	0
2.896000	158.162456	968	1296	7317	3999	8	1	7	0
0.777000	156.525357	1112	1424	8727	4531	7	1	6	0
0.588000	158.961591	584	924	5270	2684	2	0	2	0
3.339000	157.628134	3474	3843	27305	14128	3	0	3	0
5.310000	155.807457	1024	1367	7578	4326	5	0	5	0
0.912000	155.414132	1259	1576	9631	5187	6	0	6	0
7.788000	157.603532	5058	5358	37216	19775	8	2	5	1
0.772000	157.873781	894	1231	7107	3847	3	0	3	0
14.638000	159.657107	7104	7590	52710	28001	4	0	4	0
0.492000	155.012204	770	1179	7581	3508	3	0	3	0
0.288000	168.537481	442	745	3843	2088	3	2	1	0
0.315000	166.880452	512	822	4760	2334	5	0	5	0
1.925000	163.781027	2554	2780	18191	9914	7	0	7	0
12.423000	158.574741	5816	6136	40487	22783	6	0	6	0
2.561000	164.839697	3803	4025	26493	14792	7	1	6	0
2.388000	161.595048	2200	2576	16465	8920	5	1	4	0
9.586000	160.254255	6776	7290	51170	26818	5	0	5	0
9.998000	157.522915	5756	6151	42029	22590	5	0	5	0
5.040000	158.849778	4459	4876	32450	17656	5	0	5	0
2.456000	160.912860	3257	3468	22830	12692	6	0	6	0
1.024000	164.977426	1456	1761	11032	5868	8	1	7	0
1.060000	168.287536	1544	1853	11539	6145	8	0	8	0
8.505000	167.248279	2032	2278	14744	7984	8	1	7	0
3.279000	161.741293	4485	4708	28395	17414	6	0	6	0
13.199000	164.379989	5249	5410	32064	20206	7	0	7	0
12.235000	163.824846	9101	9542	68003	35611	5	0	4	1
0.644000	162.450341	1071	1507	9163	4663	4	0	4	0
13.178000	162.380873	5956	6271	41946	23292	6	0	6	0
14.122000	164.542592	6475	6791	47086	25301	7	1	6	0
14.895000	164.370754	8592	9057	63802	33671	5	0	5	0
2.441000	172.086168	3201	3582	24451	12661	7	2	5	0
1.061000	164.778116	1474	1782	11556	5915	6	1	4	1
1.745000	170.324557	1927	2220	14673	7656	7	1	6	0
18.751000	169.144286	5553	5901	41599	22056	5	0	5	0
5.983000	172.182296	6428	6703	48045	25226	3	0	3	0
7.499000	167.861993	5101	5286	31568	19699	7	0	7	0
0.785000	167.774204	1014	1393	7584	4324	5	0	5	0
24.939000	168.318282	11407	11817	85285	44438	7	1	6	0
11.021000	168.417163	7433	7863	54725	29148	5	0	5	0
7.809000	167.957046	7643	8057	55739	29937	5	0	5	0
2.582000	175.004938	2989	3197	20632	11543	8	0	8	0
1.456000	170.963303	2126	2419	16183	8455	8	1	7	0
0.908000	170.381253	1755	2043	13578	6984	5	1	4	0
0.888000	172.798228	864	1235	7625	3850	4	0	4	0
0.500000	174.286340	708	1080	7158	3246	5	1	4	0
1.733000	170.792044	2071	2394	15501	8332	6	1	4	1
5.545000	172.302237	5186	5549	39172	20651	5	0	5	0
1.632000	172.195455	1914	2192	14595	7713	4	0	3	1
9.908000	170.744229	12239	12618	90904	47620	8	1	7	0
1.064000	170.044158	1415	1749	11289	5865	4	1	3	0
1.745000	177.262499	2325	2593	16625	9088	6	0	5	1
2.247000	179.241621	2333	2613	16634	9134	6	0	6	0
3.796000	176.282575	4924	5246	37016	19148	7	1	5	1
1.394000	176.390522	2127	2397	16008	8356	6	1	5	0
0.732000	175.581003	706	1065	6236	3188	2	0	2	0
1.847000	177.855000	2671	2910	18861	10374	8	0	7	1
0.501000	176.023339	718	1096	6921	3249	7	0	5	2
2.917000	175.805793	3904	4290	30095	15402	10	1	9	0
3.246000	172.408316	4468	4765	30211	17462	10	0	10	0
10.248000	177.360970	11828	12180	87005	45981	7	0	7	0
1.403000	179.787768	1948	2242	14532	7749	7	1	6	0
3.061000	182.103108	4305	4655	32630	16824	6	0	5	1
4.359000	180.285763	4932	5271	37736	19218	6	1	5	0
0.659000	178.909679	910	1291	7193	3863	8	1	7	0
1.333000	179.240846	1949	2279	14627	7813	6	0	5	1
1.263000	178.241736	1488	1890	11954	6182	6	0	5	1
1.059000	180.966707	931	1295	8216	4132	4	1	3	0
5.098000	180.990093	6172	6518	47129	24069	10	1	8	1
4.270000	181.130963	4489	4741	31977	17512	8	0	7	1
2.867000	175.573449	3675	3940	26858	14451	6	0	5	1
4.130000	185.287997	5273	5623	40090	20569	6	0	5	1
0.986000	180.389099	1640	2014	12365	6707	6	0	5	1
0.785000	185.148846	919	1342	9107	4097	5	0	5	0
3.986000	186.505109	4264	4693	33172	16892	4	0	3	1
4.193000	186.626843	5744	5993	39426	22221	8	0	8	0
3.090000	182.985363	5036	5285	32062	19499	9	0	9	0
3.006000	182.834024	3455	3762	26050	13648	4	1	3	0
2.032000	182.648036	2851	3135	20757	11287	5	0	5	0
2.997000	178.714016	4094	4367	26133	15965	8	0	8	0
4.746000	183.467335	5427	5814	40926	21592	6	0	6	0
0.454000	192.556072	770	1166	7755	3459	7	0	7	0
1.009000	185.636761	1748	2131	13519	7098	7	0	6	1
4.213000	188.727793	4848	5302	38041	19161	7	1	5	1
4.854000	188.426108	5465	5862	41692	21733	6	0	6	0
3.965000	185.325626	4985	5194	34599	19343	8	2	6	0
2.626000	184.864146	3446	3768	26890	13672	5	1	4	0
2.898000	183.390745	3922	4147	29954	15257	7	0	4	3
2.597000	186.648938	2578	2924	19560	10331	4	0	3	1
3.372000	189.002440	3944	4268	29305	15551	5	1	4	0
6.769000	188.490804	7293	7568	53556	28499	5	0	5	0
3.019000	193.086168	4116	4551	32027	16312	7	2	5	0
3.298000	193.175000	2682	3016	21827	10828	5	2	3	0
2.963000	194.527862	2945	3283	24020	11851	6	1	5	0
9.294000	194.034633	11357	11742	83370	44112	6	0	6	0
3.387000	187.858837	4697	4927	32590	18268	7	2	5	0
3.069000	187.852093	3350	3681	25002	13282	4	1	3	0
3.899000	190.201699	4749	5213	38385	18976	9	0	9	0
1.204000	193.623900	1753	2148	12937	7165	6	0	6	0
2.388000	191.436227	3339	3684	25198	13253	4	1	3	0
2.978000	187.874392	4350	4659	28558	16981	8	0	8	0
6.595000	197.601110	6483	6766	50258	25245	9	1	8	0
1.580000	194.896330	2220	2531	16863	8770	6	1	5	0
2.407000	198.752731	3300	3667	25929	13152	7	0	7	0
1.224000	195.757079	1091	1523	9865	4813	5	0	5	0
3.616000	198.701934	2543	2928	21454	10358	5	1	4	0
5.394000	197.007824	6443	6817	49885	25165	6	1	4	1
3.521000	195.098533	3861	4303	29886	15326	4	0	3	1
3.436000	198.938787	4590	5026	36076	18098	6	1	4	1
0.618000	196.615352	788	1231	7921	3648	4	1	3	0
6.822000	194.042222	7045	7356	51709	27613	3	0	3	0
0.848000	198.021070	721	1155	6973	3353	4	0	4	0
3.325000	201.401796	4024	4367	31358	15899	7	0	7	0
3.292000	199.957033	4472	4677	27745	17197	9	0	8	1
1.180000	201.114464	1315	1739	11865	5674	7	1	6	0
9.853000	200.333606	11832	12205	86331	45940	4	0	4	0
6.868000	199.407184	8330	8683	60133	32530	5	0	5	0
10.691000	202.208729	12948	13286	94521	50185	6	0	6	0
19.550000	200.659353	10030	10425	76159	39286	8	0	7	1
12.255000	198.356224	5276	5918	43702	21301	6	0	6	0
9.445000	199.688469	4692	4975	33003	18313	8	0	7	1
6.967000	203.891888	3577	3956	29534	14306	4	0	4	0
1.367000	208.945627	1829	2246	16596	7640	8	1	6	1
8.636000	205.429992	8969	9319	68728	34834	7	0	7	0
3.479000	203.152993	5207	5447	32318	20041	11	0	10	1
0.823000	202.827758	736	1170	6929	3425	7	0	5	2
7.669000	201.607429	8295	8659	60129	32418	3	0	3	0
6.995000	204.206703	8870	9231	62742	34591	9	0	9	0
4.040000	201.040355	4700	4968	32258	18312	7	2	5	0
3.023000	198.539677	4010	4369	30660	15899	5	1	4	0
5.349000	199.618673	6922	7172	47585	26736	7	0	6	1
1.850000	202.430953	3364	3739	22587	13297	7	1	6	0
5.023000	205.067568	6099	6396	44451	23761	5	0	5	0
2.739000	202.311016	3853	4207	28798	15246	5	1	4	0
5.154000	204.689535	6860	7221	47805	26713	8	0	8	0
8.784000	203.047628	6032	6324	44103	23502	5	0	5	0
18.828000	208.570808	6806	7103	46607	26386	7	0	7	0
17.107000	204.714343	9810	10179	70731	38214	9	0	9	0
4.311000	204.042600	4839	5161	34060	18898	9	0	8	1
7.819000	206.250518	8659	9100	63030	33959	8	0	8	0
9.376000	206.352449	10276	10706	80613	40152	8	0	8	0
6.483000	211.646148	6309	6763	48545	25005	9	1	8	0
10.722000	209.970634	11782	12214	93104	45915	7	0	7	0
8.616000	209.731341	10347	10733	76155	40463	8	0	8	0
8.901000	211.192165	10601	11050	84903	41408	6	0	6	0
9.301000	211.871729	11292	11609	78658	43874	7	0	7	0
6.168000	211.559341	8478	8861	57637	33007	7	0	7	0
6.131000	208.099285	6523	6739	43368	25198	7	1	6	0
9.421000	212.391069	11185	11554	78458	43439	7	0	7	0
9.545000	212.115678	10714	11126	80900	41764	5	0	5	0
10.094000	211.783658	10794	11186	82285	42123	9	0	9	0
1.185000	215.430999	1056	1520	9891	4748	6	0	5	1
1.609000	218.310120	1080	1531	9979	4853	4	0	4	0
3.020000	218.807939	2868	3304	24734	11724	6	1	5	0
11.957000	219.832004	14047	14346	102804	54294	7	0	7	0
8.108000	213.600230	10490	10932	77427	40779	8	1	7	0
9.402000	214.305087	10198	10698	81921	39992	6	0	6	0
10.585000	214.425787	11394	11733	79412	44262	8	0	8	0
8.345000	215.952496	10571	10907	73018	41075	7	0	7	0
4.585000	212.651464	5819	6008	38536	22434	10	1	9	0
9.442000	217.646442	11622	12022	88183	45136	5	0	5	0
10.691000	221.502293	12858	13202	95658	49848	7	0	7	0
3.278000	215.516698	3747	4088	30863	14776	6	1	5	0
2.542000	214.346049	3494	3905	28051	13965	6	0	4	2
8.513000	216.550716	9537	10083	77051	37522	6	0	6	0
10.252000	217.308220	12057	12494	95513	46980	7	0	7	0
15.429000	220.582144	16933	17210	131335	65442	8	0	8	0
2.742000	216.667257	3469	3873	25933	13813	6	0	5	1
5.541000	217.571112	6805	7102	45332	26399	6	0	4	2
9.870000	217.998666	12390	12763	88782	48077	9	0	9	0
11.528000	218.831495	13488	13807	98129	52219	9	0	9	0
2.250000	224.005770	2355	2790	20522	9767	5	0	5	0
11.691000	223.598660	13297	13626	98540	51499	7	0	7	0
4.091000	220.124687	5141	5355	40060	19916	6	1	5	0
7.420000	221.513441	9616	10068	70664	37711	8	0	8	0
13.815000	222.984037	16563	16911	130414	64114	7	0	7	0
7.827000	221.685068	10138	10470	70689	39428	10	0	10	0
8.928000	225.961538	11998	12358	82873	46558	8	0	8	0
6.663000	221.018676	8103	8495	55069	31559	8	0	8	0
4.638000	218.507716	6561	6805	41660	25384	8	0	6	2
4.641000	216.496215	6069	6394	40078	23630	6	0	4	2
11.812000	227.912354	13095	13423	97328	50740	10	0	10	0
15.465000	225.408009	16931	17253	133530	65463	7	0	7	0
3.283000	222.950422	4027	4465	31605	16075	5	0	3	2
3.444000	220.212494	4823	5133	31485	18821	7	1	5	1
4.678000	223.226403	6451	6774	42220	25090	5	0	5	0
4.955000	224.284418	6945	7247	45436	26939	7	1	6	0
5.009000	220.950930	6022	6365	39667	23467	6	0	5	1
11.078000	224.126315	13849	14209	102415	53618	6	0	5	1
9.304000	222.720512	10649	11093	78794	41642	8	0	8	0
14.174000	228.383566	16091	16492	126910	62423	8	0	8	0
10.411000	228.075590	11588	11940	79381	44985	8	0	8	0
7.637000	224.622927	10507	10850	71456	40834	7	0	6	1
5.933000	224.917344	6626	6945	43267	25742	5	0	5	0
7.274000	227.695550	9200	9653	66471	35962	8	0	8	0
10.363000	231.090864	12032	12435	87101	46800	8	0	8	0
11.316000	232.491891	13295	13630	98530	51518	7	0	7	0
5.492000	230.227782	6882	7144	43333	26551	10	2	8	0
4.365000	227.747851	6127	6332	46089	23619	7	0	7	0
4.756000	225.400755	5987	6358	41365	23378	8	0	8	0
6.393000	226.343056	7774	8277	56646	30538	8	0	8	0
2.545000	234.894020	2610	3053	22778	10709	8	0	8	0
13.263000	237.623661	15481	15844	112794	59813	6	0	6	0
14.029000	237.508727	16115	16411	117414	62264	10	0	10	0
9.847000	234.259102	11942	12306	84141	46404	10	0	10	0
7.031000	232.080921	9912	10287	68948	38592	10	0	10	0
11.521000	232.354986	13550	13882	92798	52516	7	0	7	0
8.835000	232.585693	11207	11575	75496	43507	8	0	8	0
10.483000	232.061788	12383	12773	89883	48140	8	0	8	0
14.544000	232.943922	16936	17265	133864	65547	7	0	7	0
12.377000	236.372051	14367	14708	105176	55615	6	0	6	0
8.003000	236.987682	9141	9720	73897	36010	6	0	5	1
5.237000	236.810090	6764	7045	41520	26150	10	1	9	0
10.425000	236.116043	12040	12509	93509	46983	9	0	9	0
11.470000	239.043322	13568	13934	100993	52625	8	0	8	0
8.719000	237.119321	10690	11160	79210	41851	9	0	9	0
8.176000	234.668384	8159	8743	65282	32236	6	0	6	0
3.556000	232.613454	4305	4669	34993	16977	6	2	4	0
8.915000	235.560030	11333	11715	76232	44013	8	0	7	1
12.137000	238.648917	13233	13861	104481	51682	6	0	6	0
3.841000	233.749612	5256	5527	32712	20399	9	1	8	0
2.811000	246.662190	2940	3433	25985	12091	6	1	5	0
13.340000	242.471093	15742	16077	113971	60841	11	0	11	0
12.877000	242.110555	15217	15520	108382	58774	10	0	10	0
6.631000	241.051376	7596	7847	54704	29221	8	0	8	0
9.413000	242.265511	11554	11960	79796	44960	10	0	10	0
11.917000	245.247451	13763	14134	94515	53367	8	0	8	0
4.132000	237.097525	4963	5245	30885	19273	9	1	8	0
10.117000	242.339398	12315	12687	87015	47877	12	0	12	0
9.803000	238.211769	11647	12048	79483	45261	7	0	7	0
10.013000	239.509577	12422	12804	84269	48192	8	0	8	0
4.834000	241.607327	6357	6586	47234	24523	9	0	9	0
5.309000	245.254899	7211	7466	52151	27726	8	0	8	0
9.836000	246.476749	10603	10997	74057	41275	9	0	9	0
5.147000	239.973531	7117	7413	44428	27554	10	0	10	0
11.437000	241.473889	14266	14790	109661	55459	7	0	7	0
14.877000	244.635352	17213	17604	134665	66618	5	0	5	0
14.148000	244.882060	16802	17098	121572	64873	11	0	11	0
6.390000	243.535049	7706	8008	55440	29848	8	0	7	1
11.709000	245.917131	13211	13609	97427	51345	9	0	9	0
14.922000	247.231407	14340	14680	106633	55483	8	0	7	1
15.003000	249.981104	14398	14749	108522	55767	9	0	9	0
19.087000	247.183154	15033	15629	120661	58709	7	0	7	0
8.755000	250.757728	10767	11171	74372	41939	9	1	8	0
10.355000	246.935105	11995	12408	80612	46638	8	1	7	0
9.762000	245.428048	10702	11094	71758	41630	8	1	7	0
6.939000	245.030160	9592	10000	64127	37364	9	0	9	0
6.585000	245.193484	8203	8506	59465	31779	9	0	8	1
17.030000	250.696057	18053	18264	137284	69475	8	0	8	0
14.556000	248.911728	16544	16854	117666	63867	10	0	10	0
11.215000	248.092205	12879	13554	102921	50531	7	0	7	0
13.634000	253.524411	14536	14818	103943	56231	13	0	13	0
12.103000	251.923702	12936	13330	91507	50282	11	0	11	0
9.711000	254.185546	12403	12820	86279	48251	10	0	10	0
9.315000	253.442933	11741	12157	81899	45702	11	0	11	0
9.980000	252.232059	11924	12353	82460	46414	9	0	9	0
8.533000	250.614907	11294	11653	79785	43870	10	0	10	0
7.592000	249.514159	9329	9790	63742	36374	10	0	10	0
13.819000	255.199971	14959	15457	119998	58167	6	0	6	0
6.086000	251.644042	7029	7281	50814	27071	8	0	8	0
14.666000	252.039745	17177	17559	138222	66575	8	0	8	0
6.969000	259.744579	6758	7198	56453	26652	9	1	8	0
14.397000	257.788816	17130	17442	120286	66096	10	0	10	0
11.923000	255.043619	13116	13498	92674	50952	11	0	11	0
9.779000	257.034025	12041	12485	82936	46880	8	1	7	0
9.649000	253.749071	12066	12489	80130	46919	7	1	6	0
3.992000	253.075494	5509	5831	33766	21438	9	1	8	0
6.971000	254.623021	8132	8632	59922	31737	8	0	7	1
7.475000	253.814959	9523	10050	71665	37167	9	0	9	0
16.117000	253.051548	17948	18181	140621	69155	7	0	7	0
8.668000	254.915181	10865	11269	75891	42308	10	0	10	0
8.783000	265.345719	9349	9742	76837	36428	12	1	11	0
7.120000	258.940318	8306	8638	59355	32031	8	0	8	0
9.796000	260.983953	11613	11984	82115	45104	11	0	11	0
7.698000	256.299452	9178	9452	68035	35424	9	0	9	0
9.597000	257.026066	11217	11677	85490	43667	8	0	8	0
6.104000	258.137225	7423	7681	54513	28684	11	0	11	0
7.912000	261.192180	10000	10489	70000	39020	9	0	9	0
5.818000	258.053952	8101	8407	51736	31380	10	1	9	0
8.338000	259.864115	10473	10912	73440	40765	10	0	10	0
5.440000	257.970359	7968	8300	57777	30744	8	0	8	0
13.215000	263.426849	15072	15372	108911	58315	14	0	14	0
13.921000	266.712385	16508	16858	116252	63704	10	0	10	0
6.164000	260.835294	7990	8320	57537	30823	8	0	8	0
8.080000	260.531135	9611	10097	65383	37464	10	0	10	0
8.439000	260.253436	9549	10005	64903	37166	11	0	11	0
6.518000	261.963548	8087	8462	58627	31410	8	0	7	1
7.631000	259.658952	10661	11181	81455	41606	9	0	9	0
7.652000	262.280015	9329	9666	66195	35989	8	0	8	0
13.345000	267.402684	15589	15858	112705	60236	13	0	13	0
17.248000	261.262816	18076	18300	140059	69588	7	0	7	0
7.783000	270.127049	7690	8152	63886	30273	8	0	8	0
9.691000	266.400426	12225	12625	87036	47492	12	0	12	0
7.994000	263.285451	10072	10625	77392	39317	8	0	7	1
7.674000	267.654470	9946	10425	69065	38724	9	0	9	0
6.840000	264.655263	8405	8752	59988	32442	8	0	8	0
14.462000	267.895273	16060	16559	128447	62351	10	1	9	0
16.029000	267.854437	18302	18702	146822	70965	10	0	10	0
13.188000	268.216149	15530	15810	111169	60044	13	0	13	0
5.873000	267.171713	7500	7822	54721	28935	9	0	9	0
5.637000	266.275464	7905	8151	57892	30510	11	0	11	0
9.845000	274.027945	10671	11151	86680	41691	11	0	9	2
8.172000	273.673923	8611	9082	70775	33788	10	0	10	0
12.174000	271.233412	14340	14684	101357	55579	11	0	11	0
8.117000	270.535243	9930	10413	67727	38665	11	0	11	0
10.578000	271.951839	12701	13168	90067	49452	11	0	11	0
6.679000	268.715925	8976	9337	63751	34682	8	0	8	0
7.112000	268.770195	9118	9414	67264	35229	9	1	7	1
4.681000	271.013984	7215	7514	52999	27884	10	0	10	0
5.196000	269.106866	7153	7454	52691	27660	10	0	10	0
5.629000	270.273843	7154	7454	52517	27650	9	0	9	0
9.162000	274.893592	10272	10735	83620	40022	7	0	7	0
8.082000	275.850791	8393	8894	67878	33006	11	1	10	0
16.132000	276.732912	18664	18993	145728	72171	11	0	11	0
12.938000	274.540704	15510	15795	111667	59943	13	0	13	0
6.722000	269.208445	8847	9160	65282	34217	9	0	8	1
7.837000	272.674618	9474	9855	67224	36610	8	0	8	0
15.897000	277.089712	18261	18602	141633	70633	10	0	10	0
11.093000	279.064063	13693	14123	97756	53199	11	0	11	0
6.325000	272.635891	8446	8675	62718	32524	10	0	10	0
6.658000	274.196594	8771	8999	65320	33713	11	1	10	0
13.847000	284.098524	13959	14276	111300	53932	8	0	8	0
14.549000	284.423360	15207	15505	119235	58560	12	0	12	0
9.016000	279.473740	9517	10086	78443	37320	9	0	9	0
10.427000	280.315844	11212	11664	90574	43648	8	1	7	0
6.049000	278.614470	7568	7887	55802	29287	10	0	10	0
6.047000	277.890997	8010	8297	59704	30943	11	0	11	0
6.025000	280.072250	8682	8916	65222	33394	10	0	10	0
5.633000	278.591842	7576	7937	56222	29392	10	0	10	0
5.602000	277.289028	7889	8207	58682	30551	11	0	11	0
11.495000	280.241641	12404	12888	100045	48306	9	0	9	0
12.033000	282.988978	12484	12909	101071	48479	8	0	8	0
14.712000	286.717187	15248	15545	119075	58716	12	0	11	1
11.263000	284.088884	12045	12556	97343	46978	11	0	11	0
15.485000	286.921893	16440	16781	127484	63318	10	0	10	0
15.359000	285.665518	18352	18735	142586	71017	10	0	10	0
6.675000	281.205385	8461	8701	63152	32590	10	0	10	0
5.499000	279.823848	7498	7807	54826	29007	10	0	10	0
6.342000	280.757334	8029	8397	58184	31027	9	0	9	0
17.073000	284.951262	19435	19665	153674	74891	12	0	11	1
5.843000	281.429822	7807	8132	57813	30211	10	0	10	0
9.901000	288.894365	9738	10309	79913	38238	11	0	11	0
12.324000	290.139748	14107	14413	112287	54480	11	0	10	1
7.875000	287.365890	8638	9119	70605	33923	13	0	13	0
14.681000	289.407114	16008	16332	124986	61659	9	0	8	1
8.786000	284.007210	8098	8476	58503	31307	9	0	9	0
18.493000	287.398979	18645	19015	146397	72132	9	0	9	0
17.077000	287.544002	18891	19219	149360	72998	10	0	10	0
5.874000	284.875131	8111	8408	60667	31329	11	0	11	0
15.792000	291.450699	18149	18366	139312	69748	11	1	9	1
8.090000	284.801419	8721	9185	71806	34199	13	0	13	0
7.888000	292.348996	8883	9347	72892	34798	12	0	11	1
14.722000	291.945558	15985	16304	124946	61559	13	0	12	1
18.144000	289.233763	18816	19153	147085	72732	11	0	11	0
6.964000	288.186030	8497	8751	63527	32747	10	0	10	0
5.629000	286.714957	8131	8443	61090	31431	11	0	11	0
14.195000	294.569995	14455	14794	114390	55832	11	0	11	0
13.294000	290.772307	14428	14724	113438	55677	12	0	12	0
13.478000	297.017852	15687	16019	121621	60445	9	0	9	0
9.532000	292.184269	10532	11065	85924	41171	9	1	8	0
11.747000	290.349793	12852	13274	103268	49884	8	0	8	0
10.008000	296.216687	10780	11348	87463	42213	13	1	11	1
12.955000	294.531417	12775	13207	102333	49603	8	0	8	0
11.991000	296.933068	13003	13426	104150	50468	9	0	9	0
12.058000	295.012076	13406	13802	107212	51978	11	0	8	3
10.608000	294.084305	12343	12822	100098	48026	10	0	10	0
13.227000	292.248730	13413	13818	107143	51982	12	0	12	0
13.386000	295.262774	13921	14308	110922	53879	10	0	10	0
15.945000	295.602962	18593	18803	141369	71459	10	0	9	1
12.382000	294.863622	13170	13644	105721	51186	9	1	8	0
15.023000	297.325418	17045	17326	130219	65549	9	0	8	1
14.112000	301.121924	14675	14992	114898	56616	10	0	10	0
15.975000	301.914978	17151	17464	131687	65976	11	0	11	0
11.557000	298.096061	12064	12573	98127	46993	9	0	9	0
12.066000	298.747716	12945	13387	104081	50262	9	1	7	1
14.327000	300.306535	14838	15188	116374	57279	9	1	8	0
13.835000	299.552440	14661	14981	115194	56573	11	0	11	0
13.969000	299.575304	15727	16027	122070	60538	12	0	12	0
10.572000	297.852410	11910	12433	96910	46443	12	1	9	2
13.063000	299.733079	14546	14853	114354	56137	12	0	12	0
12.843000	299.598385	14640	15014	115122	56579	9	0	9	0
12.915000	304.244092	13906	14293	110583	53822	9	0	9	0
16.100000	306.282358	18541	18759	139186	71211	11	0	10	1
12.908000	301.626265	13827	14213	110029	53522	12	0	12	0
16.104000	303.359703	18590	18799	139131	71370	9	0	8	1
16.452000	302.885781	18521	18742	138794	71142	9	0	8	1
12.679000	298.246295	12754	13214	103083	49563	11	0	11	0
14.978000	305.475741	17935	18229	134431	69012	11	0	10	1
5.153000	303.676477	5871	6533	43587	23718	9	0	9	0
5.378000	305.323869	6000	6619	44291	24137	9	0	9	0
4.523000	304.214753	5475	6143	37804	22169	8	0	8	0
15.853000	307.057359	17342	17626	131432	66700	9	0	8	1
15.370000	308.162610	17937	18214	134547	68989	10	0	9	1
15.660000	304.349508	17139	17412	131079	65898	11	0	10	1
13.784000	304.440038	14184	14547	112047	54849	12	0	12	0
14.645000	309.069581	17040	17343	129097	65563	11	0	10	1
15.657000	308.609414	18548	18773	137727	71186	9	0	8	1
7.053000	311.523983	7630	8258	58156	30531	8	0	8	0
4.601000	309.459710	5927	6474	40843	23767	8	1	7	0
5.795000	308.623449	6895	7611	51332	27781	9	0	9	0
12.933000	306.769857	15197	15708	122560	59054	12	0	12	0
14.000000	314.253452	15706	16032	121455	60507	8	0	8	0
12.745000	312.375083	14251	14624	112423	55111	11	0	11	0
13.610000	313.945860	15582	15922	120420	60074	9	0	9	0
13.169000	311.244291	14542	14885	114317	56164	8	0	8	0
15.372000	311.571979	17298	17585	131635	66539	13	0	12	1
17.008000	309.380156	18931	19086	142782	72604	13	0	12	1
17.286000	311.549390	18886	19083	139387	72427	10	0	9	1
15.489000	315.055252	18703	18934	138024	71735	10	0	9	1
12.038000	309.056762	12781	13247	103354	49652	12	0	11	1
15.508000	312.231997	19078	19228	143658	73136	13	1	11	1
17.170000	314.131243	18069	18331	135869	69458	12	0	11	1
15.307000	314.796766	16707	17002	127366	64299	14	1	12	1
16.492000	316.052300	19113	19278	142704	73285	13	0	12	1
15.945000	316.760359	18331	18613	136644	70506	12	0	11	1
15.720000	313.842131	17527	17805	132472	67400	13	0	12	1
12.506000	311.057316	14235	14599	112540	55033	12	0	12	0
14.999000	317.816102	17378	17696	131994	66888	12	0	11	1
15.075000	316.040067	17876	18187	136748	68808	12	0	11	1
15.594000	314.701722	17558	17875	133764	67590	12	1	10	1
14.996000	314.924725	17319	17596	131083	66601	12	0	11	1
13.490000	317.878238	13943	14364	110613	53993	11	0	11	0
18.327000	319.827109	17076	17385	129405	65696	12	0	11	1
17.436000	319.372451	18243	18527	139670	70205	13	0	12	1
13.380000	314.639277	14973	15347	116840	57823	11	0	11	0
15.925000	317.962365	18646	18846	138465	71559	10	0	9	1
14.787000	320.889048	17459	17793	130323	67229	10	0	9	1
16.924000	319.533103	19008	19156	142851	72873	13	0	12	1
5.614000	319.163741	5944	6529	43822	23873	9	0	9	0
7.209000	316.666895	8268	8888	62722	32989	8	0	8	0
6.968000	318.539516	7941	8566	62048	31699	11	0	11	0
19.612000	320.980751	18706	18907	138810	71767	13	0	12	1
18.272000	326.373858	18720	18968	137096	71834	11	0	10	1
18.209000	325.820955	18670	18918	136925	71659	10	0	9	1
16.933000	320.717587	16798	17095	127567	64619	14	0	13	1
16.474000	322.355832	18940	19123	140473	72636	13	0	12	1
17.838000	320.459235	18478	18709	137910	70980	13	0	12	1
16.529000	322.034809	17900	18229	136858	68920	13	0	12	1
14.579000	325.987969	17384	17714	129895	66943	11	0	10	1
10.517000	322.846296	9863	10382	76504	38958	12	0	12	0
6.062000	323.293023	7040	7694	51535	28209	12	0	12	0
16.542000	326.324208	18216	18515	139365	70112	13	0	12	1
15.645000	325.596263	18483	18726	136881	70985	12	0	11	1
16.035000	325.953135	18338	18619	136175	70537	12	0	11	1
14.165000	323.518258	16974	17262	128761	65287	15	0	14	1
13.967000	321.004564	14328	14725	113055	55420	11	0	11	0
14.924000	329.019043	17398	17744	130844	66998	12	0	11	1
17.083000	327.836652	18577	18802	136681	71283	9	0	8	1
15.291000	327.088845	17528	17862	130548	67506	10	0	9	1
8.760000	330.620771	10067	10599	78532	39724	11	0	11	0
5.929000	326.724135	6403	7002	46101	25680	9	0	9	0
15.804000	333.041704	18343	18616	139959	70568	14	1	12	1
15.521000	331.287832	18947	19207	145443	72844	13	0	12	1
14.644000	333.323969	17457	17792	130211	67230	11	0	10	1
15.213000	331.591438	17922	18264	132858	69045	11	1	9	1
15.249000	327.560698	17897	18189	136429	68874	14	0	13	1
16.350000	331.953028	19056	19325	146283	73262	12	0	11	1
7.805000	333.313871	7685	8321	58505	30718	11	0	11	0
7.656000	330.633214	8867	9473	66577	35268	9	0	9	0
12.306000	327.394759	14717	15157	116292	57136	12	0	12	0
7.006000	329.472164	8538	9173	64505	34037	8	0	8	0
16.484000	338.687609	18697	18945	136244	71753	11	0	10	1
15.265000	333.842652	17927	18246	132690	69027	10	0	9	1
16.775000	337.399221	19322	19564	148466	74243	12	0	11	1
15.753000	336.243980	17450	17797	130675	67209	12	0	11	1
15.117000	335.832764	17594	17957	132983	67772	12	0	11	1
15.852000	336.690858	18235	18573	139531	70186	13	0	12	1
15.500000	332.380912	18360	18675	140656	70648	13	0	11	2
14.230000	334.464149	17222	17536	129112	66272	12	0	11	1
12.993000	330.634054	15286	15785	119647	59438	10	0	10	0
11.587000	332.540168	14269	14657	111001	55380	14	0	14	0
14.604000	338.470567	17530	17852	130180	67487	10	0	9	1
14.711000	339.955407	17276	17603	129592	66499	13	1	11	1
15.348000	337.575392	18250	18575	139676	70236	13	0	12	1
11.831000	338.857677	13884	14278	106758	53952	10	0	10	0
8.128000	337.104407	8600	9241	64489	34282	8	0	8	0
5.906000	339.023686	7155	7862	52293	28757	10	1	9	0
10.372000	335.411703	11891	12320	90050	46454	11	0	11	0
6.329000	340.470561	7141	7790	50907	28587	10	0	10	0
8.541000	337.869011	10421	10898	80003	40995	13	0	13	0
7.336000	340.984643	7524	8163	55813	30077	12	0	12	0
15.520000	341.542751	18478	18803	141518	71109	13	0	12	1
15.968000	344.552319	17386	17728	129813	66946	13	0	12	1
5.529000	341.828251	6551	7095	45701	26143	10	0	10	0
5.758000	342.496176	7198	7891	52159	28879	11	1	10	0
7.293000	343.483805	8573	9145	64846	34036	12	0	12	0
8.046000	341.378658	8612	9177	64633	34184	12	0	12	0
6.638000	343.410705	7668	8281	56737	30577	12	1	11	0
9.172000	342.990746	10471	10962	79799	41191	12	0	12	0
7.106000	340.214526	8455	9057	63169	33635	10	0	10	0
7.310000	342.385812	7827	8439	58760	31197	13	0	13	0
16.712000	346.051580	18292	18649	139560	70422	13	0	12	1
16.225000	345.051142	17900	18236	132534	68953	14	1	12	1
11.943000	343.331233	14207	14576	109262	55136	13	0	13	0
10.698000	346.023724	13298	13687	102026	51688	13	0	13	0
10.008000	344.082364	11548	11960	88505	45149	13	0	13	0
12.338000	346.126406	14911	15325	116084	57807	14	0	14	0
9.132000	346.335094	9614	10133	73731	37987	13	0	13	0
11.792000	344.719189	13167	13555	102450	51195	14	0	14	0
6.663000	345.527163	7827	8439	58952	31197	13	0	13	0
7.370000	344.614327	8747	9351	65824	34752	11	0	11	0
16.679000	349.855999	18263	18590	138868	70281	14	0	13	1
18.650000	348.973616	18345	18697	140559	70613	14	1	12	1
16.161000	346.293965	17844	18190	132044	68747	12	0	11	1
15.537000	347.993396	17794	18146	130995	68559	10	0	9	1
13.488000	345.853733	15887	16344	123878	61610	13	0	13	0
16.196000	345.627154	18218	18651	142860	70508	13	0	13	0
9.414000	348.246933	10867	11321	83988	42653	13	0	13	0
12.837000	347.649555	14828	15233	115540	57474	15	0	15	0
7.376000	350.491308	7243	7941	54043	29057	13	1	12	0
6.079000	348.452522	6980	7618	51633	27947	12	0	12	0
16.157000	349.447589	18502	18817	141537	71191	14	0	13	1
15.876000	350.004765	18689	18995	143080	71897	16	0	15	1
14.635000	350.852325	17533	17902	131595	67551	15	0	14	1
15.541000	355.910074	18189	18540	137780	70031	13	1	11	1
7.912000	352.446391	8747	9351	64379	34752	9	0	9	0
6.034000	353.300400	7300	7973	53248	29249	11	0	11	0
7.730000	354.522151	8751	9321	67537	34722	14	0	14	0
11.544000	350.872918	14233	14599	111339	55224	15	0	15	0
7.542000	357.275227	8227	8812	62762	32706	13	0	13	0

