0.004000	3.605551	0	0	0	1	0	0	0	0
0.001000	2.828427	0	0	0	1	0	0	0	0
0.001000	3.162278	0	0	0	1	0	0	0	0
0.001000	3.605551	0	0	0	1	0	0	0	0
0.001000	2.000000	0	0	0	1	0	0	0	0
0.001000	3.000000	0	0	0	1	0	0	0	0
0.001000	1.414214	0	0	0	1	0	0	0	0
0.001000	2.000000	0	0	0	1	0	0	0	0
0.001000	2.000000	0	0	0	1	0	0	0	0
0.001000	3.605551	0	0	0	1	0	0	0	0
0.001000	5.385165	0	0	0	1	0	0	0	0
0.001000	6.403124	0	0	0	1	0	0	0	0
0.001000	4.123106	0	0	0	1	0	0	0	0
0.001000	6.000000	0	0	0	1	0	0	0	0
0.001000	7.280110	0	0	0	1	0	0	0	0
0.001000	5.385165	0	0	0	1	0	0	0	0
0.001000	4.000000	0	0	0	1	0	0	0	0
0.001000	4.000000	0	0	0	1	0	0	0	0
0.000000	7.071068	0	0	0	1	0	0	0	0
0.001000	7.071068	0	0	0	1	0	0	0	0
0.001000	9.486833	0	0	0	1	0	0	0	0
0.001000	8.602325	0	0	0	1	0	0	0	0
0.001000	9.000000	0	0	0	1	0	0	0	0
0.001000	10.440307	0	0	0	1	0	0	0	0
0.001000	10.198039	0	0	0	1	0	0	0	0
0.001000	8.602325	0	0	0	1	0	0	0	0
0.001000	8.062258	0	0	0	1	0	0	0	0
0.001000	10.295630	0	0	0	1	0	0	0	0
0.001000	7.810250	0	0	0	1	0	0	0	0
0.000000	8.062258	0	0	0	1	0	0	0	0
0.001000	13.000000	0	0	0	1	0	0	0	0
0.001000	13.038405	0	0	0	1	0	0	0	0
0.001000	15.132746	0	0	0	1	0	0	0	0
0.001000	13.038405	0	0	0	1	0	0	0	0
0.001000	12.727922	0	0	0	1	0	0	0	0
0.001000	15.000000	0	0	0	1	0	0	0	0
0.001000	12.041595	0	0	0	1	0	0	0	0
0.001000	12.369317	0	0	0	1	0	0	0	0
0.001000	15.033296	0	0	0	1	0	0	0	0
0.001000	11.661904	0	0	0	1	0	0	0	0
0.001000	17.464249	0	0	0	1	0	0	0	0
0.029000	15.193485	5	27	37	47	1	0	1	0
0.001000	16.552945	0	0	0	1	0	0	0	0
0.001000	18.027756	0	0	0	1	0	0	0	0
0.001000	16.492423	0	0	0	1	0	0	0	0
0.001000	18.110770	0	0	0	1	0	0	0	0
0.022000	17.066689	9	30	60	52	2	0	2	0
0.017000	17.841397	5	25	35	42	1	0	1	0
0.001000	16.278821	0	0	0	1	0	0	0	0
0.001000	16.124515	0	0	0	1	0	0	0	0
0.012000	22.000330	5	16	17	27	1	0	1	0
0.016000	20.901047	5	27	36	41	2	0	2	0
0.001000	20.223748	0	0	0	1	0	0	0	0
0.001000	23.000000	0	0	0	1	0	0	0	0
0.000000	19.416488	0	0	0	1	0	0	0	0
0.001000	22.803509	0	0	0	1	0	0	0	0
0.001000	19.849433	0	0	0	1	0	0	0	0
0.017000	21.672538	7	28	51	35	2	0	2	0
0.001000	21.023796	0	0	0	1	0	0	0	0
0.024000	20.046897	5	31	49	47	1	0	1	0
0.047000	26.248931	3	57	64	72	1	0	1	0
0.020000	24.280110	5	36	42	44	1	0	1	0
0.030000	24.836419	6	50	46	79	2	0	2	0
0.001000	25.495098	0	0	0	1	0	0	0	0
0.000000	27.073973	0	0	0	1	0	0	0	0
0.001000	25.179357	0	0	0	1	0	0	0	0
0.001000	24.515301	0	0	0	1	0	0	0	0
0.001000	25.961510	0	0	0	1	0	0	0	0
0.001000	24.186773	0	0	0	1	0	0	0	0
0.000000	24.166092	0	0	0	1	0	0	0	0
0.001000	28.861739	0	0	0	1	0	0	0	0
0.030000	27.898009	13	43	73	90	3	0	3	0
0.001000	28.844410	0	0	0	1	0	0	0	0
0.033000	28.049245	5	50	49	77	1	0	1	0
0.002000	30.479501	0	0	0	1	0	0	0	0
0.029000	28.687354	6	50	65	87	2	0	2	0
0.041000	28.730919	6	42	64	83	1	0	1	0
0.029000	25.958217	9	41	57	80	3	0	3	0
0.000000	29.154759	0	0	0	1	0	0	0	0
0.001000	30.000000	0	0	0	1	0	0	0	0
0.027000	32.918896	5	50	45	79	1	0	1	0
0.021000	32.712377	8	38	49	71	3	0	3	0
0.001000	32.649655	0	0	0	1	0	0	0	0
0.043000	31.080305	13	55	116	110	3	0	3	0
0.000000	31.320920	0	0	0	1	0	0	0	0
0.019000	30.588614	8	34	60	55	1	0	1	0
0.002000	33.541020	0	0	0	1	0	0	0	0
0.001000	30.232433	0	0	0	1	0	0	0	0
0.017000	30.204055	10	34	63	50	3	0	3	0
0.001000	31.320920	0	0	0	1	0	0	0	0
0.001000	36.000000	0	0	0	1	0	0	0	0
0.038000	33.426847	14	63	137	119	3	0	3	0
0.000000	35.902646	0	0	0	1	0	0	0	0
0.026000	35.649886	9	49	64	93	2	0	2	0
0.001000	36.069378	0	0	0	1	0	0	0	0
0.031000	36.364649	5	63	77	74	1	0	1	0
0.018000	36.215648	8	34	64	54	1	0	1	0
0.001000	36.055513	0	0	0	1	0	0	0	0
0.020000	36.643317	7	39	75	63	1	0	1	0
0.034000	35.242008	6	58	80	86	1	0	1	0
0.012000	39.426739	9	22	36	38	3	0	3	0
0.042000	39.913676	10	48	88	88	3	0	3	0
0.043000	39.719321	15	65	136	117	2	0	2	0
0.005000	42.107007	0	0	0	1	0	0	0	0
0.029000	40.379448	8	42	75	62	1	0	1	0
0.004000	40.311289	0	0	0	1	0	0	0	0
0.027000	38.205635	6	39	59	61	2	0	2	0
0.014000	40.968982	7	34	56	52	1	0	1	0
0.018000	39.981209	5	30	45	49	2	0	2	0
0.026000	38.134553	10	48	98	84	4	0	4	0
0.051000	45.559804	18	43	108	92	1	0	1	0
0.023000	46.124784	8	40	55	59	1	0	1	0
0.038000	46.317351	9	59	96	97	1	0	1	0
0.001000	46.690470	0	0	0	1	0	0	0	0
0.035000	42.638498	12	50	109	102	2	0	2	0
0.042000	43.839688	11	53	116	128	2	0	2	0
0.031000	39.774893	15	58	122	112	3	0	3	0
0.001000	44.147480	0	0	0	1	0	0	0	0
0.026000	42.850566	6	58	51	70	1	0	1	0
0.029000	41.658272	5	53	54	69	1	0	1	0
0.017000	46.140523	18	28	34	56	4	0	4	0
0.013000	44.104847	15	28	44	48	4	0	4	0
0.002000	46.690470	0	0	0	1	0	0	0	0
0.038000	47.315154	8	53	101	91	2	0	1	1
0.021000	45.851037	9	45	59	72	2	0	2	0
0.018000	47.666829	13	36	89	55	2	0	1	1
0.020000	48.648694	13	46	80	77	3	0	2	1
0.018000	50.160453	13	46	82	77	1	0	1	0
0.026000	46.309969	8	56	69	87	2	0	1	1
0.024000	48.351424	6	48	56	72	1	0	1	0
0.017000	49.941211	16	33	42	57	4	0	4	0
0.018000	51.313723	5	32	57	52	1	0	1	0
0.024000	51.333715	5	59	48	65	1	0	1	0
0.026000	50.068884	8	51	64	89	1	0	1	0
0.023000	50.791941	9	43	83	54	1	0	1	0
0.027000	50.083218	9	59	65	87	2	0	2	0
0.036000	50.283733	10	65	80	94	1	0	1	0
0.020000	50.672425	11	41	75	61	1	0	1	0
0.026000	50.505406	18	51	113	102	2	0	2	0
0.033000	51.579739	12	65	101	104	3	0	3	0
0.020000	53.558296	13	40	60	69	4	0	4	0
0.036000	55.014095	17	49	71	88	3	0	3	0
0.001000	57.384667	0	0	0	1	0	0	0	0
0.039000	55.286447	20	79	121	145	3	0	3	0
0.002000	55.901699	0	0	0	1	0	0	0	0
0.025000	54.562425	20	53	129	102	3	0	2	1
0.022000	57.245158	12	45	92	71	1	0	1	0
0.035000	55.759833	7	71	73	98	1	0	1	0
0.033000	50.910216	16	64	94	127	2	0	2	0
0.001000	54.424259	0	0	0	1	0	0	0	0
0.084000	61.152946	14	67	167	124	1	0	1	0
0.007000	57.706152	0	0	0	1	0	0	0	0
0.048000	54.680701	14	64	125	122	5	0	5	0
0.030000	59.641062	10	52	80	84	2	0	2	0
0.038000	57.992438	17	60	111	135	5	0	5	0
0.021000	60.990966	7	44	63	63	2	0	2	0
0.039000	59.841698	6	53	70	88	1	0	1	0
0.040000	57.964850	14	70	114	104	1	0	1	0
0.035000	57.900373	20	62	134	119	3	0	2	1
0.021000	60.016664	0	0	0	1	0	0	0	0
0.038000	61.029648	9	56	97	115	1	0	1	0
0.032000	62.698291	11	55	92	113	2	0	2	0
0.023000	63.853721	10	48	72	94	1	0	1	0
0.001000	65.192024	0	0	0	1	0	0	0	0
0.035000	58.886419	24	58	138	142	4	0	4	0
0.034000	60.838760	10	70	93	108	2	0	2	0
0.002000	61.522354	0	0	0	1	0	0	0	0
0.042000	60.400593	28	67	217	177	4	0	4	0
0.035000	59.939280	24	65	156	159	2	0	2	0
0.039000	62.401618	15	65	104	131	4	0	4	0
0.031000	67.283776	17	58	87	108	5	0	5	0
0.002000	63.788714	0	0	0	1	0	0	0	0
0.040000	63.193112	14	77	114	132	3	0	3	0
0.026000	64.742948	10	39	61	61	3	0	2	1
0.026000	66.732605	11	51	92	104	1	0	1	0
0.027000	65.686720	16	51	115	117	2	0	2	0
0.027000	64.792164	13	53	118	79	3	0	3	0
0.002000	71.028163	0	0	0	1	0	0	0	0
0.028000	67.868843	19	51	116	105	1	0	1	0
0.023000	66.491377	7	41	59	63	3	0	3	0
0.030000	69.158821	17	67	74	110	3	0	2	1
0.039000	71.224146	15	58	140	91	2	0	2	0
0.045000	66.152439	28	78	169	180	4	0	4	0
0.050000	66.095217	24	81	153	183	5	0	5	0
0.034000	69.515291	14	58	137	117	2	0	1	1
0.001000	71.021124	0	0	0	1	0	0	0	0
0.040000	68.486342	20	72	140	157	3	0	3	0
0.056000	67.782808	27	89	194	212	4	0	4	0
0.047000	69.563835	28	94	174	198	2	0	2	0
0.019000	68.046955	8	38	40	49	2	0	2	0
0.025000	72.699018	15	61	59	92	5	0	5	0
0.000000	71.425595	28	89	268	208	6	0	5	1
0.027000	71.093393	19	71	159	145	7	0	7	0
0.033000	74.681329	17	66	152	139	2	0	2	0
0.023000	72.125584	8	49	71	77	2	0	2	0
0.020000	72.860028	10	49	101	71	2	0	2	0
0.022000	77.610767	9	48	64	77	3	0	3	0
0.051000	70.601386	36	90	181	202	4	0	4	0
0.020000	71.897034	16	45	123	76	2	0	2	0
0.002000	74.518454	0	0	0	1	0	0	0	0
0.026000	75.784061	19	63	73	101	3	0	3	0
0.045000	74.574762	18	58	50	90	6	0	6	0
0.035000	76.063679	14	42	79	61	2	0	2	0
0.036000	76.505192	16	55	112	108	3	0	2	1
0.056000	73.952566	26	88	160	179	6	0	6	0
0.019000	80.386830	8	50	66	74	2	0	2	0
0.047000	74.048286	37	91	201	201	4	0	4	0
0.052000	75.612708	52	97	244	237	7	0	7	0
0.025000	77.574009	23	58	150	94	4	0	3	1
0.031000	76.040652	8	63	76	85	2	0	2	0
0.020000	84.066144	6	38	40	60	1	0	1	0
0.053000	78.410343	36	91	293	220	6	0	5	1
0.037000	82.799335	17	70	139	140	4	0	4	0
0.018000	82.129336	14	44	91	67	3	0	3	0
0.037000	80.856600	15	80	115	138	3	0	3	0
0.053000	79.046509	55	103	295	236	6	0	6	0
0.036000	82.114773	20	70	158	152	4	0	3	1
0.016000	83.207956	8	50	79	78	2	0	2	0
0.000000	80.143670	13	67	110	115	2	0	2	0
0.000000	80.174130	31	64	166	155	4	0	4	0
0.000000	82.044332	17	62	55	92	3	0	3	0
0.000000	83.956520	32	59	158	143	7	0	7	0
0.000000	86.743302	21	59	174	127	3	0	1	2
0.000000	81.209989	46	119	395	299	6	0	4	2
0.023000	84.228230	17	51	98	89	4	0	4	0
0.032000	83.454428	18	68	144	134	6	0	6	0
0.064000	83.366562	64	117	359	290	6	0	6	0
0.035000	82.070090	25	77	179	161	6	0	6	0
0.022000	84.946969	20	56	133	94	1	0	1	0
0.017000	84.332970	14	40	92	56	2	0	2	0
0.018000	89.604695	16	48	58	78	2	0	1	1
0.022000	87.418777	16	59	58	93	3	0	1	2
0.026000	88.024955	29	55	118	131	9	0	9	0
0.022000	89.190901	12	49	87	67	2	0	2	0
0.048000	86.798774	29	94	207	220	6	0	5	1
0.030000	91.530385	13	62	87	111	4	0	4	0
0.030000	88.001426	20	66	177	133	4	0	4	0
0.029000	88.557335	19	58	123	110	3	0	3	0
0.054000	85.680291	36	107	288	246	5	0	5	0
0.032000	86.798179	15	68	118	123	3	0	3	0
0.020000	93.392828	14	50	56	81	5	0	4	1
0.023000	88.671377	27	53	91	123	7	0	7	0
0.002000	91.782351	0	0	0	1	0	0	0	0
0.083000	95.132776	35	103	253	304	4	0	4	0
0.031000	89.600081	22	54	145	119	4	0	1	3
0.033000	90.684308	22	64	180	144	3	0	2	1
0.031000	94.785413	10	63	110	88	4	0	3	1
0.046000	89.822664	28	85	201	185	8	0	8	0
0.063000	91.395725	50	120	263	264	4	0	4	0
0.027000	91.658267	25	62	166	101	4	0	1	3
0.071000	96.870574	29	88	256	249	3	0	2	1
0.035000	98.750568	9	71	91	99	2	0	1	1
0.031000	95.044767	18	65	173	111	3	0	3	0
0.044000	93.528205	24	84	147	168	3	0	3	0
0.063000	94.871125	40	106	206	219	5	0	4	1
0.037000	97.345930	12	66	116	102	3	0	1	2
0.044000	95.890183	25	81	176	169	4	0	4	0
0.054000	95.869570	47	104	242	222	5	0	4	1
0.037000	93.997938	28	66	208	122	4	0	1	3
0.035000	98.097909	25	62	130	123	4	0	4	0
0.017000	99.168255	13	39	56	64	5	0	4	1
0.017000	102.401754	13	50	64	80	2	0	2	0
0.000000	96.280999	57	132	505	368	6	0	5	1
0.058000	97.815968	29	94	225	238	5	0	4	1
0.038000	102.405793	16	63	137	103	3	0	3	0
0.080000	97.538912	42	121	310	291	4	0	4	0
0.065000	102.513745	19	64	161	121	4	0	4	0
0.069000	98.745128	24	93	161	170	3	0	3	0
0.107000	98.957197	77	132	378	346	6	0	6	0
0.064000	98.776859	49	100	232	232	5	0	4	1
0.032000	103.902324	29	61	153	127	5	0	4	1
0.035000	102.616709	28	64	105	129	6	0	6	0
0.003000	101.651365	0	0	0	1	0	0	0	0
0.098000	101.071669	59	129	437	377	6	0	4	2
0.082000	101.063157	52	112	397	313	8	0	5	3
0.029000	107.245585	19	63	158	118	4	0	4	0
0.082000	103.543616	51	127	394	327	5	0	4	1
0.032000	103.523440	12	70	116	104	4	0	3	1
0.043000	102.915876	43	87	254	166	5	0	3	2
0.041000	105.165835	28	85	206	169	4	0	4	0
0.031000	106.069378	32	61	128	140	6	0	6	0
0.018000	109.447115	12	60	67	85	3	0	3	0
0.082000	110.276711	51	104	358	322	4	0	3	1
0.106000	109.371105	89	132	488	463	5	0	5	0
0.043000	106.371624	27	83	197	209	4	0	3	1
0.076000	105.839046	76	127	361	301	4	0	4	0
0.057000	105.453050	40	106	263	260	7	0	7	0
0.042000	105.488608	30	89	224	186	5	0	4	1
0.045000	108.399876	31	90	253	198	4	0	4	0
0.048000	105.627992	46	98	283	226	6	0	6	0
0.045000	115.628123	28	82	154	171	6	0	6	0
0.046000	109.142275	13	71	129	121	1	0	1	0
0.042000	110.924732	20	81	171	156	5	0	4	1
0.077000	109.462764	75	131	377	295	4	0	4	0
0.041000	113.471251	19	83	120	121	6	0	6	0
0.070000	110.588144	64	136	337	314	4	0	4	0
0.056000	108.325003	54	99	295	219	6	0	2	4
0.071000	111.725719	71	136	351	308	3	0	3	0
0.087000	110.426708	92	148	463	402	4	0	4	0
0.098000	109.971005	95	146	517	395	4	0	3	1
0.036000	112.699897	34	72	163	161	5	0	4	1
0.050000	118.721422	39	90	206	206	5	0	5	0
0.035000	115.036974	33	78	159	161	5	0	5	0
0.035000	115.658576	10	70	97	111	1	0	1	0
0.085000	113.297672	67	116	450	381	3	0	3	0
0.043000	112.876770	22	79	148	153	4	0	3	1
0.056000	113.038110	36	102	193	195	3	0	3	0
0.070000	116.832385	76	120	374	289	5	0	5	0
0.040000	114.841281	17	91	152	160	3	0	1	2
0.070000	112.350748	68	134	349	322	4	0	4	0
0.028000	117.711463	33	63	157	146	7	0	6	1
0.043000	122.131945	29	88	184	180	4	0	4	0
0.034000	118.265240	28	79	139	159	5	0	5	0
0.022000	115.550268	18	63	70	90	7	0	7	0
0.097000	118.462831	86	141	645	416	7	0	6	1
0.038000	117.224908	24	92	269	169	5	0	4	1
0.042000	121.432298	20	95	154	146	5	0	5	0
0.049000	121.483354	39	105	235	199	5	0	5	0
0.037000	118.655578	14	88	139	133	3	0	2	1
0.067000	121.852042	72	114	358	308	4	0	4	0
0.026000	122.030713	19	64	78	97	4	0	4	0
0.027000	120.798695	22	67	101	108	4	0	4	0
0.036000	122.611028	35	76	185	167	7	0	7	0
0.027000	123.027748	36	71	173	161	8	0	7	1
0.048000	123.889063	22	103	203	182	5	0	5	0
0.035000	126.128237	14	73	72	107	3	0	3	0
0.053000	123.406427	46	94	308	222	4	0	4	0
0.065000	122.128808	54	119	343	314	5	0	4	1
0.042000	120.259508	29	89	258	188	5	0	4	1
0.061000	119.325466	47	130	383	294	6	0	5	1
0.033000	127.803563	40	72	198	169	10	0	9	1
0.049000	129.902111	34	91	200	195	4	0	4	0
0.033000	123.486156	32	70	147	143	5	0	3	2
0.030000	126.996355	29	77	149	147	8	0	8	0
0.060000	127.453907	47	107	241	277	8	0	8	0
0.039000	127.657866	27	77	135	162	4	0	2	2
0.077000	124.250278	39	134	333	296	7	0	7	0
0.043000	127.482943	30	96	274	194	5	0	4	1
0.069000	122.090147	61	131	355	308	4	0	4	0
0.072000	124.762544	90	129	409	306	6	0	4	2
0.043000	131.045770	27	75	124	157	5	0	4	1
0.032000	136.158292	15	62	72	105	3	0	3	0
0.051000	130.187274	25	111	234	203	6	0	6	0
0.042000	131.620240	18	91	152	136	5	0	5	0
0.053000	131.239170	43	104	277	222	4	0	4	0
0.094000	127.189711	78	155	527	434	6	0	5	1
0.073000	126.073570	68	135	403	364	5	0	5	0
0.076000	128.045694	89	138	441	383	4	0	4	0
0.044000	130.012167	39	108	243	174	5	0	3	2
0.090000	127.218013	94	149	451	359	5	0	5	0
0.030000	135.087270	22	66	103	108	4	0	4	0
0.039000	133.512549	38	84	194	191	6	0	5	1
0.047000	130.876427	28	87	142	169	4	0	3	1
0.046000	135.653435	25	94	159	185	4	0	4	0
0.055000	135.169365	39	105	281	205	4	0	4	0
0.044000	132.143549	37	93	287	199	5	0	5	0
0.542000	133.725751	59	116	332	269	6	0	5	1
0.068000	131.024263	64	123	365	297	6	0	6	0
0.054000	131.577520	35	92	269	172	5	0	1	4
0.054000	131.942192	38	104	223	231	3	0	2	1
0.056000	137.202097	59	108	301	270	6	0	6	0
0.031000	132.874530	35	72	153	153	6	0	4	2
0.041000	137.480365	38	84	204	196	8	0	8	0
0.047000	140.760743	38	93	223	222	7	0	6	1
0.034000	136.118108	38	72	165	164	8	0	8	0
0.040000	137.609497	24	79	119	142	3	0	2	1
0.002000	137.988644	16	76	155	126	4	0	4	0
0.000000	137.505504	140	209	887	651	8	0	8	0
0.000000	142.909737	25	105	178	170	4	0	4	0
0.000000	140.841168	41	94	323	227	5	0	4	1
0.032000	140.680147	47	99	242	234	8	0	8	0
0.052000	138.503246	52	108	261	252	6	0	6	0
0.044000	141.827384	49	99	249	240	6	0	6	0
0.027000	145.465353	14	60	60	87	2	0	1	1
0.103000	137.620094	95	146	652	461	7	0	6	1
0.046000	143.628338	21	99	202	172	5	0	5	0
0.044000	140.363612	36	95	223	168	5	0	5	0
0.157000	143.368437	153	224	977	684	8	0	7	1
0.062000	142.527796	40	135	310	252	4	0	4	0
0.045000	145.777893	39	91	252	189	4	0	2	2
0.034000	142.452208	35	80	171	150	7	0	7	0
0.031000	144.206631	33	83	174	153	6	0	6	0
0.026000	147.228297	22	66	105	108	4	0	4	0
0.051000	149.892775	45	100	270	234	4	0	3	1
0.058000	142.386327	60	109	285	261	7	0	7	0
0.042000	145.010970	43	90	230	206	5	0	4	1
0.031000	143.931364	31	78	174	144	10	0	9	1
0.053000	142.482522	24	108	231	204	5	0	5	0
0.057000	142.483361	43	128	333	282	4	0	4	0
0.069000	144.070833	64	139	487	324	7	0	6	1
0.052000	147.376080	55	110	311	256	6	0	6	0
0.039000	151.051209	34	82	212	157	6	0	5	1
0.045000	146.704822	26	83	122	151	4	0	1	3
0.026000	149.821466	13	62	61	91	4	0	3	1
0.036000	151.827812	20	80	134	131	5	0	5	0
0.059000	151.853242	29	125	274	226	6	0	6	0
0.036000	150.190768	20	85	177	144	6	0	5	1
0.093000	149.591203	92	165	620	465	5	0	5	0
0.051000	150.186895	42	117	324	247	6	0	5	1
0.073000	149.565190	71	152	547	362	7	0	6	1
0.047000	155.765419	23	88	135	159	5	0	5	0
0.036000	154.446674	33	88	217	164	8	0	7	1
0.034000	153.247458	35	92	226	168	7	0	6	1
0.028000	148.879387	33	83	191	158	10	0	9	1
0.038000	155.993991	13	74	149	118	4	0	4	0
0.067000	149.794697	76	118	390	259	9	0	9	0
0.171000	149.297888	59	125	421	372	5	0	5	0
0.102000	154.860804	51	109	390	267	6	0	5	1
0.102000	151.076355	73	160	530	367	7	0	6	1
0.074000	153.283225	87	136	470	343	6	0	3	3
0.035000	158.143376	32	84	206	162	8	0	8	0
0.048000	157.263689	44	92	278	216	8	0	7	1
0.038000	159.443199	27	76	125	144	4	0	1	3
0.062000	158.289790	37	99	312	267	5	0	5	0
0.029000	156.022231	19	80	175	126	6	0	5	1
0.029000	155.628906	21	79	187	145	7	0	6	1
0.095000	157.155398	92	159	652	435	8	0	7	1
0.033000	158.151195	18	77	171	141	5	0	3	2
0.051000	159.657107	136	220	906	708	4	0	4	0
0.000000	155.460755	32	85	221	158	6	0	2	4
0.000000	167.482874	23	66	130	135	3	0	3	0
0.000000	166.880457	24	77	142	150	6	0	5	1
0.056000	163.781027	65	102	353	262	7	0	7	0
0.118000	158.680540	100	166	706	491	7	0	6	1
0.064000	164.567583	75	114	414	280	7	0	7	0
0.069000	161.247341	44	107	364	246	6	0	5	1
0.148000	160.360054	114	201	735	564	6	0	5	1
0.138000	157.628714	108	192	705	520	6	0	5	1
0.108000	159.350529	98	176	643	455	8	0	5	3
0.082000	160.912860	70	120	398	295	6	0	6	0
0.053000	165.731773	45	93	298	219	9	0	8	1
0.050000	168.287536	47	96	269	208	8	0	8	0
0.054000	166.904212	39	93	214	209	8	0	7	1
0.097000	163.136402	96	153	459	355	8	0	6	2
0.094000	164.485788	102	153	442	363	8	0	7	1
0.140000	165.132169	151	212	919	692	7	0	4	3
0.132000	162.602195	35	88	256	162	4	0	4	0
0.117000	162.486672	114	181	752	554	7	0	6	1
0.106000	164.535610	113	168	767	506	8	0	7	1
0.144000	165.028064	145	213	875	673	7	0	4	3
0.094000	171.269819	62	148	431	374	7	0	7	0
0.043000	164.446124	45	88	272	199	7	0	4	3
0.053000	169.980489	47	112	306	248	7	0	6	1
0.110000	169.868580	79	132	557	464	6	0	5	1
0.107000	172.843952	97	138	670	521	5	0	5	0
0.094000	168.166893	100	156	454	363	8	0	7	1
0.032000	168.124499	21	84	199	133	6	0	4	2
0.176000	168.149783	183	263	1184	860	8	0	7	1
0.128000	168.522962	128	208	836	606	6	0	5	1
0.132000	168.026018	131	201	800	608	6	0	5	1
0.055000	175.004938	64	99	327	253	8	0	8	0
0.046000	170.619236	57	99	360	232	8	0	7	1
0.045000	170.044689	52	94	305	228	6	0	4	2
0.049000	175.396948	36	98	186	214	4	0	2	2
0.033000	173.820510	28	83	189	173	5	0	5	0
0.000000	170.577745	54	106	316	243	6	0	5	1
0.105000	172.302237	73	132	518	447	5	0	5	0
0.053000	172.218052	38	101	303	244	5	0	4	1
0.203000	170.659321	207	270	1281	908	9	0	8	1
0.050000	169.967701	31	97	264	222	5	0	3	2
0.049000	177.244413	55	95	286	230	5	0	5	0
0.048000	179.241621	58	99	318	242	6	0	6	0
0.095000	176.039934	83	152	510	454	7	0	6	1
0.053000	176.046455	48	106	285	245	6	0	5	1
0.043000	175.687439	29	81	149	154	4	0	1	3
0.048000	177.800607	61	97	289	242	7	0	7	0
0.041000	175.913667	28	91	170	167	6	0	5	1
0.084000	175.102406	68	150	463	418	10	0	10	0
0.079000	172.514115	89	148	479	365	11	0	10	1
0.186000	177.466769	188	253	1141	828	8	0	7	1
0.063000	179.443700	50	125	314	276	7	0	6	1
0.085000	182.103108	75	145	454	420	6	0	5	1
0.093000	179.586553	84	152	541	445	7	0	6	1
0.041000	179.684592	47	96	286	222	10	0	8	2
0.741000	179.245874	52	100	308	229	7	0	5	2
0.056000	178.773425	55	101	336	218	7	0	4	3
0.051000	180.859984	28	96	160	174	4	0	3	1
0.110000	180.715795	94	162	571	483	10	0	9	1
0.097000	181.285777	84	132	551	313	9	0	7	2
0.061000	175.596046	72	116	503	289	7	0	6	1
0.100000	185.287997	85	157	537	467	6	0	5	1
0.040000	180.389099	46	96	288	187	6	0	5	1
0.043000	185.669197	29	92	192	173	6	0	5	1
0.090000	186.505109	76	155	503	432	4	0	3	1
0.094000	186.626843	109	161	612	408	8	0	8	0
0.081000	182.985363	102	149	478	347	9	0	9	0
0.069000	182.897427	58	120	423	287	5	0	4	1
0.055000	182.648036	68	106	381	265	5	0	5	0
0.072000	178.819815	87	138	448	342	9	0	8	1
0.024000	183.467335	73	132	520	457	6	0	6	0
0.046000	192.556072	29	104	196	189	7	0	7	0
0.039000	185.914900	46	93	277	183	8	0	5	3
0.092000	188.533320	80	152	525	446	7	0	6	1
0.093000	189.110591	80	131	548	453	7	0	6	1
0.076000	184.918091	100	140	604	360	8	0	7	1
0.059000	184.932577	66	121	452	276	7	0	5	2
0.067000	183.390745	73	118	453	298	7	0	4	3
0.052000	186.335352	39	95	296	214	6	0	3	3
0.079000	189.069470	75	132	538	358	7	0	4	3
0.127000	188.909300	115	159	707	558	6	0	5	1
0.095000	192.202098	71	160	515	437	7	0	7	0
0.051000	192.908463	36	113	238	216	6	0	6	0
0.051000	194.322677	41	120	260	235	6	0	6	0
0.163000	194.034633	168	230	1093	735	6	0	6	0
0.072000	187.440643	89	132	530	329	7	0	6	1
0.070000	187.919122	63	117	417	309	6	0	3	3
0.094000	190.201699	64	165	612	422	9	0	9	0
0.045000	193.980331	33	102	245	205	8	0	6	2
0.069000	191.499630	64	126	455	296	5	0	4	1
0.083000	188.049162	89	157	502	381	10	0	8	2
0.130000	197.119112	107	174	667	562	9	0	9	0
0.062000	194.192944	54	129	386	303	6	0	6	0
0.067000	198.752731	51	126	369	332	7	0	7	0
0.059000	195.955901	35	92	192	198	5	0	3	2
0.058000	198.217763	42	119	257	253	5	0	4	1
0.107000	197.359225	102	166	646	508	7	0	5	2
0.083000	195.129549	74	148	489	412	5	0	3	2
0.085000	198.858100	77	149	509	435	7	0	6	1
0.045000	196.517441	32	110	242	203	5	0	4	1
0.000000	194.413524	113	163	748	569	5	0	5	0
0.000000	198.295452	38	105	211	222	5	0	3	2
0.000000	201.401796	68	137	448	399	7	0	7	0
0.072000	199.956756	91	123	441	343	8	0	8	0
0.056000	200.840035	34	107	273	220	7	0	7	0
0.174000	200.333606	177	236	1100	764	4	0	4	0
0.148000	199.407184	123	180	790	620	5	0	5	0
0.197000	202.593009	197	251	1226	822	7	0	6	1
0.163000	200.814167	159	219	1109	721	9	0	7	2
0.077000	198.712655	71	163	638	434	8	0	6	2
0.080000	199.861800	90	143	586	341	10	0	7	3
0.069000	203.992707	49	132	288	285	5	0	3	2
0.050000	208.845044	33	112	227	213	7	0	7	0
0.164000	205.526815	148	206	868	673	8	0	6	2
0.084000	203.152716	98	142	484	379	10	0	10	0
0.046000	202.813159	30	102	160	177	5	0	4	1
0.134000	201.628987	122	169	769	600	5	0	5	0
0.135000	204.421478	132	205	834	606	10	0	9	1
0.068000	200.551627	86	132	498	305	8	0	6	2
0.077000	198.934909	85	139	545	377	8	0	6	2
0.101000	200.493487	116	161	634	434	8	0	6	2
0.065000	202.676598	74	129	436	298	10	0	6	4
0.105000	205.336311	110	152	610	463	7	0	4	3
0.077000	202.378046	75	133	475	347	7	0	4	3
0.114000	204.864306	130	199	739	533	10	0	8	2
0.092000	203.189284	110	154	638	451	6	0	5	1
0.122000	208.821844	122	189	706	509	8	0	6	2
0.157000	205.057801	155	221	1029	711	10	0	8	2
0.084000	204.220576	94	147	595	387	10	0	8	2
0.161000	206.593976	147	226	1054	708	9	0	7	2
0.158000	206.644445	159	226	1199	739	9	0	9	0
0.116000	212.067837	101	175	746	569	10	0	10	0
0.759000	210.112290	196	257	1390	845	8	0	7	1
0.187000	209.946116	168	225	1136	751	9	0	8	1
0.148000	211.333821	184	241	1307	797	7	0	6	1
0.158000	212.086503	160	215	954	706	8	0	7	1
0.140000	211.774116	146	226	903	642	8	0	7	1
0.101000	208.142422	119	166	651	428	8	0	7	1
0.176000	212.642106	171	222	1048	770	8	0	6	2
0.161000	212.384420	169	230	1059	768	7	0	4	3
0.457000	211.783658	175	227	1188	771	9	0	9	0
0.046000	215.508961	26	99	167	171	5	0	4	1
0.042000	218.406762	28	99	180	181	4	0	3	1
0.059000	218.342109	44	119	302	257	6	0	6	0
0.207000	219.832004	203	254	1258	834	7	0	7	0
0.160000	213.799059	181	246	1084	766	9	0	7	2
0.175000	214.446744	174	245	1303	786	7	0	6	1
0.163000	214.640562	166	227	1059	732	9	0	8	1
0.150000	216.167270	151	217	920	682	8	0	7	1
0.080000	212.596776	100	145	529	354	9	0	9	0
0.168000	217.915184	178	239	1062	779	7	0	4	3
0.192000	221.502293	203	257	1321	836	7	0	7	0
0.060000	215.285969	65	113	422	269	8	0	6	2
0.060000	214.412944	65	121	426	266	8	0	5	3
0.163000	216.819459	163	225	1161	756	8	0	5	3
0.179000	217.576962	195	251	1326	848	9	0	6	3
0.166000	220.582144	275	317	1865	1072	8	0	8	0
0.062000	216.475220	54	123	387	277	8	0	6	2
0.095000	218.519645	113	155	581	418	8	0	5	3
0.592000	218.249703	187	228	1116	806	10	0	8	2
0.209000	219.174954	204	242	1258	847	10	0	8	2
0.084000	224.302903	38	111	265	234	7	0	5	2
0.205000	223.598660	203	260	1351	829	7	0	7	0
0.076000	220.091385	84	122	487	317	7	0	6	1
0.184000	222.077688	151	217	1050	699	10	0	8	2
0.231000	223.125694	269	304	1794	1039	8	0	7	1
0.158000	221.943559	151	210	925	659	12	0	10	2
0.168000	225.961538	173	237	1069	761	8	0	8	0
0.135000	221.233450	146	220	892	622	9	0	8	1
0.110000	218.507716	113	165	574	454	8	0	6	2
0.098000	216.885780	106	155	570	424	8	0	4	4
0.198000	227.912354	203	249	1316	814	10	0	10	0
0.242000	225.549666	271	305	1798	1038	8	0	7	1
0.065000	223.863282	73	129	493	301	8	0	4	4
0.074000	220.596383	101	138	550	337	9	0	6	3
0.094000	223.617288	106	150	566	413	8	0	4	4
0.102000	224.636481	114	155	607	437	8	0	5	3
0.084000	222.402666	105	149	583	386	9	0	5	4
0.184000	224.395057	220	273	1293	938	8	0	4	4
0.088000	223.974759	180	234	1213	792	10	0	7	3
0.223000	228.383566	259	307	1849	1005	8	0	8	0
0.179000	229.797810	183	246	1067	766	10	0	8	2
0.156000	224.648361	161	226	906	707	8	0	6	2
0.099000	225.308229	113	155	603	435	8	0	4	4
0.157000	228.039008	150	216	972	685	9	0	7	2
0.185000	231.341900	190	234	1234	834	9	0	7	2
0.203000	232.491891	205	256	1369	834	7	0	7	0
0.093000	230.341809	115	164	566	412	9	0	9	0
0.075000	227.613863	96	134	507	348	9	0	8	1
0.094000	226.029066	113	148	662	424	11	0	7	4
0.149000	226.696815	132	215	965	649	10	0	7	3
0.060000	235.411014	46	119	304	263	9	0	8	1
0.209000	237.623661	227	269	1451	908	6	0	6	0
0.271000	237.508727	245	304	1599	1006	10	0	10	0
0.176000	234.259102	184	240	1190	780	10	0	10	0
0.151000	232.080921	151	214	928	662	10	0	10	0
0.187000	232.354986	212	268	1203	856	7	0	7	0
0.155000	233.664576	165	233	947	704	9	0	7	2
0.168000	232.405247	193	232	1219	833	9	0	7	2
0.239000	233.305087	271	313	1841	1037	9	0	6	3
0.202000	236.626922	215	262	1430	870	7	0	6	1
0.152000	236.794390	160	217	1210	727	8	0	6	2
0.271000	236.932147	114	160	561	403	9	0	9	0
0.197000	236.384785	181	243	1152	809	11	0	8	3
0.226000	239.043322	204	258	1350	834	8	0	8	0
0.180000	237.152965	169	228	1237	750	10	0	9	1
0.139000	235.722144	143	211	1026	657	8	0	6	2
0.071000	232.577514	65	110	441	266	8	0	6	2
0.162000	236.799569	168	232	953	715	9	0	7	2
0.195000	238.917660	209	288	1410	892	8	0	5	3
0.083000	234.713206	98	145	501	342	9	0	8	1
0.067000	245.850412	48	129	359	286	7	0	6	1
0.217000	242.471093	230	289	1416	942	11	0	11	0
0.223000	242.110555	233	282	1480	962	10	0	10	0
0.103000	241.069081	126	190	666	466	9	0	8	1
0.164000	242.265511	172	233	1046	751	10	0	10	0
0.187000	245.247451	203	246	1139	843	8	0	8	0
0.073000	237.060411	91	132	465	318	9	0	8	1
0.166000	242.597889	175	233	1079	748	14	0	12	2
0.174000	239.107186	183	244	1069	778	8	0	7	1
0.169000	239.509577	192	240	1056	805	8	0	8	0
0.081000	241.625033	103	143	537	366	10	0	9	1
0.036000	245.272605	116	175	615	417	9	0	8	1
0.151000	246.476749	152	220	906	682	9	0	9	0
0.118000	240.435075	128	196	672	522	11	0	9	2
0.281000	242.025730	228	302	1416	964	11	0	5	6
0.230000	244.904094	277	309	1737	1080	7	0	4	3
0.257000	244.882060	269	314	1665	1052	11	0	11	0
0.099000	244.100379	128	174	680	464	11	0	5	6
0.205000	245.917131	201	245	1356	840	9	0	9	0
0.183000	247.550898	211	254	1307	841	9	0	9	0
0.200000	250.365384	214	259	1391	847	10	0	9	1
0.223000	249.318742	265	311	1932	1038	8	0	7	1
0.153000	250.544376	153	222	967	697	9	0	9	0
0.175000	248.200595	184	234	1028	785	9	0	7	2
0.152000	246.802855	162	229	946	730	10	0	7	3
0.149000	246.109042	159	226	930	712	10	0	8	2
0.105000	245.758814	132	176	703	482	12	0	6	6
0.248000	250.696057	286	327	1856	1077	8	0	8	0
0.244000	248.911728	268	320	1635	1070	10	0	10	0
0.198000	248.757086	214	293	1681	930	8	0	7	1
0.089000	253.524411	221	266	1426	910	13	0	13	0
0.173000	251.923702	193	244	1222	807	11	0	11	0
0.175000	254.185546	188	237	1142	789	10	0	10	0
0.154000	253.442933	169	231	1032	733	11	0	11	0
0.162000	252.232059	180	234	1063	767	9	0	9	0
0.152000	250.829682	158	219	984	684	11	0	10	1
0.145000	249.514159	159	231	953	687	10	0	10	0
0.209000	255.468714	235	296	1594	942	8	0	5	3
0.094000	251.954575	118	175	640	418	10	0	8	2
0.237000	252.308487	276	318	1897	1054	10	0	7	3
0.207000	259.283749	95	163	649	556	9	0	9	0
0.244000	257.788816	288	322	1670	1103	10	0	10	0
0.193000	255.043619	197	257	1234	837	11	0	11	0
0.170000	257.021517	183	236	1084	788	8	0	8	0
0.184000	253.986345	183	233	988	825	8	0	6	2
0.078000	253.504638	99	141	493	359	9	0	8	1
0.132000	255.188352	145	233	862	627	11	0	6	5
0.136000	254.088730	157	236	952	678	12	0	7	5
0.242000	253.381365	283	317	1859	1063	10	0	6	4
0.147000	254.915181	153	218	955	683	10	0	10	0
0.755000	265.171909	135	194	913	661	12	0	12	0
0.130000	258.958024	133	199	733	494	9	0	8	1
0.163000	261.242444	165	221	994	693	13	0	11	2
0.130000	256.573223	142	188	789	509	12	0	7	5
0.180000	257.294809	180	240	1114	819	10	0	7	3
0.086000	258.154931	114	155	596	400	12	0	11	1
0.156000	261.192180	150	214	906	657	9	0	9	0
0.117000	258.266911	132	188	656	528	11	0	9	2
0.143000	259.864115	155	221	938	686	10	0	10	0
0.116000	258.228343	135	200	782	496	10	0	8	2
0.202000	263.426849	218	259	1317	886	14	0	14	0
0.244000	266.712385	276	316	1624	1077	10	0	10	0
0.111000	261.375605	135	200	754	495	10	0	8	2
0.148000	262.271638	159	228	944	668	12	0	10	2
0.158000	261.730669	159	226	961	657	12	0	10	2
0.107000	262.528878	132	184	711	499	11	0	5	6
0.158000	259.932722	174	243	1032	790	12	0	7	5
0.127000	262.297720	152	215	848	558	9	0	8	1
0.206000	267.402684	224	267	1347	900	13	0	13	0
0.183000	261.590082	284	309	1853	1056	10	0	6	4
0.135000	270.223691	120	183	811	630	8	0	7	1
0.155000	266.400426	169	231	1034	728	12	0	12	0
0.154000	264.610481	166	234	969	717	11	0	6	5
0.148000	267.654470	162	227	961	692	9	0	9	0
0.115000	265.436159	138	205	756	509	10	0	8	2
0.219000	268.085954	254	309	1652	992	12	0	9	3
0.235000	268.123179	283	314	1886	1058	12	0	9	3
0.210000	268.216149	229	269	1462	932	13	0	13	0
0.108000	267.189419	130	193	735	482	10	0	9	1
0.085000	266.293170	120	158	637	404	12	0	11	1
0.173000	273.916704	161	229	1143	740	9	0	8	1
0.136000	273.770565	126	187	847	643	10	0	9	1
0.205000	271.233412	217	262	1305	899	11	0	11	0
0.149000	272.275746	164	231	960	681	13	0	11	2
0.162000	271.951839	176	231	1075	752	11	0	11	0
0.122000	268.733631	146	206	802	540	9	0	8	1
0.106000	269.257464	144	186	745	501	12	0	6	6
0.086000	271.031690	115	159	627	402	11	0	10	1
0.082000	269.124572	113	156	625	398	11	0	10	1
0.181000	270.291548	115	160	640	399	10	0	9	1
0.166000	274.994411	161	232	1097	758	8	0	6	2
0.152000	275.647426	132	212	994	674	11	0	11	0
0.153000	276.732912	286	319	1945	1059	11	0	11	0
0.207000	274.540704	230	270	1469	937	13	0	13	0
0.097000	269.773775	136	166	725	466	12	0	6	6
0.128000	273.684056	157	219	879	584	10	0	8	2
0.244000	277.089712	282	321	1943	1055	10	0	10	0
0.173000	279.064063	195	239	1201	798	11	0	11	0
0.094000	272.501902	129	170	667	431	12	0	11	1
0.090000	273.897606	133	175	704	428	13	0	12	1
0.212000	284.432677	237	276	1515	925	9	0	7	2
0.218000	284.423360	241	283	1549	955	12	0	12	0
0.159000	279.846918	152	230	1050	736	10	0	8	2
0.190000	280.588208	203	254	1336	842	9	0	7	2
0.088000	278.632176	114	156	612	401	11	0	10	1
0.086000	277.908703	118	159	633	406	12	0	11	1
0.091000	280.391601	133	175	692	428	11	0	9	2
0.081000	278.609548	113	153	597	390	11	0	10	1
0.077000	277.306734	113	154	603	384	12	0	11	1
0.212000	280.722506	214	262	1500	884	10	0	9	1
0.200000	283.323131	219	260	1408	884	9	0	7	2
0.227000	287.071313	243	283	1555	961	12	0	11	1
0.192000	284.166863	199	256	1424	851	12	0	11	1
0.169000	286.921893	257	300	1643	993	10	0	10	0
0.235000	285.665518	280	314	1868	1039	10	0	10	0
0.037000	281.071396	128	169	658	421	12	0	11	1
0.000000	279.841554	114	156	597	401	11	0	10	1
0.071000	280.775040	137	196	761	491	10	0	9	1
0.264000	285.204861	293	321	2014	1064	12	0	12	0
0.087000	281.447528	112	155	595	395	11	0	10	1
0.163000	288.894365	146	219	1080	710	11	0	11	0
0.211000	290.338570	235	282	1486	916	11	0	9	2
0.132000	287.365890	120	188	854	622	13	0	13	0
0.219000	289.610489	246	295	1568	944	10	0	7	3
0.108000	284.024916	137	196	778	491	10	0	9	1
0.240000	287.760144	283	312	1901	1043	11	0	8	3
0.234000	287.905167	289	321	1929	1059	12	0	9	3
0.087000	284.892837	118	159	640	400	12	0	11	1
0.246000	291.463329	295	321	1765	1065	11	0	9	2
0.134000	284.898061	127	188	841	638	13	0	12	1
0.133000	292.441604	124	184	833	630	11	0	10	1
0.211000	292.144380	247	294	1534	940	13	0	11	2
0.237000	289.525759	287	321	1982	1054	12	0	12	0
0.089000	288.052042	129	167	677	419	12	0	11	1
0.082000	286.732663	118	158	633	395	12	0	11	1
0.214000	294.569995	233	271	1536	922	11	0	11	0
0.232000	291.130467	237	287	1547	948	13	0	12	1
0.248000	297.017852	254	285	1671	977	9	0	9	0
0.174000	292.316098	163	238	1117	762	10	0	8	2
0.209000	291.314029	216	262	1468	882	10	0	8	2
0.175000	295.929177	173	236	1251	774	12	0	12	0
0.198000	295.185803	215	261	1478	878	10	0	8	2
0.410000	297.661731	224	269	1518	908	11	0	9	2
0.209000	296.487237	227	259	1447	876	10	0	6	4
0.186000	294.610602	204	255	1390	841	12	0	9	3
0.214000	293.479920	224	268	1502	904	14	0	12	2
0.204000	296.027159	224	262	1500	901	11	0	10	1
0.246000	295.564273	303	331	1783	1095	9	0	8	1
0.205000	294.740935	223	266	1547	898	10	0	9	1
0.125000	297.286729	282	320	1687	1041	8	0	7	1
0.218000	301.121924	238	285	1527	956	10	0	10	0
0.239000	301.914978	270	306	1618	1019	11	0	11	0
0.184000	298.433214	201	252	1362	829	11	0	8	3
0.089000	299.004978	215	256	1425	860	10	0	7	3
0.215000	300.300457	237	279	1557	940	9	0	9	0
0.091000	299.552440	235	278	1510	929	11	0	11	0
0.163000	299.575304	247	274	1513	939	12	0	12	0
0.194000	298.069762	198	252	1346	821	11	0	9	2
0.216000	299.733079	238	288	1537	950	12	0	12	0
0.299000	299.598385	239	277	1579	939	9	0	9	0
0.205000	305.108882	225	263	1502	908	10	0	9	1
0.254000	306.243669	298	328	1713	1077	10	0	9	1
0.204000	302.448633	225	265	1482	902	13	0	12	1
0.245000	303.321014	298	328	1706	1075	8	0	7	1
0.234000	302.847092	298	328	1716	1074	8	0	7	1
0.195000	298.803498	213	259	1394	856	13	0	10	3
0.232000	305.995135	295	322	1763	1063	11	0	9	2
0.469000	303.896887	78	157	552	448	10	0	8	2
0.111000	305.544278	75	157	555	438	10	0	8	2
0.090000	304.685229	66	145	522	365	8	0	7	1
0.271000	307.311497	290	327	1736	1059	9	0	7	2
0.187000	308.123922	296	331	1775	1078	9	0	8	1
0.241000	304.310819	279	319	1656	1026	10	0	9	1
0.209000	304.440038	229	264	1484	905	12	0	12	0
0.237000	309.030892	287	330	1757	1062	10	0	9	1
0.236000	308.570726	297	325	1743	1067	8	0	7	1
0.099000	311.795633	79	157	585	447	9	0	7	2
0.065000	309.484785	55	125	385	285	10	0	7	3
0.094000	308.843858	79	161	593	452	10	0	8	2
0.198000	307.325412	218	271	1529	962	12	0	10	2
0.223000	314.307833	250	281	1591	962	9	0	8	1
0.215000	313.332183	231	266	1503	913	12	0	11	1
0.221000	313.945860	254	285	1604	980	9	0	9	0
0.157000	311.275308	233	271	1490	915	9	0	8	1
0.227000	311.533290	280	320	1732	1026	12	0	11	1
0.245000	309.578978	299	327	1726	1071	13	0	11	2
0.239000	311.510701	304	328	1755	1088	9	0	8	1
0.057000	315.016563	299	323	1765	1069	9	0	8	1
0.050000	309.265884	211	256	1416	845	13	0	10	3
0.245000	312.293771	304	331	1732	1092	13	0	11	2
0.239000	314.092554	292	326	1706	1054	11	0	10	1
0.217000	314.563604	262	305	1607	978	13	0	12	1
0.243000	316.013611	302	330	1735	1082	12	0	11	1
0.236000	317.593993	299	327	1778	1075	12	0	10	2
0.240000	313.803442	288	329	1694	1056	12	0	11	1
0.207000	312.119085	231	265	1500	908	13	0	12	1
0.231000	317.777413	272	321	1749	1015	11	0	10	1
0.234000	316.001378	286	327	1803	1056	11	0	10	1
0.231000	314.393684	281	321	1781	1029	11	0	10	1
0.230000	315.351512	291	324	1698	1055	12	0	10	2
0.661000	318.379328	230	258	1509	902	12	0	11	1
0.256000	319.788420	278	325	1713	1034	11	0	10	1
0.249000	319.333762	295	329	1826	1073	12	0	11	1
0.275000	316.774864	247	280	1553	949	12	0	11	1
0.249000	317.923677	300	330	1694	1079	9	0	8	1
0.244000	320.850359	295	326	1754	1068	9	0	8	1
0.237000	319.731925	302	330	1717	1077	13	0	11	2
0.058000	319.384151	75	159	554	440	10	0	8	2
0.111000	316.939943	91	173	716	542	9	0	7	2
0.093000	318.759926	81	158	633	454	12	0	10	2
0.251000	320.942063	301	329	1699	1077	12	0	11	1
0.234000	326.335169	300	321	1681	1076	10	0	9	1
0.236000	325.782266	301	322	1696	1074	9	0	8	1
0.215000	320.678898	277	321	1676	1023	13	0	12	1
0.001000	322.317143	302	333	1677	1084	12	0	11	1
0.244000	320.420546	298	328	1720	1070	12	0	11	1
0.230000	321.996120	282	323	1776	1044	12	0	11	1
0.230000	325.949280	293	326	1738	1063	10	0	9	1
0.129000	323.066705	117	188	857	641	13	0	11	2
0.183000	323.513433	76	152	554	399	13	0	11	2
0.234000	326.285519	286	324	1735	1053	12	0	11	1
0.240000	325.557574	296	323	1678	1058	11	0	10	1
0.233000	325.914447	297	323	1711	1061	11	0	10	1
0.224000	323.479569	273	315	1667	1001	14	0	13	1
0.208000	321.548344	228	260	1490	897	12	0	11	1
0.233000	328.980354	282	321	1653	1038	11	0	10	1
0.235000	327.799168	299	326	1694	1068	9	0	7	2
0.376000	327.050157	292	322	1699	1053	9	0	8	1
0.143000	331.176326	124	191	941	639	11	0	9	2
0.090000	326.944544	75	157	558	401	10	0	8	2
0.236000	332.843984	292	326	1764	1054	14	0	13	1
0.804000	331.249144	306	332	1823	1098	12	0	11	1
0.267000	333.285280	295	326	1693	1070	10	0	9	1
0.245000	331.539026	303	329	1723	1085	10	0	9	1
0.253000	327.522010	284	323	1750	1038	13	0	12	1
0.238000	331.914339	307	332	1845	1095	11	0	10	1
0.097000	333.534281	81	158	611	423	12	0	10	2
0.118000	330.893184	97	176	744	566	10	0	8	2
0.184000	327.615168	203	266	1441	885	13	0	11	2
0.114000	329.710207	99	178	744	569	9	0	7	2
0.243000	338.648920	301	320	1673	1070	10	0	9	1
0.250000	333.875888	297	324	1705	1068	10	0	8	2
0.236000	337.360533	308	328	1822	1082	11	0	10	1
0.232000	336.205291	283	320	1640	1039	11	0	10	1
0.224000	335.794075	278	319	1667	1028	11	0	10	1
0.155000	336.652170	290	328	1786	1058	12	0	11	1
0.224000	332.331224	289	327	1816	1057	11	0	10	1
0.238000	334.425460	282	320	1694	1036	11	0	10	1
0.189000	330.894024	212	261	1457	888	11	0	9	2
0.173000	332.760578	190	241	1248	844	15	0	13	2
0.236000	338.432059	293	327	1681	1063	10	0	8	2
0.230000	339.836032	280	321	1591	1033	13	0	12	1
0.230000	337.536703	290	328	1800	1061	12	0	11	1
0.166000	339.117646	176	218	1196	752	11	0	9	2
0.112000	337.342437	95	175	742	560	9	0	7	2
0.084000	339.055506	78	150	565	388	13	0	9	4
0.139000	335.671673	154	199	1089	723	12	0	10	2
0.000000	340.690971	77	153	541	399	11	0	9	2
0.127000	338.089421	131	192	910	660	14	0	12	2
0.091000	341.205052	88	157	613	439	13	0	11	2
0.247000	341.504063	295	332	1818	1072	12	0	11	1
0.227000	344.513631	282	322	1613	1039	12	0	11	1
0.088000	342.048660	76	151	554	389	11	0	9	2
0.084000	342.508274	80	151	565	401	12	0	10	2
0.085000	343.704215	83	155	568	419	13	0	11	2
0.083000	341.599068	82	153	582	408	13	0	11	2
0.086000	343.402569	81	150	559	404	13	0	11	2
0.119000	343.546302	125	186	874	628	12	0	10	2
0.109000	340.446524	100	176	725	563	11	0	9	2
0.090000	342.606222	89	158	617	447	14	0	12	2
0.474000	346.012891	285	318	1741	1029	12	0	11	1
0.270000	345.012200	300	326	1679	1068	13	0	11	2
0.175000	343.551642	184	232	1207	792	14	0	12	2
0.064000	346.579279	169	210	1119	755	13	0	11	2
0.139000	344.302773	150	191	1009	707	14	0	12	2
0.184000	346.681961	222	273	1457	938	14	0	12	2
0.127000	346.555503	115	183	813	612	14	0	12	2
0.154000	344.939599	176	218	1152	794	15	0	13	2
0.090000	345.747573	89	158	613	445	14	0	12	2
0.105000	344.852357	96	170	690	563	12	0	10	2
0.237000	349.817310	286	324	1741	1047	13	0	12	1
0.229000	348.855412	287	327	1741	1048	14	0	13	1
0.227000	346.255276	294	321	1666	1050	11	0	10	1
0.233000	347.954707	295	322	1646	1055	9	0	8	1
0.185000	346.409288	219	265	1452	897	13	0	11	2
0.210000	346.182709	262	307	1731	1028	13	0	11	2
0.133000	348.802488	140	197	975	679	13	0	11	2
0.169000	347.869965	200	258	1352	841	16	0	14	2
0.081000	350.499446	77	150	559	379	14	0	12	2
0.079000	348.672932	77	153	514	381	13	0	11	2
0.236000	349.408900	289	325	1758	1051	13	0	12	1
0.254000	349.966076	302	329	1794	1077	15	0	14	1
0.227000	350.813636	283	322	1622	1033	14	0	13	1
0.227000	355.585707	281	314	1723	1012	12	0	11	1
0.110000	352.684421	96	170	687	545	10	0	8	2
0.090000	353.520810	85	161	570	428	12	0	10	2
0.090000	354.742561	85	157	568	431	15	0	13	2
0.155000	351.093328	186	235	1216	798	16	0	14	2
0.081000	357.495637	82	153	564	396	14	0	12	2

