0.000000	3.605551	0	0	0	2	0	0	0	0
0.000000	2.828427	0	0	0	2	0	0	0	0
0.000000	3.162278	0	0	0	2	0	0	0	0
0.001000	3.605551	0	0	0	2	0	0	0	0
0.000000	2.000000	0	0	0	2	0	0	0	0
0.000000	3.000000	0	0	0	2	0	0	0	0
0.000000	1.414214	0	0	0	2	0	0	0	0
0.000000	2.000000	0	0	0	2	0	0	0	0
0.000000	2.000000	0	0	0	2	0	0	0	0
0.000000	3.605551	0	0	0	2	0	0	0	0
0.001000	5.385165	0	0	0	2	0	0	0	0
0.002000	6.403124	0	0	0	2	0	0	0	0
0.001000	4.123106	0	0	0	2	0	0	0	0
0.001000	6.000000	0	0	0	2	0	0	0	0
0.001000	7.280110	0	0	0	2	0	0	0	0
0.000000	5.385165	0	0	0	2	0	0	0	0
0.001000	4.000000	0	0	0	2	0	0	0	0
0.004000	4.000000	0	0	0	2	0	0	0	0
0.001000	7.071068	0	0	0	2	0	0	0	0
0.000000	7.071068	0	0	0	2	0	0	0	0
0.001000	9.486833	0	0	0	2	0	0	0	0
0.001000	8.602325	0	0	0	2	0	0	0	0
0.001000	9.000000	0	0	0	2	0	0	0	0
0.001000	10.440307	0	0	0	2	0	0	0	0
0.000000	10.198039	0	0	0	2	0	0	0	0
0.001000	8.602325	0	0	0	2	0	0	0	0
0.000000	8.062258	0	0	0	2	0	0	0	0
0.000000	10.295630	0	0	0	2	0	0	0	0
0.001000	7.810250	0	0	0	2	0	0	0	0
0.001000	8.062258	0	0	0	2	0	0	0	0
0.001000	13.000000	0	0	0	2	0	0	0	0
0.001000	13.038405	0	0	0	2	0	0	0	0
0.002000	15.132746	0	0	0	2	0	0	0	0
0.002000	13.038405	0	0	0	2	0	0	0	0
0.002000	12.727922	0	0	0	2	0	0	0	0
0.001000	15.000000	0	0	0	2	0	0	0	0
0.001000	12.041595	0	0	0	2	0	0	0	0
0.001000	12.369317	0	0	0	2	0	0	0	0
0.001000	15.033296	0	0	0	2	0	0	0	0
0.002000	11.661904	0	0	0	2	0	0	0	0
0.002000	17.464249	0	0	0	2	0	0	0	0
0.019000	15.193485	4	23	25	5	1	0	1	0
0.000000	16.552945	0	0	0	2	0	0	0	0
0.002000	18.027756	0	0	0	2	0	0	0	0
0.002000	16.492423	0	0	0	2	0	0	0	0
0.002000	18.110770	0	0	0	2	0	0	0	0
0.013000	17.066689	8	27	53	6	2	0	2	0
0.010000	17.841397	5	21	33	5	1	0	1	0
0.000000	16.278821	0	0	0	2	0	0	0	0
0.002000	16.124515	0	0	0	2	0	0	0	0
0.008000	22.000330	4	12	15	4	1	0	1	0
0.009000	20.901047	4	24	26	5	2	0	2	0
0.002000	20.223748	0	0	0	2	0	0	0	0
0.001000	23.000000	0	0	0	2	0	0	0	0
0.002000	19.416488	0	0	0	2	0	0	0	0
0.000000	22.803509	0	0	0	2	0	0	0	0
0.002000	19.849433	0	0	0	2	0	0	0	0
0.012000	21.672538	7	27	47	7	2	0	2	0
0.002000	21.023796	0	0	0	2	0	0	0	0
0.016000	20.046897	5	27	43	5	1	0	1	0
0.021000	26.248931	2	31	42	3	1	0	1	0
0.012000	24.280110	5	23	37	5	1	0	1	0
0.014000	24.836419	5	28	38	6	2	0	2	0
0.002000	25.495098	0	0	0	2	0	0	0	0
0.001000	27.073973	0	0	0	2	0	0	0	0
0.002000	25.179357	0	0	0	2	0	0	0	0
0.001000	24.515301	0	0	0	2	0	0	0	0
0.002000	25.961510	0	0	0	2	0	0	0	0
0.001000	24.186773	0	0	0	2	0	0	0	0
0.002000	24.166092	0	0	0	2	0	0	0	0
0.002000	28.861739	0	0	0	2	0	0	0	0
0.015000	27.898009	12	37	66	6	3	0	3	0
0.001000	28.844410	0	0	0	2	0	0	0	0
0.014000	28.049245	4	29	35	4	1	0	1	0
0.001000	30.479501	0	0	0	2	0	0	0	0
0.013000	28.687354	5	31	52	6	2	0	2	0
0.015000	28.730919	6	39	54	6	1	0	1	0
0.014000	25.958217	8	29	46	6	3	0	3	0
0.002000	29.154759	0	0	0	2	0	0	0	0
0.027000	30.000000	0	0	0	2	0	0	0	0
0.049000	32.918896	4	27	36	5	1	0	1	0
0.033000	32.712377	7	36	41	6	3	0	3	0
0.016000	32.649655	0	0	0	2	0	0	0	0
0.025000	31.080305	12	49	100	6	3	0	3	0
0.008000	31.320920	0	0	0	2	0	0	0	0
0.018000	30.533651	6	26	46	5	1	0	1	0
0.008000	33.541020	0	0	0	2	0	0	0	0
0.007000	30.232433	0	0	0	2	0	0	0	0
0.012000	30.415145	11	31	64	7	1	0	1	0
0.002000	31.320920	0	0	0	2	0	0	0	0
0.002000	36.000000	0	0	0	2	0	0	0	0
0.015000	33.426847	13	58	133	7	3	0	3	0
0.000000	35.902646	0	0	0	2	0	0	0	0
0.013000	35.649886	8	31	49	5	2	0	2	0
0.002000	36.069378	0	0	0	2	0	0	0	0
0.017000	36.364649	4	36	59	5	1	0	1	0
0.010000	36.223038	6	25	44	5	1	0	1	0
0.003000	36.055513	0	0	0	2	0	0	0	0
0.009000	36.643317	6	39	69	6	1	0	1	0
0.016000	35.242008	5	32	50	5	1	0	1	0
0.006000	39.426739	9	18	32	8	3	0	3	0
0.013000	39.913676	9	48	82	8	3	0	3	0
0.013000	39.719321	15	61	123	8	2	0	2	0
0.002000	42.107007	0	0	0	2	0	0	0	0
0.014000	40.379448	8	36	68	7	1	0	1	0
0.001000	40.311289	0	0	0	2	0	0	0	0
0.012000	38.205635	5	32	48	6	2	0	2	0
0.009000	40.968982	6	26	48	7	1	0	1	0
0.011000	39.981209	4	24	34	5	2	0	2	0
0.012000	38.894050	10	47	89	8	3	0	3	0
0.014000	45.559804	16	41	104	9	1	0	1	0
0.012000	46.124784	9	39	61	7	1	0	1	0
0.017000	46.317351	7	37	72	5	1	0	1	0
0.002000	46.690470	0	0	0	2	0	0	0	0
0.012000	42.638498	10	41	88	8	2	0	2	0
0.015000	43.839688	12	55	125	9	2	0	2	0
0.012000	39.774893	14	52	112	7	3	0	3	0
0.001000	44.147480	0	0	0	2	0	0	0	0
0.016000	42.850566	5	25	35	5	1	0	1	0
0.015000	41.658272	5	33	51	5	1	0	1	0
0.011000	46.140523	17	23	33	8	4	0	4	0
0.009000	44.104847	14	23	37	9	4	0	4	0
0.002000	46.690470	0	0	0	2	0	0	0	0
0.012000	47.315154	7	44	82	7	2	0	1	1
0.010000	45.851037	8	32	46	7	2	0	2	0
0.010000	48.316113	15	34	88	9	2	0	1	1
0.011000	48.648694	12	40	68	7	3	0	2	1
0.010000	50.160453	12	40	76	7	1	0	1	0
0.014000	46.309969	7	39	61	8	2	0	1	1
0.014000	48.351424	5	33	39	5	1	0	1	0
0.012000	49.941211	15	23	36	8	4	0	4	0
0.010000	51.313723	4	28	45	5	1	0	1	0
0.012000	51.333715	4	19	26	4	1	0	1	0
0.014000	50.068884	8	38	64	8	1	0	1	0
0.015000	50.846868	8	37	69	8	2	0	1	1
0.016000	50.083218	11	40	66	8	2	0	2	0
0.016000	50.283733	12	40	79	7	1	0	1	0
0.011000	50.781728	14	40	82	7	1	0	1	0
0.014000	50.505406	20	42	119	10	2	0	2	0
0.016000	51.579739	11	47	90	9	3	0	3	0
0.013000	53.558296	12	28	51	9	4	0	4	0
0.014000	55.014095	16	29	57	8	3	0	3	0
0.003000	57.384667	0	0	0	2	0	0	0	0
0.017000	55.286447	19	57	106	9	3	0	3	0
0.003000	55.901699	0	0	0	2	0	0	0	0
0.014000	54.244289	21	43	116	9	1	0	1	0
0.011000	57.245158	10	42	82	11	1	0	1	0
0.016000	55.759833	6	35	54	4	1	0	1	0
0.016000	51.145387	16	47	84	8	3	0	2	1
0.002000	54.424259	0	0	0	2	0	0	0	0
0.013000	61.152946	13	63	158	9	1	0	1	0
0.001000	57.706152	0	0	0	2	0	0	0	0
0.015000	54.680701	14	59	121	11	5	0	5	0
0.012000	59.641062	9	47	78	6	2	0	2	0
0.014000	57.992438	19	58	120	10	5	0	5	0
0.011000	60.990966	6	34	51	6	2	0	2	0
0.017000	59.841698	3	48	44	4	1	0	1	0
0.018000	57.519462	15	39	101	10	2	0	0	2
0.017000	57.286434	19	47	112	9	3	0	3	0
0.002000	60.016664	0	0	0	2	0	0	0	0
0.015000	61.029648	13	59	113	7	1	0	1	0
0.013000	62.698291	9	49	83	8	2	0	2	0
0.011000	63.853721	9	43	66	9	1	0	1	0
0.002000	65.192024	0	0	0	2	0	0	0	0
0.012000	58.886419	23	52	129	9	4	0	4	0
0.019000	61.488271	13	55	111	9	2	0	1	1
0.002000	61.522354	0	0	0	2	0	0	0	0
0.020000	60.400593	27	67	207	11	4	0	4	0
0.014000	59.949911	23	59	150	10	3	0	2	1
0.016000	62.401618	15	55	98	9	4	0	4	0
0.016000	67.283776	16	36	50	13	5	0	5	0
0.002000	63.788714	0	0	0	2	0	0	0	0
0.015000	63.193112	13	48	98	9	3	0	3	0
0.012000	64.742948	9	35	56	8	3	0	2	1
0.016000	66.732605	10	47	85	8	1	0	1	0
0.012000	65.686720	16	44	107	9	2	0	2	0
0.014000	65.088752	12	43	101	11	4	0	2	2
0.003000	71.028163	0	0	0	2	0	0	0	0
0.013000	67.868843	18	45	112	4	1	0	1	0
0.012000	66.491377	6	35	51	7	3	0	3	0
0.016000	69.158821	16	36	59	11	3	0	2	1
0.013000	71.224146	12	47	108	8	2	0	2	0
0.017000	66.152439	27	69	160	11	4	0	4	0
0.021000	66.095217	24	68	159	12	5	0	5	0
0.015000	69.515291	15	47	132	7	2	0	1	1
0.002000	71.021124	0	0	0	2	0	0	0	0
0.019000	68.486342	21	66	149	11	3	0	3	0
0.023000	67.783560	28	80	198	13	5	0	4	1
0.020000	69.621525	27	66	167	11	3	0	2	1
0.012000	68.046955	7	24	31	6	2	0	2	0
0.016000	72.699018	15	41	44	10	5	0	5	0
0.022000	71.425595	28	87	268	11	6	0	5	1
0.018000	71.093393	21	68	157	14	7	0	7	0
0.015000	74.681329	16	62	142	11	2	0	2	0
0.011000	72.125584	7	39	55	6	2	0	2	0
0.011000	72.860028	11	39	90	10	2	0	2	0
0.011000	77.610767	8	44	54	7	3	0	3	0
0.022000	70.601386	35	76	184	10	4	0	4	0
0.013000	72.193622	21	47	143	11	3	0	1	2
0.003000	74.518454	0	0	0	2	0	0	0	0
0.017000	75.784061	17	30	61	8	3	0	3	0
0.013000	74.574762	17	30	54	10	6	0	6	0
0.012000	76.090471	12	38	67	8	3	0	2	1
0.012000	76.505192	15	50	105	11	3	0	2	1
0.021000	73.952566	29	75	176	12	6	0	6	0
0.009000	80.386830	7	48	54	6	2	0	2	0
0.020000	74.048286	36	68	189	11	4	0	4	0
0.021000	75.612708	53	102	261	14	7	0	7	0
0.001000	77.242181	22	50	136	11	2	0	2	0
0.019000	76.822881	12	46	97	6	1	0	1	0
0.009000	84.066144	5	35	31	4	1	0	1	0
0.021000	78.410343	35	89	300	12	6	0	5	1
0.016000	82.799335	16	59	126	10	4	0	4	0
0.010000	82.129336	14	42	92	10	3	0	3	0
0.016000	80.856600	14	49	106	9	3	0	3	0
0.023000	79.046509	57	103	303	13	6	0	6	0
0.018000	82.114773	19	64	155	12	4	0	3	1
0.013000	83.207956	7	39	63	6	2	0	2	0
0.017000	80.143670	15	55	113	10	2	0	2	0
0.015000	80.174130	29	63	137	8	4	0	4	0
0.014000	82.044332	16	29	49	8	3	0	3	0
0.020000	83.956520	31	57	150	16	7	0	7	0
0.017000	86.577943	20	52	166	11	3	0	1	2
0.027000	81.209989	47	112	387	14	6	0	4	2
0.013000	84.228230	17	50	93	11	4	0	4	0
0.015000	83.454428	22	71	170	13	6	0	6	0
0.024000	83.366562	61	111	335	12	6	0	6	0
0.017000	82.070090	27	78	181	15	6	0	6	0
0.016000	84.946969	27	55	155	12	1	0	1	0
0.014000	84.332970	21	54	132	12	2	0	2	0
0.013000	89.604695	14	33	51	13	2	0	1	1
0.015000	87.418777	16	35	54	13	3	0	1	2
0.014000	88.024955	28	53	113	17	9	0	9	0
0.012000	89.190901	11	44	75	10	2	0	2	0
0.017000	86.798774	26	88	194	14	6	0	5	1
0.014000	91.530385	12	41	74	9	4	0	4	0
0.017000	88.001426	26	67	210	15	4	0	4	0
0.015000	88.557335	22	57	127	12	3	0	3	0
0.018000	85.947690	33	101	256	14	6	0	5	1
0.016000	86.798179	14	48	107	9	3	0	3	0
0.014000	93.392828	12	32	48	12	5	0	4	1
0.012000	88.671377	27	52	87	19	7	0	7	0
0.004000	91.782351	0	0	0	2	0	0	0	0
0.028000	95.852298	35	94	264	12	5	0	4	1
0.015000	89.600081	20	51	138	14	4	0	1	3
0.016000	90.684308	22	60	178	12	3	0	2	1
0.017000	94.785413	9	42	91	9	4	0	3	1
0.021000	89.822664	32	83	214	15	8	0	8	0
0.026000	91.395725	48	91	259	12	4	0	4	0
0.019000	90.607008	30	60	182	15	4	0	0	4
0.025000	98.561977	34	85	272	11	4	0	2	2
0.020000	98.750568	9	49	83	9	2	0	1	1
0.017000	95.206112	25	63	204	13	4	0	3	1
0.019000	93.528205	23	62	137	8	3	0	3	0
0.024000	93.964934	38	70	178	10	4	0	4	0
0.020000	97.345930	13	51	108	11	3	0	1	2
0.020000	95.890183	28	77	201	14	4	0	4	0
0.022000	94.789305	45	82	219	12	4	0	4	0
0.020000	93.686654	46	75	274	17	4	0	2	2
0.015000	98.097909	24	57	125	12	4	0	4	0
0.010000	99.168255	12	31	46	12	5	0	4	1
0.011000	102.401754	12	34	59	11	2	0	2	0
0.034000	96.280999	58	125	508	16	6	0	5	1
0.022000	97.815968	32	99	249	16	5	0	4	1
0.012000	102.405793	15	57	131	9	3	0	3	0
0.035000	97.538912	39	114	293	14	4	0	4	0
0.015000	102.513745	19	61	148	11	4	0	4	0
0.022000	98.745128	22	62	148	8	3	0	3	0
0.029000	98.957197	74	122	351	14	6	0	6	0
0.022000	97.813827	51	83	230	13	4	0	4	0
0.015000	104.240576	27	60	125	19	6	0	5	1
0.017000	102.616709	27	55	104	12	6	0	6	0
0.005000	101.651365	0	0	0	2	0	0	0	0
0.031000	101.071669	59	125	424	15	6	0	4	2
0.027000	101.063157	57	113	422	16	8	0	5	3
0.014000	107.245585	21	62	159	11	4	0	4	0
0.026000	103.543616	50	124	413	13	5	0	4	1
0.017000	103.523440	11	49	96	10	4	0	3	1
0.028000	101.851763	46	78	270	19	6	0	3	3
0.022000	105.165835	39	77	245	15	4	0	4	0
0.014000	106.069378	31	61	118	15	6	0	6	0
0.012000	109.447115	11	32	58	12	3	0	3	0
0.031000	111.968113	57	104	401	11	5	0	3	2
0.034000	109.371105	85	131	485	14	5	0	5	0
0.023000	106.371624	36	103	251	13	4	0	3	1
0.030000	105.839046	75	112	360	11	4	0	4	0
0.022000	105.453050	42	99	263	15	7	0	7	0
0.020000	105.488608	33	85	230	16	5	0	4	1
0.020000	108.822994	30	81	232	15	4	0	4	0
0.021000	105.627992	46	94	289	16	6	0	6	0
0.019000	115.628123	27	68	138	19	6	0	6	0
0.024000	109.344130	19	79	166	10	2	0	1	1
0.018000	110.924732	20	71	175	12	5	0	4	1
0.030000	109.462764	74	112	378	11	4	0	4	0
0.019000	114.073976	21	61	121	8	4	0	4	0
0.030000	110.588144	64	106	331	12	4	0	4	0
0.028000	108.325003	55	87	310	16	6	0	2	4
0.030000	112.140579	71	103	330	14	3	0	3	0
0.033000	111.642696	92	128	450	13	4	0	3	1
0.033000	109.992122	94	143	516	16	5	0	3	2
0.019000	112.699897	34	66	160	14	5	0	4	1
0.023000	118.721422	37	75	199	18	5	0	5	0
0.019000	115.036974	30	67	139	13	5	0	5	0
0.021000	115.658576	9	45	69	6	1	0	1	0
0.033000	114.251748	72	118	472	9	4	0	3	1
0.020000	112.876770	23	72	147	11	4	0	3	1
0.025000	113.038110	35	71	186	10	3	0	3	0
0.028000	116.832385	72	105	357	11	5	0	5	0
0.023000	114.841281	25	77	184	12	3	0	1	2
0.029000	112.350748	67	106	327	12	4	0	4	0
0.012000	117.711463	32	59	140	19	7	0	6	1
0.019000	122.131945	28	69	169	17	4	0	4	0
0.016000	118.265240	27	65	126	20	5	0	5	0
0.012000	115.550268	18	50	57	12	7	0	7	0
0.034000	118.462831	84	136	641	17	7	0	6	1
0.000000	117.224908	23	87	235	17	5	0	4	1
0.000000	121.647073	24	66	165	13	6	0	5	1
0.024000	121.698128	44	88	258	15	6	0	5	1
0.023000	118.655578	18	64	146	12	3	0	2	1
0.030000	122.066817	74	107	377	15	5	0	4	1
0.014000	122.030713	18	49	66	10	4	0	4	0
0.014000	120.798695	21	53	84	10	4	0	4	0
0.019000	122.611028	32	66	162	20	7	0	7	0
0.016000	123.027748	37	68	162	22	8	0	7	1
0.022000	123.889063	23	81	207	14	5	0	5	0
0.016000	126.128237	13	39	50	7	3	0	3	0
0.025000	123.845323	45	85	305	17	4	0	4	0
0.025000	123.237702	52	114	330	16	5	0	3	2
0.022000	122.098162	38	94	309	16	5	0	3	2
0.024000	121.164119	42	116	315	15	6	0	4	2
0.018000	127.803563	39	70	196	24	10	0	9	1
0.020000	129.902111	31	71	181	17	4	0	4	0
0.018000	123.486156	31	61	129	16	5	0	3	2
0.018000	126.996355	32	76	175	20	8	0	8	0
0.027000	127.652729	48	101	252	20	8	0	7	1
0.021000	127.657866	27	65	144	16	4	0	2	2
0.029000	124.250278	38	127	323	17	7	0	7	0
0.020000	127.482943	32	87	272	17	5	0	4	1
0.006000	122.090147	65	130	369	14	4	0	4	0
0.034000	123.926060	89	107	393	21	7	0	3	4
0.020000	131.045770	26	61	111	17	5	0	4	1
0.016000	136.158292	14	42	59	8	3	0	3	0
0.023000	130.187274	25	94	229	15	6	0	6	0
0.021000	131.835015	26	66	170	14	6	0	5	1
0.026000	131.453945	48	93	300	15	5	0	4	1
0.037000	127.189711	78	149	521	15	6	0	5	1
0.041000	126.073570	79	145	485	17	5	0	5	0
0.037000	128.045694	85	118	388	12	4	0	4	0
0.029000	129.471759	50	86	292	19	6	0	2	4
0.037000	127.218013	93	128	436	14	5	0	5	0
0.017000	135.087270	21	53	84	10	4	0	4	0
0.020000	133.512549	39	82	199	16	6	0	5	1
0.024000	130.876427	28	66	135	16	4	0	3	1
0.021000	135.653435	26	67	152	17	4	0	4	0
0.028000	135.384140	42	86	276	14	5	0	4	1
0.024000	132.143549	53	97	367	18	5	0	5	0
0.024000	133.725751	62	115	340	18	6	0	5	1
0.035000	131.374546	68	128	369	20	7	0	6	1
0.024000	130.526261	38	82	255	19	5	0	0	5
0.027000	131.942192	40	76	245	10	3	0	2	1
0.025000	137.400919	59	101	288	18	6	0	5	1
0.019000	132.874530	35	68	150	19	6	0	4	2
0.025000	137.480365	39	82	204	20	8	0	8	0
0.024000	140.760743	36	83	212	20	7	0	6	1
0.021000	136.264434	38	72	162	19	9	0	8	1
0.024000	137.609497	26	62	115	17	3	0	2	1
0.027000	137.988644	27	88	246	12	4	0	4	0
0.072000	137.505504	139	215	928	18	8	0	8	0
0.033000	143.124511	34	102	279	13	5	0	4	1
0.028000	140.841168	44	90	317	16	5	0	4	1
0.029000	141.729500	49	98	259	20	8	0	7	1
0.029000	138.702068	51	100	261	20	6	0	5	1
0.028000	142.169069	51	100	277	19	6	0	5	1
0.016000	145.465353	12	31	54	12	2	0	1	1
0.045000	137.620094	93	143	663	17	7	0	6	1
0.027000	143.628338	21	77	195	14	5	0	5	0
0.037000	140.684431	38	67	220	14	4	0	4	0
0.065000	143.368437	152	223	972	15	8	0	7	1
0.035000	142.527796	39	110	301	13	4	0	4	0
0.036000	142.709503	42	81	255	14	5	0	4	1
0.020000	142.639783	37	74	190	17	8	0	7	1
0.018000	144.102944	35	77	191	17	7	0	7	0
0.014000	147.228297	21	53	85	10	4	0	4	0
0.022000	149.892775	44	92	236	21	4	0	3	1
0.026000	142.585149	61	102	313	18	7	0	6	1
0.023000	145.010970	43	86	236	15	5	0	4	1
0.023000	143.924516	34	75	184	22	9	0	9	0
0.025000	142.482522	25	90	218	15	5	0	5	0
0.024000	143.406384	48	120	343	15	5	0	4	1
0.031000	144.070833	64	134	478	19	7	0	6	1
0.026000	147.574902	56	106	307	20	6	0	5	1
0.020000	151.045516	39	79	242	20	5	0	5	0
0.021000	146.704822	26	62	108	18	4	0	1	3
0.013000	149.821466	11	32	58	12	4	0	3	1
0.020000	151.467461	21	64	127	8	4	0	4	0
0.027000	151.853242	32	112	301	15	6	0	6	0
0.020000	150.190768	23	83	182	15	6	0	5	1
0.039000	150.514226	98	167	637	17	6	0	5	1
0.025000	150.186895	44	112	338	20	6	0	5	1
0.033000	149.565190	77	144	541	20	7	0	6	1
0.022000	155.765419	23	64	127	18	5	0	5	0
0.021000	154.446674	35	78	220	22	8	0	7	1
0.021000	153.247458	39	81	244	21	7	0	6	1
0.018000	148.879387	35	77	200	23	10	0	9	1
0.022000	156.378270	18	79	188	13	5	0	4	1
0.031000	150.115517	79	114	383	20	8	0	8	0
0.032000	150.220910	69	149	496	16	6	0	5	1
0.027000	154.860804	54	105	402	18	6	0	5	1
0.413000	151.076355	79	154	537	21	7	0	6	1
0.048000	152.993343	88	130	463	23	5	0	3	2
0.030000	158.558145	35	78	221	22	9	0	8	1
0.030000	157.263689	44	89	258	24	8	0	7	1
0.026000	159.034059	28	61	131	18	3	0	1	2
0.031000	158.289790	33	94	294	12	5	0	5	0
0.018000	156.022231	26	84	217	16	6	0	5	1
0.017000	155.628906	30	82	230	17	7	0	6	1
0.051000	157.155398	90	153	623	20	8	0	7	1
0.021000	158.151195	27	81	201	15	5	0	3	2
0.054000	159.871882	136	213	863	18	5	0	4	1
0.025000	155.757343	50	98	274	20	7	0	2	5
0.014000	167.482874	21	58	119	16	3	0	3	0
0.020000	166.880457	24	65	140	18	6	0	5	1
0.026000	163.781027	60	95	353	17	7	0	7	0
0.040000	158.680540	101	165	688	19	7	0	6	1
0.031000	164.888402	74	105	398	19	6	0	6	0
0.028000	161.247341	49	105	371	18	6	0	5	1
0.052000	160.360054	112	188	719	15	6	0	5	1
0.048000	157.628714	106	186	704	20	6	0	5	1
0.043000	159.350529	104	179	682	23	8	0	5	3
0.036000	161.233679	70	109	375	19	5	0	5	0
0.027000	165.731773	46	89	288	25	9	0	8	1
0.040000	168.287536	42	89	233	18	8	0	8	0
0.026000	166.544892	40	83	211	20	8	0	8	0
0.049000	161.847092	94	125	441	19	7	0	6	1
0.050000	164.485788	102	133	431	20	8	0	7	1
0.059000	164.080910	150	205	890	25	7	0	3	4
0.027000	162.602195	44	85	261	17	4	0	4	0
0.047000	162.486672	111	176	753	18	7	0	6	1
0.046000	164.535610	112	165	759	20	8	0	7	1
0.055000	164.621791	145	204	837	24	6	0	4	2
0.031000	171.269819	61	136	402	20	7	0	7	0
0.030000	166.085003	50	88	273	25	7	0	5	2
0.028000	169.621170	50	119	334	20	7	0	7	0
0.044000	169.868580	75	122	543	15	6	0	5	1
0.047000	172.843952	96	134	688	13	5	0	5	0
0.039000	168.487713	99	138	442	18	7	0	6	1
0.020000	168.124499	28	86	233	17	6	0	4	2
0.062000	168.149783	179	255	1105	18	8	0	7	1
0.048000	168.522962	127	204	803	17	6	0	5	1
0.049000	168.418765	130	193	747	18	6	0	5	1
0.025000	175.004938	61	92	313	19	8	0	8	0
0.024000	172.263143	65	105	392	26	9	0	8	1
0.023000	172.316911	51	91	293	26	6	0	4	2
0.026000	175.396948	37	82	197	17	4	0	2	2
0.020000	173.820510	32	81	203	20	5	0	5	0
0.033000	170.577745	59	105	360	21	6	0	5	1
0.043000	174.625067	79	126	570	14	5	0	3	2
0.030000	172.218052	59	102	387	15	5	0	4	1
0.067000	170.659321	202	266	1223	19	9	0	8	1
0.031000	169.967701	54	100	361	15	5	0	3	2
0.023000	177.298794	54	90	280	19	6	0	5	1
0.023000	179.241621	57	94	326	17	6	0	6	0
0.035000	176.039934	81	143	501	16	7	0	6	1
0.026000	175.687135	52	120	333	19	6	0	6	0
0.021000	175.687439	31	70	148	20	4	0	1	3
0.022000	177.800607	57	90	265	20	7	0	7	0
0.022000	175.913667	31	79	164	23	6	0	5	1
0.031000	175.102406	69	140	437	22	10	0	10	0
0.035000	172.514115	91	149	516	24	11	0	10	1
0.021000	177.466769	189	254	1112	21	8	0	7	1
0.030000	179.084381	52	118	321	20	7	0	7	0
0.034000	182.103108	73	139	425	16	6	0	5	1
0.044000	179.586553	83	147	513	22	7	0	6	1
0.025000	179.684592	50	95	310	26	10	0	8	2
0.030000	179.245874	61	100	355	22	7	0	5	2
0.029000	178.538323	72	106	403	21	7	0	4	3
0.027000	180.859984	34	82	194	20	4	0	3	1
0.038000	180.715795	90	151	546	18	10	0	9	1
0.035000	181.153560	84	129	542	19	9	0	8	1
0.031000	175.596046	71	111	404	16	7	0	6	1
0.037000	185.287997	82	148	498	16	6	0	5	1
0.026000	180.942001	61	97	333	22	7	0	5	2
0.024000	185.669197	29	78	178	21	6	0	5	1
0.036000	186.505109	74	144	464	18	4	0	3	1
0.038000	186.947662	108	160	580	23	7	0	7	0
0.037000	183.306183	103	139	478	20	8	0	8	0
0.039000	183.112202	61	112	438	17	6	0	4	2
0.028000	182.968856	71	106	384	20	4	0	4	0
0.035000	178.819815	92	137	474	23	9	0	8	1
0.042000	183.467335	66	123	515	14	6	0	6	0
0.024000	192.556072	33	87	213	23	7	0	7	0
0.027000	186.064708	67	99	364	23	8	0	6	2
0.032000	188.533320	79	146	494	19	7	0	6	1
0.041000	189.110591	78	123	574	18	7	0	6	1
0.044000	184.918091	102	139	547	23	8	0	7	1
0.034000	185.147351	70	112	421	24	8	0	4	4
0.032000	183.711663	72	114	405	21	9	0	4	5
0.029000	186.335352	53	104	372	18	6	0	3	3
0.035000	189.161892	75	130	532	18	7	0	4	3
0.048000	189.168179	112	150	738	14	6	0	6	0
0.036000	192.202098	74	155	514	22	7	0	7	0
0.027000	192.908463	43	98	250	24	6	0	6	0
0.025000	194.322677	44	99	259	24	6	0	6	0
0.096000	194.719115	167	230	1056	17	7	0	6	1
0.043000	187.440643	95	140	526	17	7	0	6	1
0.035000	188.011545	74	117	450	17	6	0	3	3
0.034000	190.201699	55	150	516	19	9	0	9	0
0.036000	193.980331	41	104	289	18	8	0	6	2
0.037000	191.714405	71	114	470	17	6	0	4	2
0.035000	188.049162	88	141	478	23	10	0	8	2
0.044000	197.119112	104	170	652	26	9	0	9	0
0.000000	194.192944	76	149	537	21	6	0	6	0
0.033000	200.444133	74	131	467	24	8	0	7	1
0.036000	195.955901	51	110	300	26	5	0	3	2
0.029000	198.217763	46	99	272	21	5	0	4	1
0.040000	197.359225	100	161	608	20	7	0	5	2
0.032000	195.129549	70	140	441	19	5	0	3	2
0.033000	198.858100	73	142	469	18	7	0	6	1
0.025000	196.517441	32	85	197	22	5	0	4	1
0.054000	194.413524	111	151	736	13	5	0	5	0
0.028000	198.295452	41	94	229	21	5	0	3	2
0.037000	203.093198	86	148	565	25	8	0	7	1
0.032000	199.956756	89	122	432	19	8	0	8	0
0.034000	201.494106	63	137	454	26	8	0	6	2
0.070000	200.647297	177	232	1102	13	6	0	6	0
0.062000	199.407184	119	164	770	13	5	0	5	0
0.073000	202.593009	196	247	1271	16	7	0	6	1
0.061000	201.148360	156	219	1138	20	9	0	9	0
0.039000	199.179065	74	158	662	19	8	0	7	1
0.045000	199.729583	91	139	604	21	10	0	8	2
0.033000	203.992707	50	110	293	23	5	0	3	2
0.028000	208.845044	33	90	217	24	7	0	7	0
0.063000	205.526815	148	203	857	26	8	0	6	2
0.034000	203.152716	96	139	457	20	10	0	10	0
0.029000	202.813159	36	85	184	23	5	0	4	1
0.052000	201.628987	119	161	725	12	5	0	5	0
0.051000	204.421478	135	202	868	20	10	0	9	1
2.495000	200.551627	98	137	547	19	8	0	6	2
0.058000	198.817855	91	134	526	23	7	0	5	2
0.058000	200.795560	115	150	608	24	10	0	6	4
0.012000	202.676598	77	126	451	25	10	0	6	4
0.000000	205.428733	114	146	626	17	7	0	4	3
0.005000	202.470468	77	126	533	19	7	0	4	3
0.054000	204.864306	130	195	715	23	10	0	8	2
0.049000	203.404059	111	143	586	17	7	0	5	2
0.047000	208.914266	121	176	726	18	8	0	6	2
0.059000	205.057801	153	209	1004	19	10	0	8	2
0.038000	204.220576	94	138	639	21	10	0	8	2
0.059000	206.593976	146	211	1036	19	9	0	7	2
0.068000	206.644445	155	223	1187	19	9	0	9	0
0.049000	212.087990	96	167	737	22	10	0	9	1
0.073000	210.327065	196	248	1381	19	9	0	7	2
0.069000	209.946116	167	220	1159	19	9	0	8	1
0.069000	211.548596	185	229	1294	19	8	0	6	2
0.062000	212.086503	157	213	958	18	8	0	7	1
0.057000	211.774116	146	212	870	17	8	0	7	1
0.045000	208.142422	119	159	599	17	8	0	7	1
0.064000	212.734528	170	222	1063	18	8	0	6	2
0.067000	212.476842	171	227	1030	18	7	0	4	3
0.063000	211.783658	171	223	1199	20	9	0	9	0
0.030000	215.508961	35	83	210	21	5	0	4	1
0.027000	218.406762	38	86	225	20	4	0	3	1
0.032000	218.342109	46	107	308	23	6	0	6	0
0.072000	219.832004	202	236	1297	15	7	0	7	0
0.065000	214.119879	184	248	1081	28	8	0	6	2
0.071000	214.661519	176	234	1275	19	8	0	6	2
0.057000	214.640562	160	215	1023	19	9	0	8	1
0.058000	216.167270	151	205	930	17	8	0	7	1
0.041000	212.596776	99	140	517	22	9	0	9	0
0.064000	218.007607	177	225	994	17	7	0	4	3
0.074000	221.502293	202	248	1346	17	7	0	7	0
0.033000	215.285969	64	104	396	23	8	0	6	2
0.038000	214.605329	75	122	464	25	9	0	4	5
0.065000	216.911881	162	218	1127	19	8	0	5	3
0.070000	217.669384	196	242	1313	19	9	0	6	3
0.092000	221.266627	274	314	1913	21	9	0	8	1
0.031000	216.689995	58	115	379	21	9	0	6	3
0.047000	218.908655	112	148	598	25	9	0	5	4
0.061000	218.342125	182	221	1136	19	10	0	8	2
0.068000	219.174954	205	234	1328	19	10	0	8	2
0.028000	224.302903	44	114	292	25	7	0	5	2
0.073000	224.732396	202	244	1358	18	8	0	7	1
0.037000	220.091385	86	122	490	21	7	0	6	1
0.070000	222.077688	151	210	1061	21	10	0	8	2
0.086000	223.340469	270	299	1813	19	9	0	7	2
0.055000	221.899843	152	207	983	22	11	0	10	1
0.062000	226.176313	169	217	1060	18	9	0	8	1
0.054000	221.233450	147	214	847	20	9	0	8	1
0.044000	218.859231	114	151	558	22	10	0	6	4
0.068000	216.910110	104	141	548	22	9	0	4	5
0.131000	227.912354	203	245	1321	22	10	0	10	0
0.111000	225.764440	274	303	1823	20	9	0	7	2
0.076000	223.026798	82	121	501	26	9	0	3	6
0.051000	220.892971	100	138	501	27	10	0	6	4
0.050000	223.899217	108	142	567	23	9	0	4	5
0.045000	224.853829	115	152	592	25	9	0	5	4
0.042000	222.517618	108	139	559	25	10	0	5	5
0.088000	224.402959	228	293	1301	24	8	0	5	3
0.077000	223.974759	177	219	1227	21	10	0	7	3
0.090000	228.675562	258	294	1838	19	9	0	9	0
0.066000	228.290365	180	230	1017	24	9	0	8	1
0.058000	224.950679	158	216	869	23	10	0	6	4
0.042000	225.590158	112	148	578	24	9	0	4	5
0.054000	228.039008	150	204	976	19	9	0	7	2
0.074000	231.434322	185	231	1255	21	9	0	7	2
0.072000	232.491891	204	246	1347	17	7	0	7	0
0.043000	230.341809	117	166	567	22	9	0	9	0
0.039000	227.765557	97	126	515	21	8	0	7	1
0.042000	226.029066	117	149	692	24	11	0	7	4
0.053000	226.696815	133	205	959	21	10	0	7	3
0.038000	235.411014	52	130	377	26	9	0	8	1
0.075000	237.623661	228	270	1427	14	6	0	6	0
0.082000	237.508727	244	301	1600	21	10	0	10	0
0.066000	234.473877	185	230	1212	22	11	0	10	1
0.053000	232.295696	151	208	886	23	11	0	10	1
0.066000	232.569760	211	266	1181	18	8	0	7	1
0.000000	233.879351	168	216	923	24	10	0	7	3
0.078000	232.405247	194	229	1261	21	9	0	7	2
0.113000	233.305087	272	298	1785	19	9	0	6	3
0.099000	237.098138	214	258	1399	18	8	0	6	2
0.081000	237.009165	173	227	1289	22	9	0	6	3
0.043000	236.932147	115	156	554	21	9	0	9	0
0.075000	236.477207	186	249	1142	25	11	0	8	3
0.072000	239.043322	202	246	1338	18	8	0	8	0
0.062000	237.152965	165	223	1228	22	10	0	9	1
0.056000	235.936919	145	206	1018	21	9	0	6	3
0.035000	232.577514	73	112	448	23	8	0	6	2
0.063000	237.014344	169	217	945	24	10	0	7	3
0.000000	239.010082	218	284	1365	22	8	0	5	3
0.006000	234.713206	101	138	507	23	9	0	8	1
0.036000	245.928341	54	125	392	24	6	0	5	1
0.077000	242.471093	228	279	1403	21	11	0	11	0
0.078000	242.110555	232	272	1495	21	10	0	10	0
0.070000	241.220776	126	181	625	22	8	0	7	1
0.060000	242.480286	168	221	1010	23	11	0	10	1
0.063000	245.462226	201	245	1125	19	9	0	8	1
0.040000	237.060411	91	125	463	23	9	0	8	1
0.068000	242.554172	171	231	1101	26	13	0	12	1
0.066000	239.321961	181	229	1015	20	9	0	7	2
0.062000	239.724352	195	229	1048	23	9	0	8	1
0.041000	241.776727	103	135	545	24	9	0	8	1
0.044000	245.424299	120	168	637	21	8	0	7	1
0.058000	246.691524	151	209	906	23	10	0	9	1
0.054000	240.478188	136	210	798	29	12	0	9	3
0.082000	241.786324	238	292	1424	26	9	0	5	4
0.085000	244.996517	276	302	1677	19	7	0	4	3
0.083000	244.882060	265	311	1628	21	11	0	11	0
0.046000	244.192801	128	165	661	28	11	0	5	6
0.071000	245.917131	204	242	1415	22	9	0	9	0
0.072000	247.550898	209	254	1296	19	9	0	9	0
0.076000	250.365384	213	259	1445	22	10	0	9	1
0.089000	250.003224	266	303	1881	22	9	0	7	2
0.059000	250.759150	155	212	967	23	10	0	9	1
0.063000	248.415370	184	232	1011	26	10	0	7	3
0.056000	247.017630	164	221	930	27	11	0	7	4
0.062000	246.323817	160	218	940	29	11	0	8	3
0.047000	245.851237	133	179	685	29	12	0	6	6
0.096000	250.988053	286	309	1889	19	9	0	9	0
0.085000	248.911728	264	306	1694	21	10	0	10	0
0.080000	249.441568	220	288	1710	22	9	0	7	2
0.077000	253.524411	221	256	1435	26	13	0	13	0
0.066000	252.138477	193	236	1236	25	12	0	11	1
0.062000	254.400321	188	235	1121	24	11	0	10	1
0.057000	253.657708	167	220	1019	25	12	0	11	1
0.058000	252.446834	177	226	1077	23	10	0	9	1
0.057000	250.829682	159	220	984	24	11	0	10	1
0.091000	249.728934	159	220	908	29	11	0	10	1
0.085000	255.561136	243	288	1580	22	8	0	5	3
0.048000	252.106269	121	169	655	24	9	0	7	2
0.091000	252.400910	276	306	1817	24	10	0	7	3
0.048000	259.283749	100	167	715	28	9	0	9	0
0.649000	257.788816	284	314	1683	21	10	0	10	0
0.094000	255.258394	196	249	1228	25	12	0	11	1
0.117000	257.236292	189	238	1102	24	9	0	8	1
0.075000	254.225450	182	224	999	24	10	0	6	4
0.038000	253.504638	100	138	494	23	9	0	8	1
0.055000	254.990892	144	214	824	29	10	0	6	4
0.058000	254.181152	163	237	917	31	12	0	7	5
0.092000	253.473787	283	304	1838	22	10	0	6	4
0.055000	255.129956	153	212	936	24	11	0	10	1
0.059000	265.171909	141	212	983	29	12	0	12	0
0.051000	259.109718	132	183	673	21	8	0	7	1
0.057000	261.198727	165	223	996	25	12	0	11	1
0.056000	256.665645	152	216	875	31	12	0	7	5
0.065000	257.387231	183	242	1075	24	10	0	7	3
0.043000	258.306625	116	156	623	28	11	0	10	1
0.056000	261.406955	150	208	882	23	10	0	9	1
0.060000	258.567120	131	187	671	29	13	0	9	4
0.055000	260.078890	156	222	927	24	11	0	10	1
0.048000	258.380037	134	187	759	24	9	0	7	2
0.069000	263.426849	218	259	1309	27	14	0	14	0
0.084000	266.712385	275	309	1646	22	10	0	10	0
0.054000	261.527299	135	188	734	24	9	0	7	2
0.056000	260.745910	158	218	894	29	11	0	10	1
0.056000	261.945444	158	225	920	31	13	0	10	3
0.050000	262.621300	137	195	737	28	11	0	5	6
0.065000	259.693316	181	238	1054	29	10	0	7	3
0.054000	262.449415	153	210	826	22	8	0	7	1
0.077000	267.402684	223	267	1357	27	13	0	13	0
0.090000	261.682504	283	304	1848	23	10	0	6	4
0.053000	270.223691	118	180	808	26	8	0	7	1
0.056000	266.615201	168	230	1041	25	13	0	12	1
0.061000	263.651644	167	228	949	30	11	0	5	6
0.057000	267.869245	163	220	959	28	10	0	9	1
0.059000	265.587853	137	192	739	24	9	0	7	2
0.082000	268.178376	255	310	1636	26	12	0	9	3
0.089000	268.215602	284	314	1844	26	12	0	9	3
0.076000	268.216149	231	276	1515	27	13	0	13	0
0.050000	267.341113	132	184	740	26	9	0	8	1
0.032000	266.444864	123	163	645	28	11	0	10	1
0.026000	273.916704	159	220	1110	30	9	0	8	1
0.057000	273.770565	134	199	918	29	10	0	9	1
0.072000	271.448186	217	256	1296	25	12	0	11	1
0.056000	270.750018	164	230	959	30	12	0	11	1
0.067000	272.166613	172	223	1069	25	12	0	11	1
0.053000	268.885325	150	202	822	23	8	0	7	1
0.051000	269.349886	143	186	755	29	12	0	6	6
0.042000	271.183384	116	152	629	27	10	0	9	1
0.040000	269.276266	114	150	619	27	10	0	9	1
0.041000	270.443243	119	161	647	26	9	0	8	1
0.066000	274.994411	159	228	1111	28	8	0	6	2
0.064000	275.647426	139	208	1007	31	11	0	11	0
0.093000	277.024909	286	323	1971	26	12	0	12	0
0.075000	274.540704	230	271	1457	27	13	0	13	0
0.044000	269.866197	136	167	724	28	12	0	6	6
0.056000	273.835750	160	217	895	24	9	0	7	2
0.287000	277.381708	284	313	1937	25	11	0	11	0
0.066000	279.278837	195	238	1190	24	12	0	11	1
0.046000	272.653596	129	170	676	28	11	0	10	1
0.046000	274.049300	135	183	753	28	12	0	11	1
0.082000	284.195166	234	270	1523	26	8	0	7	1
0.083000	284.423360	240	272	1550	29	12	0	12	0
0.065000	279.846918	154	225	1086	29	10	0	8	2
0.071000	280.350697	193	244	1300	27	8	0	7	1
0.045000	278.783870	115	146	609	27	10	0	9	1
0.043000	278.060397	121	159	644	28	11	0	10	1
0.051000	280.089956	132	175	715	28	11	0	10	1
0.041000	278.761242	113	146	607	27	10	0	9	1
0.040000	277.458428	117	145	621	27	11	0	10	1
0.077000	280.722506	213	253	1482	30	10	0	9	1
0.077000	283.085620	217	255	1424	26	8	0	7	1
0.082000	286.713153	240	272	1507	29	11	0	11	0
0.078000	284.166863	202	249	1407	31	12	0	11	1
0.082000	286.921893	260	295	1613	28	10	0	10	0
0.092000	285.957514	280	311	1915	25	11	0	11	0
0.044000	281.223090	125	166	646	28	11	0	10	1
0.042000	279.993248	117	149	620	27	10	0	9	1
0.052000	280.926734	137	189	752	26	9	0	8	1
0.094000	285.204861	293	325	2025	26	12	0	12	0
0.043000	281.599222	116	146	631	27	10	0	9	1
0.063000	288.894365	151	214	1109	31	11	0	11	0
0.081000	290.101059	232	270	1500	27	10	0	9	1
0.057000	287.365890	136	207	990	32	13	0	13	0
0.535000	289.372978	245	282	1514	26	9	0	7	2
0.082000	284.176610	138	192	766	26	9	0	8	1
0.113000	287.760144	284	307	1872	25	11	0	8	3
0.109000	287.905167	289	320	1938	26	12	0	9	3
0.055000	285.044531	123	162	662	28	11	0	10	1
0.102000	291.225818	292	317	1746	27	10	0	9	1
0.057000	284.898061	131	193	866	31	13	0	12	1
0.058000	292.441604	136	215	977	30	11	0	10	1
0.082000	291.906869	246	283	1502	28	12	0	11	1
0.091000	289.525759	288	322	1942	26	12	0	12	0
0.043000	288.203736	128	167	669	27	11	0	10	1
0.042000	286.884357	122	161	657	28	11	0	10	1
0.080000	294.569995	233	264	1518	29	11	0	11	0
0.081000	290.772307	234	270	1510	30	12	0	12	0
0.094000	297.017852	252	280	1625	30	9	0	9	0
0.064000	292.078587	154	224	1070	29	9	0	8	1
0.077000	291.314029	218	250	1461	32	10	0	8	2
0.064000	295.929177	171	227	1245	31	12	0	12	0
0.074000	295.185803	215	250	1457	32	10	0	8	2
0.081000	297.303571	221	256	1506	30	10	0	9	1
0.078000	294.862146	225	254	1452	28	8	0	6	2
0.073000	294.373092	204	249	1410	29	11	0	9	2
0.076000	293.121760	224	253	1480	32	13	0	12	1
0.076000	296.027159	224	251	1472	31	11	0	10	1
0.093000	295.564273	302	326	1776	27	9	0	8	1
0.078000	294.740935	222	256	1500	30	10	0	9	1
0.089000	297.286729	280	308	1699	28	8	0	7	1
0.080000	301.121924	236	271	1543	29	10	0	10	0
0.091000	301.914978	271	301	1615	29	11	0	11	0
0.074000	298.195703	202	247	1411	29	10	0	8	2
0.074000	298.767467	213	251	1422	29	9	0	7	2
0.078000	300.300457	237	267	1479	28	9	0	9	0
0.078000	299.552440	234	265	1499	32	11	0	11	0
0.033000	299.575304	246	269	1504	32	12	0	12	0
0.073000	297.832251	201	248	1398	32	10	0	9	1
0.079000	299.733079	236	271	1492	30	12	0	12	0
0.078000	299.598385	239	269	1534	28	9	0	9	0
0.081000	305.108882	225	251	1519	30	10	0	9	1
0.094000	306.243669	297	315	1708	28	10	0	9	1
0.075000	302.448633	224	253	1479	32	13	0	12	1
0.091000	303.321014	298	317	1706	27	8	0	7	1
0.089000	302.847092	297	315	1694	28	8	0	7	1
0.069000	298.565987	214	252	1410	31	12	0	10	2
0.089000	305.995135	293	313	1715	29	11	0	9	2
0.043000	303.761556	76	155	591	27	9	0	8	1
0.039000	305.408948	74	154	582	27	9	0	8	1
0.035000	304.500796	66	143	520	27	9	0	8	1
0.098000	307.311497	286	310	1686	30	9	0	7	2
0.092000	308.123922	293	312	1679	26	9	0	8	1
0.087000	304.310819	277	304	1651	30	10	0	9	1
0.077000	304.440038	230	254	1475	30	12	0	12	0
0.096000	309.030892	285	318	1709	31	10	0	9	1
0.091000	308.570726	298	311	1679	26	8	0	7	1
0.041000	311.660302	77	156	606	26	8	0	7	1
0.035000	309.349454	66	138	471	31	9	0	7	2
0.041000	308.975476	79	160	615	29	10	0	8	2
0.079000	306.854936	216	269	1522	28	12	0	11	1
0.087000	314.307833	249	278	1549	32	9	0	8	1
0.078000	313.332183	233	259	1495	31	12	0	11	1
0.081000	313.945860	251	280	1596	30	9	0	9	0
0.076000	311.275308	233	264	1494	30	9	0	8	1
0.088000	311.533290	281	314	1724	32	12	0	11	1
0.089000	309.341467	298	324	1679	29	12	0	11	1
0.090000	311.510701	303	321	1712	27	9	0	8	1
0.088000	315.016563	298	311	1704	26	9	0	8	1
0.072000	309.028373	210	253	1395	31	12	0	10	2
0.093000	312.056260	301	327	1723	28	12	0	11	1
0.090000	314.092554	289	307	1684	30	11	0	10	1
0.082000	314.563604	263	306	1554	34	13	0	12	1
0.090000	316.013611	301	327	1702	29	12	0	11	1
0.077000	317.593993	299	314	1679	30	12	0	10	2
0.005000	313.803442	285	307	1634	28	12	0	11	1
0.077000	311.057316	232	257	1513	30	12	0	12	0
0.056000	317.777413	274	313	1677	32	11	0	10	1
0.053000	316.001700	286	326	1713	33	12	0	10	2
0.087000	314.393684	281	313	1720	31	11	0	10	1
0.088000	315.351512	288	311	1684	30	12	0	10	2
0.095000	318.447868	234	258	1554	35	13	0	11	2
0.090000	319.788420	278	314	1663	32	11	0	10	1
0.089000	319.333762	291	328	1765	33	12	0	11	1
0.081000	316.774864	244	270	1501	34	12	0	11	1
0.094000	317.923677	299	317	1659	27	9	0	8	1
0.087000	320.850359	293	316	1682	30	9	0	8	1
0.090000	319.494414	301	327	1706	30	12	0	11	1
0.040000	319.248820	74	154	582	27	9	0	8	1
0.041000	317.125555	81	161	647	30	9	0	7	2
0.041000	318.624595	81	159	648	27	11	0	10	1
0.094000	320.942063	300	318	1642	29	12	0	11	1
0.089000	326.335169	299	320	1633	28	10	0	9	1
0.088000	325.782266	300	315	1620	28	9	0	8	1
0.087000	320.678898	277	309	1639	32	13	0	12	1
0.095000	322.317143	301	325	1710	30	12	0	11	1
0.089000	320.420546	297	315	1685	29	12	0	11	1
0.087000	321.996120	282	322	1730	33	12	0	11	1
0.086000	325.949280	290	316	1657	31	10	0	9	1
0.047000	322.931375	97	168	718	33	12	0	11	1
0.039000	323.378102	77	151	569	33	12	0	11	1
0.091000	326.285519	287	324	1716	33	12	0	11	1
0.088000	325.557574	295	308	1607	30	11	0	10	1
0.087000	325.914447	297	311	1652	32	11	0	10	1
0.084000	323.479569	274	310	1628	34	14	0	13	1
0.082000	321.548344	228	253	1451	34	12	0	11	1
0.088000	328.980354	281	313	1647	32	11	0	10	1
0.089000	327.799168	298	311	1627	28	9	0	7	2
0.084000	327.050157	289	312	1628	31	9	0	8	1
0.053000	330.705849	111	177	862	28	11	0	10	1
0.040000	327.765811	73	153	598	29	10	0	8	2
0.090000	332.843984	291	326	1746	34	14	0	13	1
0.092000	331.249144	303	331	1784	33	12	0	11	1
0.086000	333.285280	291	316	1645	31	10	0	9	1
0.905000	331.539026	304	328	1678	33	10	0	9	1
0.098000	327.522010	283	323	1698	37	13	0	12	1
0.096000	331.914662	303	330	1741	33	12	0	10	2
0.054000	333.398950	79	157	616	27	11	0	10	1
0.049000	330.990375	99	176	806	31	10	0	8	2
0.077000	328.002442	202	262	1421	32	13	0	11	2
0.046000	329.577364	96	170	723	33	9	0	7	2
0.088000	338.648920	300	314	1592	29	10	0	9	1
0.088000	333.875888	295	314	1629	30	10	0	8	2
0.092000	337.360533	303	328	1758	34	11	0	10	1
0.086000	336.205291	282	314	1621	32	11	0	10	1
0.086000	335.794075	281	312	1651	32	11	0	10	1
0.089000	336.652170	290	326	1747	33	12	0	11	1
0.101000	332.331224	289	325	1738	34	11	0	10	1
0.086000	334.425460	281	313	1587	32	11	0	10	1
0.078000	330.758693	211	261	1509	31	10	0	9	1
0.073000	332.625247	191	238	1279	34	14	0	13	1
0.095000	338.432059	290	314	1612	33	10	0	8	2
0.087000	339.836032	279	311	1610	33	13	0	12	1
0.089000	337.536703	290	326	1719	33	12	0	11	1
0.067000	338.982316	179	219	1275	32	10	0	9	1
0.047000	337.565650	92	171	731	31	9	0	7	2
0.043000	338.920175	79	151	575	34	12	0	9	3
0.059000	335.536343	149	196	1076	34	11	0	10	1
0.038000	340.555640	78	152	566	31	10	0	9	1
0.050000	337.954090	114	181	818	34	13	0	12	1
0.041000	341.069722	88	158	615	33	12	0	11	1
0.091000	341.504063	295	331	1736	33	12	0	11	1
0.091000	344.513631	281	313	1564	33	12	0	11	1
0.037000	341.913330	76	148	546	31	10	0	9	1
0.036000	342.372944	81	152	569	32	11	0	10	1
0.038000	343.568884	83	154	599	32	12	0	11	1
0.038000	341.463737	83	154	602	32	12	0	11	1
0.037000	343.267238	81	151	581	32	12	0	11	1
0.049000	343.075825	113	173	826	33	12	0	11	1
0.042000	340.311193	100	169	730	34	10	0	9	1
0.000000	342.470891	89	159	635	33	13	0	12	1
0.088000	346.012891	285	313	1674	32	12	0	11	1
0.087000	345.012200	300	325	1611	36	13	0	11	2
0.068000	343.416312	183	224	1231	34	13	0	12	1
0.069000	346.108803	165	207	1131	33	13	0	12	1
0.059000	344.167443	150	201	1019	33	13	0	12	1
0.079000	346.211484	218	268	1426	35	14	0	13	1
0.044000	346.420173	97	167	672	34	13	0	12	1
0.063000	344.804268	173	215	1162	34	14	0	13	1
0.040000	345.612242	89	159	633	33	13	0	12	1
0.049000	344.717026	94	167	703	35	11	0	10	1
0.091000	349.817310	286	322	1674	34	13	0	12	1
0.088000	348.855412	287	325	1664	34	14	0	13	1
0.087000	346.255276	293	313	1612	35	11	0	10	1
0.088000	347.954707	292	314	1603	33	9	0	8	1
0.078000	345.938812	217	263	1429	35	13	0	12	1
0.085000	345.712233	251	299	1664	34	13	0	12	1
0.060000	348.332012	142	191	993	34	13	0	12	1
0.073000	347.734634	196	254	1329	36	15	0	14	1
0.038000	350.364115	78	150	567	34	13	0	12	1
0.309000	348.537601	78	150	561	33	12	0	11	1
0.099000	349.408900	289	325	1710	36	13	0	12	1
0.090000	349.966076	298	328	1703	35	15	0	14	1
0.087000	350.813636	280	312	1568	35	14	0	13	1
0.085000	355.585707	281	309	1620	33	12	0	11	1
0.045000	352.549090	95	167	682	33	9	0	8	1
0.046000	353.385479	86	159	613	32	11	0	10	1
0.040000	354.607230	83	154	578	33	14	0	13	1
0.069000	350.957997	187	231	1267	36	15	0	14	1
0.040000	357.360306	83	154	576	33	13	0	12	1

