0.004000	3.605551	0	0	0	1	0	0	0	0
0.001000	2.828427	0	0	0	1	0	0	0	0
0.000000	3.162278	0	0	0	1	0	0	0	0
0.001000	3.605551	0	0	0	1	0	0	0	0
0.000000	2.000000	0	0	0	1	0	0	0	0
0.000000	3.000000	0	0	0	1	0	0	0	0
0.001000	1.414214	0	0	0	1	0	0	0	0
0.001000	2.000000	0	0	0	1	0	0	0	0
0.001000	2.000000	0	0	0	1	0	0	0	0
0.001000	3.605551	0	0	0	1	0	0	0	0
0.001000	5.385165	0	0	0	1	0	0	0	0
0.000000	6.403124	0	0	0	1	0	0	0	0
0.000000	4.123106	0	0	0	1	0	0	0	0
0.000000	6.000000	0	0	0	1	0	0	0	0
0.000000	7.280110	0	0	0	1	0	0	0	0
0.000000	5.385165	0	0	0	1	0	0	0	0
0.000000	4.000000	0	0	0	1	0	0	0	0
0.000000	4.000000	0	0	0	1	0	0	0	0
0.001000	7.071068	0	0	0	1	0	0	0	0
0.001000	7.071068	0	0	0	1	0	0	0	0
0.001000	9.486833	0	0	0	1	0	0	0	0
0.000000	8.602325	0	0	0	1	0	0	0	0
0.000000	9.000000	0	0	0	1	0	0	0	0
0.000000	10.440307	0	0	0	1	0	0	0	0
0.001000	10.198039	0	0	0	1	0	0	0	0
0.001000	8.602325	0	0	0	1	0	0	0	0
0.001000	8.062258	0	0	0	1	0	0	0	0
0.000000	10.295630	0	0	0	1	0	0	0	0
0.000000	7.810250	0	0	0	1	0	0	0	0
0.000000	8.062258	0	0	0	1	0	0	0	0
0.000000	13.000000	0	0	0	1	0	0	0	0
0.000000	13.038405	0	0	0	1	0	0	0	0
0.001000	15.132746	0	0	0	1	0	0	0	0
0.001000	13.038405	0	0	0	1	0	0	0	0
0.001000	12.727922	0	0	0	1	0	0	0	0
0.001000	15.000000	0	0	0	1	0	0	0	0
0.000000	12.041595	0	0	0	1	0	0	0	0
0.001000	12.369317	0	0	0	1	0	0	0	0
0.001000	15.033296	0	0	0	1	0	0	0	0
0.000000	11.661904	0	0	0	1	0	0	0	0
0.001000	17.464249	0	0	0	1	0	0	0	0
0.020000	15.193485	5	25	35	46	1	0	1	0
0.001000	16.552945	0	0	0	1	0	0	0	0
0.000000	18.027756	0	0	0	1	0	0	0	0
0.000000	16.492423	0	0	0	1	0	0	0	0
0.000000	18.110770	0	0	0	1	0	0	0	0
0.017000	17.066689	9	32	61	64	2	0	2	0
0.014000	17.841397	5	26	37	47	1	0	1	0
0.000000	16.278821	0	0	0	1	0	0	0	0
0.000000	16.124515	0	0	0	1	0	0	0	0
0.008000	22.000330	5	17	18	27	1	0	1	0
0.013000	20.901047	5	26	35	40	2	0	2	0
0.001000	20.223748	0	0	0	1	0	0	0	0
0.000000	23.000000	0	0	0	1	0	0	0	0
0.001000	19.416488	0	0	0	1	0	0	0	0
0.000000	22.803509	0	0	0	1	0	0	0	0
0.000000	19.849433	0	0	0	1	0	0	0	0
0.013000	21.672538	7	29	50	46	2	0	2	0
0.001000	21.023796	0	0	0	1	0	0	0	0
0.018000	20.046897	5	32	48	50	1	0	1	0
0.033000	26.248931	3	57	71	88	1	0	1	0
0.016000	24.280110	5	37	45	50	1	0	1	0
0.031000	24.836419	6	51	55	111	2	0	2	0
0.000000	25.495098	0	0	0	1	0	0	0	0
0.001000	27.073973	0	0	0	1	0	0	0	0
0.001000	25.179357	0	0	0	1	0	0	0	0
0.000000	24.515301	0	0	0	1	0	0	0	0
0.001000	25.961510	0	0	0	1	0	0	0	0
0.001000	24.186773	0	0	0	1	0	0	0	0
0.001000	24.166092	0	0	0	1	0	0	0	0
0.000000	28.861739	0	0	0	1	0	0	0	0
0.027000	27.898009	13	55	94	127	3	0	3	0
0.001000	28.844410	0	0	0	1	0	0	0	0
0.027000	28.049245	5	50	44	105	1	0	1	0
0.001000	30.479501	0	0	0	1	0	0	0	0
0.028000	28.687354	6	52	77	119	2	0	2	0
0.034000	28.730919	7	43	73	96	1	0	1	0
0.031000	25.958217	9	48	76	122	3	0	3	0
0.001000	29.154759	0	0	0	1	0	0	0	0
0.000000	30.000000	0	0	0	1	0	0	0	0
0.027000	32.918896	5	50	60	107	1	0	1	0
0.015000	32.712377	8	33	48	60	3	0	3	0
0.001000	32.649655	0	0	0	1	0	0	0	0
0.040000	31.080305	15	73	166	174	3	0	3	0
0.001000	31.320920	0	0	0	1	0	0	0	0
0.015000	30.588614	8	37	65	63	1	0	1	0
0.001000	33.541020	0	0	0	1	0	0	0	0
0.001000	30.232433	0	0	0	1	0	0	0	0
0.015000	30.204055	10	38	73	66	3	0	3	0
0.001000	31.320920	0	0	0	1	0	0	0	0
0.001000	36.000000	0	0	0	1	0	0	0	0
0.045000	33.426847	17	82	171	186	3	0	3	0
0.000000	35.902646	0	0	0	1	0	0	0	0
0.029000	35.649886	9	55	70	124	2	0	2	0
0.001000	36.069378	0	0	0	1	0	0	0	0
0.025000	36.364649	5	65	75	81	1	0	1	0
0.016000	36.215648	8	35	59	57	1	0	1	0
0.001000	36.055513	0	0	0	1	0	0	0	0
0.027000	36.643317	7	57	98	105	1	0	1	0
0.033000	35.242008	6	60	84	112	1	0	1	0
0.010000	39.426739	9	29	46	49	3	0	3	0
0.029000	39.913676	12	53	115	112	3	0	3	0
0.043000	39.719321	18	92	190	185	2	0	2	0
0.001000	42.107007	0	0	0	1	0	0	0	0
0.020000	40.379448	8	45	78	69	1	0	1	0
0.001000	40.311289	0	0	0	1	0	0	0	0
0.019000	38.205635	8	41	67	69	2	0	2	0
0.013000	40.968982	7	36	61	55	1	0	1	0
0.018000	39.981209	5	42	64	68	2	0	2	0
0.025000	38.134553	10	54	104	101	4	0	4	0
0.027000	45.559804	18	48	125	118	1	0	1	0
0.018000	46.124784	8	44	60	68	1	0	1	0
0.033000	46.317351	9	63	99	124	1	0	1	0
0.000000	46.690470	0	0	0	1	0	0	0	0
0.041000	42.638498	12	68	151	157	2	0	2	0
0.038000	43.839688	12	60	127	146	2	0	2	0
0.043000	39.774893	19	86	198	195	3	0	3	0
0.001000	44.147480	0	0	0	1	0	0	0	0
0.020000	42.850566	6	61	55	76	1	0	1	0
0.030000	41.658272	5	58	67	92	1	0	1	0
0.019000	46.140523	27	37	66	85	4	0	4	0
0.014000	44.104847	20	34	67	75	4	0	4	0
0.001000	46.690470	0	0	0	1	0	0	0	0
0.047000	47.315154	9	55	106	105	2	0	1	1
0.029000	45.851037	12	64	96	125	2	0	2	0
0.018000	47.666829	13	44	102	81	2	0	1	1
0.023000	48.648694	16	55	105	111	3	0	2	1
0.022000	50.160453	15	56	105	106	1	0	1	0
0.028000	46.309969	9	62	86	130	2	0	1	1
0.027000	48.351424	6	54	74	104	1	0	1	0
0.018000	49.941211	21	39	65	83	4	0	4	0
0.020000	51.313723	5	40	74	80	1	0	1	0
0.025000	51.333715	5	61	54	74	1	0	1	0
0.031000	50.068884	9	62	90	157	1	0	1	0
0.023000	50.791941	9	48	89	71	1	0	1	0
0.036000	50.083218	10	65	82	133	2	0	2	0
0.032000	50.283733	10	72	92	123	1	0	1	0
0.018000	50.781728	12	41	77	72	1	0	1	0
0.026000	50.505406	18	57	118	127	2	0	2	0
0.039000	51.579739	13	81	138	156	3	0	3	0
0.021000	53.558296	17	50	91	91	4	0	4	0
0.023000	55.014095	21	56	94	117	3	0	3	0
0.001000	57.384667	0	0	0	1	0	0	0	0
0.050000	55.286447	24	105	184	222	3	0	3	0
0.001000	55.901699	0	0	0	1	0	0	0	0
0.026000	54.562425	20	58	148	129	3	0	2	1
0.022000	57.245158	12	49	100	86	1	0	1	0
0.031000	55.759833	7	74	71	108	1	0	1	0
0.045000	50.910216	16	83	125	178	2	0	2	0
0.001000	54.424259	0	0	0	1	0	0	0	0
0.043000	61.152946	15	90	222	178	1	0	1	0
0.001000	57.706152	0	0	0	1	0	0	0	0
0.039000	54.680701	16	77	159	175	5	0	5	0
0.023000	59.641062	12	56	111	89	2	0	2	0
0.043000	57.992438	19	80	153	187	5	0	5	0
0.023000	60.990966	11	55	102	88	2	0	2	0
0.034000	59.841698	11	65	107	123	1	0	1	0
0.030000	57.964850	14	78	118	125	1	0	1	0
0.038000	57.900373	23	72	161	171	3	0	2	1
0.001000	60.016664	0	0	0	1	0	0	0	0
0.036000	61.029648	9	60	97	126	1	0	1	0
0.038000	62.698291	11	72	121	169	2	0	2	0
0.033000	63.853721	13	72	115	175	1	0	1	0
0.001000	65.192024	0	0	0	1	0	0	0	0
0.050000	58.886419	30	93	206	239	4	0	4	0
0.034000	60.838760	10	76	104	151	2	0	2	0
0.002000	61.522354	0	0	0	1	0	0	0	0
0.058000	60.528313	30	93	252	289	4	0	3	1
0.046000	59.939280	25	88	191	223	2	0	2	0
0.039000	62.401618	15	84	135	169	4	0	4	0
0.030000	67.283776	25	70	129	147	5	0	5	0
0.001000	63.788714	0	0	0	1	0	0	0	0
0.042000	63.193112	14	89	146	172	3	0	3	0
0.020000	64.742948	12	47	83	82	3	0	2	1
0.035000	66.732605	11	71	127	160	1	0	1	0
0.038000	65.686720	17	74	159	197	2	0	2	0
0.025000	64.792164	14	60	129	101	3	0	3	0
0.002000	71.028163	0	0	0	1	0	0	0	0
0.030000	67.868843	23	63	157	144	1	0	1	0
0.025000	66.491377	13	58	123	106	3	0	3	0
0.029000	69.158821	21	74	112	141	3	0	2	1
0.025000	71.224146	16	66	164	105	2	0	2	0
0.066000	66.152439	37	115	264	293	4	0	4	0
0.060000	66.095217	28	109	219	262	5	0	5	0
0.045000	69.515291	16	75	162	200	2	0	1	1
0.002000	71.021124	0	0	0	1	0	0	0	0
0.051000	68.486342	26	88	198	265	3	0	3	0
0.065000	67.782808	29	114	254	280	4	0	4	0
0.061000	69.563835	32	127	247	286	2	0	2	0
0.019000	68.046955	9	47	64	68	2	0	2	0
0.027000	72.934481	29	73	115	135	5	0	4	1
0.079000	71.356624	40	124	387	319	5	0	5	0
0.044000	71.093393	19	93	196	197	7	0	7	0
0.044000	74.681329	17	83	179	224	2	0	2	0
0.026000	72.125584	12	59	114	96	2	0	2	0
0.025000	72.860028	11	57	126	96	2	0	2	0
0.027000	77.610767	15	68	134	114	3	0	3	0
0.070000	70.601386	46	131	327	327	4	0	4	0
0.026000	72.338498	20	60	173	120	2	0	2	0
0.002000	74.518454	0	0	0	1	0	0	0	0
0.025000	75.784061	20	65	77	113	3	0	3	0
0.021000	74.574762	22	67	86	122	6	0	6	0
0.024000	76.090471	18	53	106	104	3	0	2	1
0.040000	76.505192	20	82	192	211	3	0	2	1
0.059000	73.952566	31	114	231	265	6	0	6	0
0.030000	80.386830	15	75	156	137	2	0	2	0
0.062000	74.048286	44	122	274	300	4	0	4	0
0.076000	75.612708	65	131	372	383	7	0	7	0
0.027000	77.242181	20	68	156	129	2	0	2	0
0.033000	76.040652	8	70	87	98	2	0	2	0
0.020000	84.066144	6	45	48	67	1	0	1	0
0.076000	78.341371	48	133	447	350	5	0	5	0
0.047000	82.799335	20	84	186	201	4	0	4	0
0.022000	82.129336	16	58	124	101	3	0	3	0
0.043000	80.856600	15	93	161	178	3	0	3	0
0.080000	79.046509	63	148	442	388	6	0	6	0
0.048000	82.114773	22	94	228	244	4	0	3	1
0.008000	83.207956	14	69	152	112	2	0	2	0
0.000000	80.143670	14	83	145	190	2	0	2	0
0.000000	80.174130	34	76	193	181	4	0	4	0
0.000000	82.044332	22	70	89	120	3	0	3	0
0.000000	83.956520	48	87	273	315	7	0	7	0
0.000000	86.743302	28	86	236	189	3	0	1	2
0.110000	81.104190	59	158	552	446	5	0	4	1
0.025000	84.228230	20	63	119	113	4	0	4	0
0.042000	83.454428	18	93	176	186	6	0	6	0
0.095000	83.366562	72	165	518	457	6	0	6	0
0.050000	82.070090	29	108	248	248	6	0	6	0
0.024000	84.946969	17	66	149	116	1	0	1	0
0.024000	84.332970	15	52	125	89	2	0	2	0
0.020000	89.604695	22	58	92	113	2	0	1	1
0.026000	87.418777	22	68	90	127	3	0	1	2
0.052000	88.024955	47	86	251	311	9	0	9	0
0.024000	89.190901	14	58	117	96	2	0	2	0
0.069000	86.798774	37	142	373	330	6	0	5	1
0.035000	91.530385	13	80	129	150	4	0	4	0
0.048000	88.001426	23	96	267	255	4	0	4	0
0.029000	88.557335	18	70	163	120	3	0	3	0
0.073000	85.680291	44	144	402	360	5	0	5	0
0.037000	86.798179	15	82	146	163	3	0	3	0
0.022000	93.392828	21	63	97	117	5	0	4	1
0.044000	88.671377	42	83	212	267	7	0	7	0
0.002000	91.782351	0	0	0	1	0	0	0	0
0.104000	95.132776	44	129	341	418	4	0	4	0
0.046000	89.600081	31	84	260	225	4	0	1	3
0.063000	90.939946	39	97	342	344	5	0	2	3
0.035000	94.785413	16	86	184	134	4	0	3	1
0.102000	89.822664	33	118	300	283	8	0	8	0
0.097000	91.395725	58	146	342	368	4	0	4	0
0.040000	90.607008	24	78	204	147	4	0	0	4
0.097000	97.492092	40	114	353	356	4	0	2	2
0.040000	97.610239	11	87	130	138	1	0	1	0
0.036000	95.044767	19	80	206	130	3	0	3	0
0.068000	93.528205	27	113	211	243	3	0	3	0
0.093000	94.871125	51	151	364	364	5	0	4	1
0.043000	97.345930	18	93	204	153	3	0	1	2
0.067000	95.890183	31	109	255	287	4	0	4	0
0.091000	95.869570	59	140	369	368	5	0	4	1
0.062000	93.997938	33	86	275	197	4	0	1	3
0.050000	98.097909	27	74	178	145	4	0	4	0
0.027000	99.168255	20	53	93	101	5	0	4	1
0.023000	102.401754	15	59	82	105	2	0	2	0
0.150000	96.175200	74	181	706	552	5	0	5	0
0.101000	97.815968	37	142	384	347	5	0	4	1
0.041000	102.405793	22	88	220	144	3	0	3	0
0.111000	97.538912	54	166	480	427	4	0	4	0
0.046000	102.513745	25	88	239	170	4	0	4	0
0.071000	98.745128	28	123	249	252	3	0	3	0
0.138000	98.957197	92	169	517	489	6	0	6	0
0.077000	99.304653	62	137	374	371	6	0	4	2
0.041000	103.902324	37	83	215	208	5	0	4	1
0.055000	102.620187	47	96	236	290	7	0	6	1
0.003000	101.651365	0	0	0	1	0	0	0	0
0.114000	100.965870	75	181	668	577	5	0	4	1
0.112000	100.994185	69	162	608	489	7	0	5	2
0.039000	107.245585	25	90	237	166	4	0	4	0
0.110000	103.437817	67	175	618	521	4	0	4	0
0.037000	103.523440	18	94	198	146	4	0	3	1
0.051000	101.636988	47	105	347	253	5	0	4	1
0.066000	105.165835	35	118	290	305	4	0	4	0
0.079000	106.069378	62	101	291	345	6	0	6	0
0.021000	109.447115	14	69	84	109	3	0	3	0
0.116000	109.549538	68	136	494	461	3	0	3	0
0.176000	109.371105	124	209	829	812	5	0	5	0
0.070000	106.583354	28	108	262	275	5	0	3	2
0.120000	105.839046	99	182	622	524	4	0	4	0
0.075000	105.453050	45	142	360	354	7	0	7	0
0.064000	105.488608	37	121	330	323	5	0	4	1
0.066000	108.399876	37	121	326	340	4	0	4	0
0.090000	105.627992	61	151	469	427	6	0	6	0
0.060000	115.628123	43	120	273	283	6	0	6	0
0.056000	109.142275	15	79	160	159	1	0	1	0
0.051000	110.924732	23	100	224	222	5	0	4	1
0.112000	109.462764	94	186	620	512	4	0	4	0
0.045000	113.471251	23	99	163	159	6	0	6	0
0.091000	110.588144	73	170	418	423	4	0	4	0
0.077000	108.505194	63	121	418	331	4	0	4	0
0.111000	111.725719	91	185	544	499	3	0	3	0
0.118000	110.426708	109	195	639	568	4	0	4	0
0.622000	109.971005	122	204	769	632	4	0	3	1
0.082000	112.703375	53	104	295	342	6	0	4	2
0.081000	118.721422	52	125	351	332	5	0	5	0
0.063000	115.040453	47	111	281	304	6	0	5	1
0.057000	115.658576	10	78	106	128	1	0	1	0
0.143000	114.251748	97	186	719	639	4	0	3	1
0.057000	112.876770	23	103	221	217	4	0	3	1
0.074000	113.038110	45	148	331	320	3	0	3	0
0.114000	116.832385	99	176	632	510	5	0	5	0
0.038000	114.841281	17	99	184	157	3	0	1	2
0.089000	112.350748	77	168	443	432	4	0	4	0
0.057000	117.711463	53	100	297	332	7	0	6	1
0.056000	122.131945	35	116	250	265	4	0	4	0
0.047000	118.376481	37	113	221	258	7	0	5	2
0.034000	115.553746	27	84	123	159	8	0	7	1
0.152000	118.462831	108	198	954	663	7	0	6	1
0.055000	117.119109	27	111	328	276	4	0	4	0
0.054000	121.432298	29	123	253	209	5	0	5	0
0.067000	121.483354	52	138	381	302	5	0	5	0
0.046000	118.655578	22	118	244	200	3	0	2	1
0.117000	121.852042	81	157	529	433	4	0	4	0
0.042000	122.034192	29	86	127	166	5	0	4	1
0.034000	120.802173	28	85	140	167	5	0	4	1
0.058000	122.611028	50	109	315	301	7	0	7	0
0.054000	123.027748	57	110	350	357	8	0	7	1
0.064000	123.889063	26	126	267	265	5	0	5	0
0.036000	126.128237	16	80	88	117	3	0	3	0
0.088000	123.406427	52	136	420	397	4	0	4	0
0.083000	122.128808	61	158	459	423	5	0	4	1
0.066000	120.259508	40	127	398	354	5	0	4	1
0.086000	119.256494	61	176	558	470	5	0	5	0
0.064000	127.803563	62	112	366	372	10	0	9	1
0.061000	129.902111	43	124	291	294	4	0	4	0
0.000000	123.489454	54	109	301	338	5	0	3	2
0.035000	126.996355	37	99	228	232	8	0	8	0
0.089000	127.479578	70	156	466	485	8	0	7	1
0.047000	127.657866	33	96	194	218	4	0	2	2
0.111000	124.250278	50	174	489	455	7	0	7	0
0.062000	127.482943	34	125	367	320	5	0	4	1
0.112000	122.090147	80	184	609	520	4	0	4	0
0.099000	123.706257	113	170	594	476	5	0	4	1
0.058000	131.045770	43	115	245	277	5	0	4	1
0.039000	136.158292	17	71	92	121	3	0	3	0
0.070000	130.187274	30	136	331	303	6	0	6	0
0.051000	131.620240	29	123	274	212	5	0	5	0
0.073000	131.239170	56	136	413	343	4	0	4	0
0.150000	127.083912	102	225	827	721	5	0	5	0
0.103000	126.073570	80	181	577	505	5	0	5	0
0.101000	128.045694	101	178	587	502	4	0	4	0
0.058000	129.251957	47	129	352	273	4	0	3	1
0.118000	127.218013	121	194	682	571	5	0	5	0
0.038000	135.090748	29	84	140	166	5	0	4	1
0.440000	133.871970	62	126	358	388	5	0	4	1
0.057000	130.876427	34	112	206	243	4	0	3	1
0.068000	135.653435	29	122	217	261	4	0	4	0
0.074000	135.169365	52	138	405	307	4	0	4	0
0.080000	132.143549	48	138	447	388	5	0	5	0
0.082000	133.725751	70	155	465	414	6	0	5	1
0.091000	131.024263	76	165	512	448	6	0	6	0
0.052000	130.526261	26	110	264	206	5	0	0	5
0.059000	131.691156	42	121	296	266	2	0	2	0
0.104000	137.227768	99	164	584	583	6	0	5	1
0.059000	132.878009	59	113	330	357	7	0	4	3
0.065000	137.480365	55	118	357	362	8	0	8	0
0.071000	140.760743	55	136	366	387	7	0	6	1
0.066000	136.121587	69	117	379	384	9	0	8	1
0.050000	137.609497	32	109	194	231	3	0	2	1
0.059000	138.230704	28	114	296	243	5	0	4	1
0.821000	137.505504	183	314	1467	1128	8	0	8	0
0.079000	142.909737	34	145	319	256	4	0	4	0
0.091000	140.841168	51	134	474	387	5	0	4	1
0.109000	140.705817	80	153	492	521	8	0	7	1
0.118000	138.528916	89	157	507	546	6	0	5	1
0.092000	141.853054	80	153	494	524	6	0	5	1
0.033000	145.465353	19	70	93	122	2	0	1	1
0.221000	137.620094	129	213	1053	826	7	0	6	1
0.082000	143.628338	25	122	284	249	5	0	5	0
0.076000	140.363612	45	121	338	269	5	0	5	0
0.284000	143.262637	205	328	1626	1196	7	0	7	0
0.094000	142.527796	51	190	496	401	4	0	4	0
0.067000	145.777893	52	128	393	285	4	0	2	2
0.065000	142.455687	56	121	344	349	8	0	7	1
0.054000	144.210110	52	124	316	317	7	0	6	1
0.034000	147.231776	29	84	141	166	5	0	4	1
0.098000	149.892775	70	147	507	490	4	0	3	1
0.103000	142.411998	100	170	597	582	7	0	6	1
0.073000	145.744122	66	128	418	423	6	0	3	3
0.045000	143.931364	38	104	263	232	10	0	9	1
0.075000	142.482522	32	137	346	320	5	0	5	0
0.110000	143.751129	74	210	647	539	5	0	4	1
0.105000	144.070833	77	189	718	537	7	0	6	1
0.102000	147.401751	92	176	584	566	6	0	5	1
0.048000	151.051209	42	106	283	243	6	0	5	1
0.052000	146.816063	37	107	200	229	6	0	2	4
0.029000	149.821466	16	71	89	120	4	0	3	1
0.043000	151.827812	24	96	188	163	5	0	5	0
0.090000	151.853242	42	179	471	376	6	0	6	0
0.055000	150.391956	33	125	339	252	7	0	4	3
0.151000	150.574685	123	244	984	768	7	0	5	2
0.078000	150.081096	50	151	465	395	5	0	5	0
0.091000	149.565190	89	206	748	599	7	0	6	1
0.063000	155.765419	33	125	223	256	5	0	5	0
0.055000	154.446674	46	126	336	282	8	0	7	1
0.048000	153.247458	45	122	314	271	7	0	6	1
0.050000	148.353394	40	114	294	251	10	0	9	1
0.057000	156.094015	22	102	251	216	5	0	4	1
0.102000	149.794697	100	159	593	443	9	0	9	0
0.127000	150.565655	91	206	792	639	6	0	5	1
0.093000	154.860804	66	158	591	474	6	0	5	1
0.123000	150.970556	94	222	764	613	6	0	6	0
0.128000	153.203850	107	202	703	626	5	0	3	2
0.052000	158.143376	45	120	320	275	8	0	8	0
0.061000	156.441108	58	136	420	362	7	0	7	0
0.054000	159.443199	36	105	187	217	4	0	1	3
0.099000	158.531850	57	142	537	509	6	0	5	1
0.066000	156.223420	37	137	392	316	7	0	4	3
0.062000	155.830095	39	134	415	342	8	0	5	3
0.153000	157.155398	123	230	1042	769	8	0	7	1
0.070000	158.352384	36	133	389	341	6	0	2	4
0.224000	159.657107	170	310	1321	1101	4	0	4	0
0.070000	155.661943	48	133	440	368	7	0	1	6
0.036000	167.482874	24	89	150	182	3	0	3	0
0.048000	166.880457	30	111	216	236	6	0	5	1
0.092000	163.781027	89	148	568	515	7	0	7	0
0.166000	158.680540	141	224	1068	865	7	0	6	1
0.107000	164.567583	99	166	644	544	7	0	7	0
0.090000	161.247341	57	157	542	449	6	0	5	1
0.200000	160.254255	154	297	1227	962	5	0	5	0
0.166000	157.522915	140	260	1078	842	5	0	5	0
0.141000	159.244730	122	238	956	747	7	0	5	2
0.105000	160.912860	93	163	596	540	6	0	6	0
0.071000	164.274040	61	135	445	386	8	0	8	0
0.071000	168.287536	66	144	464	422	8	0	8	0
0.079000	166.904212	69	147	461	483	8	0	7	1
0.132000	163.030603	122	207	716	600	7	0	6	1
0.128000	164.379989	133	207	712	617	7	0	7	0
0.308000	163.824846	204	331	1542	1270	5	0	4	1
0.057000	162.602195	39	120	314	253	4	0	4	0
0.189000	162.486672	153	240	1160	904	7	0	6	1
0.184000	164.535610	158	251	1270	931	8	0	7	1
0.253000	164.957273	196	327	1425	1218	6	0	4	2
0.129000	171.269819	91	215	760	683	7	0	7	0
0.069000	164.446124	65	134	456	387	7	0	4	3
0.089000	169.980489	75	160	538	515	7	0	6	1
0.174000	169.386346	112	190	906	819	6	0	5	1
0.175000	173.086011	145	210	1113	923	6	0	5	1
0.132000	168.166893	130	205	685	587	8	0	7	1
0.065000	168.661503	38	134	402	304	8	0	4	4
0.293000	168.043984	249	388	1932	1440	7	0	7	0
0.225000	168.417163	179	306	1364	1036	5	0	5	0
0.222000	167.957046	180	306	1333	1069	5	0	5	0
0.132000	175.004938	97	155	622	538	8	0	8	0
0.094000	170.619236	68	146	510	409	8	0	7	1
0.100000	170.044689	71	138	497	444	6	0	4	2
0.091000	175.396948	49	138	335	366	4	0	2	2
0.078000	173.820510	34	118	273	267	5	0	5	0
0.112000	170.937166	69	157	465	454	5	0	4	1
0.212000	172.544297	107	189	869	799	6	0	5	1
0.053000	172.350268	57	139	515	415	5	0	3	2
0.127000	170.553522	277	394	2001	1553	8	0	8	0
0.072000	169.967701	38	127	373	329	5	0	3	2
0.092000	177.244413	81	147	497	469	5	0	5	0
0.087000	179.241621	81	147	525	476	6	0	6	0
0.196000	176.773086	132	237	974	848	8	0	5	3
0.099000	176.046455	79	168	586	535	6	0	5	1
0.053000	175.924949	41	116	251	258	5	0	1	4
0.086000	177.800607	91	152	561	507	7	0	7	0
0.055000	176.024908	38	129	268	280	8	0	5	3
0.145000	175.102406	101	227	830	760	10	0	10	0
0.133000	172.408316	115	210	789	651	10	0	10	0
1.080000	177.360970	262	384	1881	1479	7	0	7	0
0.106000	179.443700	73	155	514	501	7	0	6	1
0.186000	182.836261	125	234	930	824	7	0	4	3
0.163000	179.586553	125	237	985	833	7	0	6	1
0.060000	179.158599	53	135	419	341	10	0	8	2
0.077000	179.605294	68	150	466	412	6	0	4	2
0.170000	179.506577	73	149	523	426	8	0	3	5
0.059000	180.859984	35	132	253	264	4	0	3	1
0.178000	181.448947	156	259	1154	932	11	0	8	3
0.141000	181.285777	120	200	917	646	9	0	7	2
0.011000	175.797234	95	171	737	557	8	0	5	3
0.167000	186.021149	136	246	1004	870	7	0	4	3
0.076000	181.122251	73	149	524	412	7	0	4	3
0.060000	185.669197	42	136	317	291	6	0	5	1
0.157000	187.238261	123	243	941	843	5	0	2	3
0.160000	186.626843	150	238	1008	793	8	0	8	0
0.128000	182.985363	132	209	752	592	9	0	9	0
0.132000	183.127120	93	187	772	608	4	0	3	1
0.093000	182.648036	84	155	555	486	5	0	5	0
0.114000	178.714016	108	202	699	572	8	0	8	0
0.157000	183.567358	105	195	872	809	7	0	6	1
0.067000	192.556072	39	155	323	325	7	0	7	0
0.074000	186.648052	73	148	495	399	9	0	4	5
0.173000	189.266472	132	249	1037	866	8	0	5	3
0.153000	189.210614	119	193	936	825	8	0	6	2
0.137000	185.119279	131	199	882	697	9	0	6	3
0.341000	185.610401	99	180	786	614	5	0	4	1
0.150000	184.067464	105	171	739	576	9	0	5	4
0.108000	186.157376	67	152	608	485	5	0	3	2
0.137000	188.818433	110	189	860	681	6	0	5	1
0.211000	189.268202	176	256	1274	1035	7	0	6	1
0.197000	192.202098	102	231	889	758	7	0	7	0
0.101000	192.908463	50	159	381	370	6	0	6	0
0.106000	194.322677	56	168	418	403	6	0	6	0
0.316000	194.034633	263	368	1934	1464	6	0	6	0
0.000000	187.641831	127	199	871	686	8	0	5	3
0.132000	187.668086	98	181	760	634	5	0	4	1
0.159000	190.301722	98	250	1061	793	10	0	9	1
0.084000	194.181519	53	167	510	417	9	0	5	4
0.129000	191.729323	100	194	803	639	4	0	3	1
0.157000	187.874392	115	218	763	646	8	0	8	0
0.223000	197.119112	162	248	1185	1015	9	0	9	0
0.124000	194.192944	79	170	632	537	6	0	6	0
0.126000	199.374249	84	196	693	642	8	0	7	1
0.078000	195.955901	49	141	332	342	5	0	3	2
0.083000	198.217763	54	159	389	398	5	0	4	1
0.199000	198.092377	168	270	1271	975	8	0	4	4
0.152000	195.927762	125	237	943	819	7	0	3	4
0.159000	199.591252	130	245	987	855	8	0	5	3
0.065000	196.517441	42	156	363	326	5	0	4	1
0.219000	194.655584	165	247	1248	999	6	0	5	1
0.076000	198.244109	54	144	343	350	5	0	3	2
0.148000	202.023314	110	206	848	765	8	0	7	1
0.129000	199.956756	139	178	832	696	8	0	8	0
0.079000	200.840035	44	157	410	356	7	0	7	0
0.240000	200.333606	269	376	1996	1485	4	0	4	0
0.259000	199.649244	187	292	1358	1168	6	0	5	1
0.346000	202.693032	294	392	2160	1577	8	0	6	2
0.281000	200.814167	225	327	1819	1311	9	0	7	2
0.166000	199.400972	122	264	1254	889	9	0	8	1
0.156000	199.861800	129	228	961	718	10	0	7	3
0.106000	203.992707	71	193	513	519	5	0	3	2
0.074000	208.845044	48	164	397	371	7	0	7	0
0.252000	205.526815	227	334	1568	1267	8	0	6	2
0.153000	203.152716	158	217	924	793	10	0	10	0
0.058000	202.924400	36	140	235	263	7	0	4	3
0.254000	201.729011	196	286	1466	1181	6	0	5	1
0.240000	204.553695	202	320	1520	1173	10	0	8	2
0.138000	200.752815	126	201	861	672	9	0	5	4
0.125000	198.832773	116	193	851	692	5	0	4	1
0.187000	200.493487	178	245	1124	904	8	0	6	2
0.110000	202.570799	94	192	680	536	9	0	6	3
0.166000	205.085274	162	238	1093	861	6	0	5	1
0.130000	202.127009	107	195	831	669	6	0	5	1
0.138000	204.689535	174	284	1195	927	8	0	8	0
0.157000	203.418977	159	225	1062	817	5	0	4	1
0.212000	209.294397	181	289	1245	991	9	0	7	2
0.263000	205.437932	225	337	1692	1283	11	0	9	2
0.130000	204.600707	131	227	972	720	11	0	9	2
0.256000	206.974107	206	334	1650	1239	10	0	8	2
0.279000	206.744469	240	351	2059	1402	10	0	9	1
0.190000	212.309897	142	263	1282	1019	11	0	10	1
0.346000	210.171822	275	386	2292	1545	8	0	6	2
0.401000	210.078333	240	342	1891	1391	9	0	7	2
0.334000	211.563514	261	375	2184	1476	6	0	5	1
0.318000	212.130220	249	347	1804	1412	9	0	7	2
0.271000	211.817832	203	329	1472	1200	9	0	7	2
0.193000	208.186138	167	248	1029	861	9	0	7	2
0.320000	212.642106	261	353	1839	1485	8	0	6	2
0.563000	212.133384	250	363	1826	1421	6	0	5	1
0.333000	211.883682	254	350	2053	1422	10	0	9	1
0.083000	215.508961	38	140	260	267	5	0	4	1
0.061000	218.406762	35	135	258	266	4	0	3	1
0.090000	218.342109	57	175	468	423	6	0	6	0
0.372000	219.932028	319	405	2326	1678	8	0	7	1
0.274000	213.799059	249	370	1867	1398	9	0	7	2
0.292000	214.676437	245	366	2071	1426	6	0	5	1
0.422000	214.684278	254	360	1837	1444	10	0	8	2
0.296000	216.210986	235	347	1694	1351	9	0	7	2
0.146000	212.445082	145	209	888	749	10	0	10	0
0.304000	217.664148	268	387	1980	1517	6	0	5	1
0.331000	221.602317	304	409	2360	1646	8	0	7	1
0.072000	215.285969	99	173	748	597	8	0	6	2
0.096000	214.615219	95	181	736	602	6	0	4	2
0.291000	216.568422	232	357	1988	1408	7	0	6	1
0.312000	217.325925	281	393	2292	1597	8	0	7	1
0.406000	220.582144	398	466	3037	1983	8	0	8	0
0.121000	216.704913	91	194	775	614	7	0	5	2
0.187000	218.478042	175	250	1122	900	7	0	6	1
0.341000	218.249703	283	369	2032	1569	10	0	8	2
0.346000	219.555084	313	386	2298	1660	11	0	9	2
0.089000	224.302903	52	169	421	396	7	0	5	2
0.339000	223.698684	313	413	2383	1656	8	0	7	1
0.234000	220.091385	133	187	915	708	7	0	6	1
0.289000	222.209905	217	333	1754	1308	10	0	7	3
0.406000	223.355387	388	463	3050	1956	7	0	6	1
0.267000	221.943559	231	341	1712	1318	12	0	10	2
0.528000	226.005254	267	374	1914	1504	9	0	8	1
0.279000	221.277167	201	326	1429	1171	10	0	8	2
0.191000	218.848020	167	248	1025	849	10	0	6	4
0.189000	217.265910	158	234	1011	826	9	0	5	4
0.348000	228.012378	311	408	2368	1646	11	0	10	1
0.418000	225.779358	403	472	3177	2002	7	0	6	1
0.122000	223.036688	109	189	860	664	6	0	3	3
0.141000	221.025188	138	209	918	723	10	0	5	5
0.170000	223.617288	163	238	1034	834	8	0	4	4
0.189000	224.933069	179	252	1134	910	9	0	5	4
0.158000	223.079385	158	234	993	821	11	0	6	5
0.331000	224.059501	323	422	2283	1726	7	0	6	1
0.314000	224.354890	257	364	2035	1494	11	0	8	3
0.320000	228.383566	377	474	3134	1953	8	0	8	0
0.317000	228.451135	265	365	1846	1474	11	0	9	2
0.283000	224.988665	238	346	1607	1321	10	0	6	4
0.183000	225.308229	177	252	1106	899	8	0	4	4
0.340000	228.039008	220	338	1677	1265	9	0	7	2
0.330000	231.341900	283	377	2115	1600	9	0	7	2
0.339000	232.591915	313	415	2367	1656	8	0	7	1
0.177000	230.517430	174	248	1015	889	10	0	9	1
0.053000	227.596157	154	217	982	787	8	0	8	0
0.177000	226.340657	166	245	1161	874	11	0	8	3
0.247000	227.076946	189	325	1531	1159	11	0	8	3
0.093000	235.411014	65	184	506	465	9	0	8	1
0.396000	237.723685	370	451	2660	1874	7	0	6	1
0.257000	237.608750	376	461	2724	1916	11	0	10	1
0.219000	234.302818	276	380	2083	1540	11	0	10	1
0.252000	232.124638	227	347	1628	1304	11	0	10	1
0.361000	232.398702	315	395	2163	1679	8	0	7	1
0.298000	232.629410	249	360	1682	1418	9	0	8	1
0.979000	232.405247	291	379	2186	1620	9	0	7	2
0.447000	233.127111	398	480	3239	1993	8	0	6	2
0.376000	236.726946	334	419	2459	1761	8	0	6	2
0.273000	237.024083	233	354	2072	1358	7	0	5	2
0.173000	236.780453	172	247	999	883	10	0	10	0
0.312000	236.133749	271	392	2128	1556	10	0	9	1
0.274000	239.143346	313	414	2354	1667	9	0	8	1
0.303000	237.252989	242	342	1987	1390	11	0	9	2
0.240000	235.951837	205	334	1697	1251	7	0	5	2
0.118000	232.577514	105	172	780	625	8	0	6	2
0.298000	235.603746	248	359	1674	1417	9	0	7	2
0.370000	238.666623	319	466	2546	1784	7	0	6	1
0.146000	234.888827	139	217	840	738	10	0	8	2
0.112000	246.028365	69	199	624	532	7	0	5	2
0.390000	242.571117	371	460	2589	1880	12	0	11	1
0.391000	242.210579	358	444	2538	1837	11	0	10	1
0.194000	241.051376	198	288	1301	997	8	0	8	0
0.312000	242.309227	267	376	1962	1533	11	0	10	1
0.352000	245.291167	318	391	2149	1692	9	0	8	1
0.134000	237.236032	129	200	795	678	10	0	8	2
0.247000	242.597889	272	374	2008	1521	14	0	12	2
0.324000	239.150903	266	368	1865	1515	9	0	7	2
0.331000	239.553294	288	374	1946	1573	9	0	8	1
0.153000	241.607327	162	231	1077	827	9	0	9	0
0.169000	245.254899	183	270	1224	922	8	0	8	0
0.296000	246.520465	237	360	1725	1381	10	0	9	1
0.217000	240.371544	188	303	1213	1035	11	0	9	2
0.357000	241.442865	332	463	2504	1798	8	0	6	2
0.413000	244.653058	413	491	3112	2043	6	0	5	1
0.428000	244.982084	416	482	2883	2042	12	0	11	1
0.193000	243.777934	196	287	1323	1014	9	0	6	3
0.349000	246.159191	309	389	2315	1654	10	0	9	1
0.331000	247.650921	328	415	2443	1693	10	0	9	1
0.422000	250.465408	334	416	2525	1714	11	0	9	2
0.397000	249.318742	373	476	3163	1955	8	0	7	1
0.296000	250.588092	242	369	1788	1428	10	0	9	1
0.322000	247.144940	270	363	1815	1528	10	0	8	2
0.289000	245.747200	243	359	1668	1414	11	0	8	3
0.265000	245.073876	229	352	1581	1321	10	0	9	1
0.207000	245.502048	205	288	1384	1044	10	0	7	3
0.435000	250.696057	440	494	3330	2092	8	0	8	0
0.420000	249.011752	404	479	2754	2003	11	0	10	1
0.348000	248.757086	305	441	2644	1697	8	0	7	1
0.971000	253.624434	333	413	2429	1757	14	0	13	1
0.377000	251.967419	295	398	2209	1637	12	0	11	1
0.361000	254.229262	290	395	2073	1634	11	0	10	1
0.304000	253.486649	263	379	1920	1506	12	0	11	1
0.330000	252.275775	278	387	1976	1582	10	0	9	1
0.297000	250.873398	252	358	1809	1393	12	0	10	2
0.268000	249.557875	227	353	1597	1314	11	0	10	1
0.379000	255.217677	353	475	2799	1875	7	0	6	1
0.169000	251.936869	182	268	1199	913	9	0	8	1
0.431000	252.057451	411	500	3373	2062	9	0	8	1
0.130000	259.525808	150	265	1260	1119	10	0	9	1
0.438000	257.888839	429	485	2868	2064	11	0	10	1
0.354000	255.087335	300	402	2275	1667	12	0	11	1
0.331000	257.065233	284	389	2011	1627	9	0	8	1
0.329000	253.922814	277	364	1826	1549	8	0	6	2
0.144000	253.352943	141	213	832	739	10	0	9	1
0.249000	256.098935	221	375	1651	1271	9	0	7	2
0.251000	254.285825	240	373	1763	1344	10	0	9	1
0.440000	253.130328	436	493	3395	2092	9	0	7	2
0.000000	254.958897	241	361	1748	1401	11	0	10	1
0.261000	265.413969	227	325	1788	1375	13	0	12	1
0.204000	258.940318	210	307	1399	1050	8	0	8	0
0.541000	261.242444	266	364	1865	1445	13	0	11	2
0.226000	256.317158	229	317	1540	1144	10	0	9	1
0.303000	257.043772	280	394	2060	1523	9	0	8	1
0.213000	258.137225	183	255	1233	917	11	0	11	0
0.303000	261.235897	230	351	1656	1317	10	0	9	1
0.246000	258.203380	199	294	1220	1014	11	0	9	2
0.315000	259.907831	241	352	1664	1333	11	0	10	1
0.237000	258.210637	210	308	1430	1064	9	0	8	1
0.388000	263.526873	341	419	2490	1784	15	0	14	1
0.434000	266.812409	418	483	2825	2035	11	0	10	1
0.297000	261.357899	211	310	1406	1066	9	0	8	1
0.266000	260.574851	228	353	1568	1314	11	0	10	1
0.275000	260.302180	232	349	1631	1313	13	0	11	2
0.202000	262.222914	202	305	1370	1061	9	0	6	3
0.107000	259.349857	249	384	1854	1421	9	0	8	1
0.161000	262.280015	234	327	1526	1141	8	0	8	0
0.382000	267.502707	354	425	2558	1813	14	0	13	1
0.482000	261.339046	450	495	3464	2122	9	0	7	2
0.250000	270.323714	177	285	1483	1227	9	0	7	2
0.316000	266.444142	272	375	1983	1506	13	0	12	1
0.262000	263.303157	244	382	1851	1381	9	0	7	2
0.289000	267.698186	234	351	1636	1319	10	0	9	1
0.211000	265.418453	216	317	1425	1082	9	0	8	1
0.490000	267.834917	384	496	2987	1968	11	0	10	1
1.182000	267.872143	426	497	3515	2089	11	0	10	1
0.572000	268.316173	353	424	2566	1818	14	0	13	1
0.200000	267.171713	203	302	1389	1044	9	0	9	0
0.175000	266.275464	190	252	1243	925	11	0	11	0
0.306000	274.270005	260	363	2136	1502	12	0	9	3
0.244000	273.870589	207	311	1699	1326	11	0	9	2
0.368000	271.425590	329	413	2359	1747	11	0	10	1
0.271000	270.578959	238	352	1658	1331	12	0	11	1
0.318000	271.995555	277	378	2053	1544	12	0	11	1
0.226000	268.715925	228	325	1504	1126	8	0	8	0
0.210000	268.995557	231	307	1517	1115	10	0	7	3
0.167000	271.013984	184	267	1253	923	10	0	10	0
0.163000	269.106866	180	261	1233	908	10	0	10	0
0.161000	270.273843	182	267	1259	911	9	0	9	0
0.297000	275.094435	258	374	2093	1518	9	0	6	3
0.333000	275.889486	209	351	1848	1403	12	0	11	1
0.462000	276.732912	440	496	3534	2125	11	0	11	0
0.471000	274.640728	352	421	2531	1813	14	0	13	1
0.254000	269.504576	227	303	1471	1102	10	0	7	3
0.297000	273.666350	240	339	1587	1188	9	0	8	1
0.430000	277.089712	432	495	3448	2105	10	0	10	0
0.350000	279.107779	307	397	2273	1660	12	0	11	1
0.181000	272.484196	205	269	1355	980	11	0	11	0
0.182000	273.897606	215	285	1393	1017	13	0	12	1
0.746000	284.532700	364	426	2667	1817	10	0	7	3
0.448000	284.665419	386	457	2836	1905	13	0	12	1
0.348000	280.184453	251	377	2005	1506	12	0	8	4
0.368000	280.688231	306	399	2377	1660	10	0	7	3
0.169000	278.614470	184	260	1229	924	10	0	10	0
0.170000	277.890997	195	258	1286	945	11	0	11	0
0.271000	280.391601	216	286	1400	1018	11	0	9	2
0.165000	278.591842	183	258	1249	919	10	0	10	0
0.165000	277.289028	184	255	1233	917	11	0	11	0
0.361000	280.964565	321	404	2598	1720	11	0	9	2
0.084000	283.423154	331	406	2470	1730	10	0	7	3
0.407000	286.955213	389	457	2868	1915	12	0	11	1
0.108000	284.408923	308	395	2539	1672	13	0	11	2
0.421000	287.163953	411	485	3032	1995	11	0	10	1
0.456000	285.665518	430	493	3362	2098	10	0	10	0
0.191000	281.071396	209	274	1375	990	12	0	11	1
0.177000	279.823848	184	260	1219	921	10	0	10	0
0.207000	280.757334	215	319	1494	1082	9	0	9	0
0.459000	285.304885	462	510	3606	2179	13	0	12	1
0.175000	281.429822	182	255	1211	918	10	0	10	0
0.309000	289.136425	227	356	1971	1449	12	0	11	1
0.393000	290.438594	373	445	2752	1847	12	0	9	3
0.261000	287.607950	195	325	1674	1324	14	0	13	1
0.925000	289.710513	403	485	3003	1964	11	0	7	4
0.212000	284.007210	216	319	1478	1082	9	0	9	0
0.440000	287.582167	432	495	3486	2099	10	0	8	2
0.436000	287.727191	445	501	3551	2130	11	0	9	2
0.178000	284.875131	195	256	1283	942	11	0	11	0
0.458000	291.563352	463	507	3319	2143	12	0	9	3
0.237000	284.998085	203	306	1632	1304	14	0	12	2
0.239000	292.541627	205	305	1665	1308	12	0	10	2
0.412000	292.244404	403	483	2946	1958	14	0	11	3
0.458000	289.625783	444	495	3537	2126	13	0	12	1
0.177000	288.052042	210	273	1336	984	12	0	11	1
0.168000	286.714957	195	255	1265	939	11	0	11	0
0.002000	294.812055	368	432	2824	1836	12	0	11	1
0.386000	291.014367	365	430	2729	1830	13	0	12	1
0.403000	297.259912	403	470	2998	1969	10	0	9	1
0.471000	292.416122	252	373	2021	1503	11	0	8	3
0.361000	291.556089	329	408	2608	1737	11	0	8	3
0.332000	296.171237	261	377	2196	1554	13	0	12	1
0.370000	295.539104	329	408	2598	1737	13	0	9	4
0.311000	297.545631	335	415	2608	1763	11	0	9	2
0.376000	296.698502	352	413	2603	1774	13	0	7	6
0.350000	294.710626	317	406	2438	1698	13	0	9	4
0.370000	293.363820	343	421	2666	1784	14	0	12	2
0.455000	296.269219	351	417	2724	1791	12	0	10	2
0.432000	295.664296	473	515	3319	2170	10	0	8	2
0.368000	294.982995	336	412	2673	1758	11	0	9	2
0.409000	297.386753	443	509	3134	2098	9	0	7	2
0.383000	301.363984	373	443	2789	1867	11	0	10	1
0.420000	302.157038	435	495	3104	2054	12	0	11	1
0.240000	298.533238	311	401	2454	1674	12	0	8	4
0.371000	299.105002	331	408	2563	1734	11	0	7	4
0.389000	300.542517	375	444	2877	1871	10	0	9	1
0.406000	299.905740	373	443	2784	1860	14	0	11	3
0.420000	299.928605	399	458	2942	1928	15	0	12	3
0.468000	298.281027	305	401	2404	1665	14	0	9	5
0.522000	299.975139	368	438	2756	1848	13	0	12	1
0.381000	299.840445	371	433	2810	1847	10	0	9	1
0.365000	305.350941	350	417	2676	1793	11	0	9	2
0.118000	306.343693	472	517	3183	2159	11	0	9	2
0.379000	302.690693	349	418	2671	1786	14	0	12	2
0.431000	303.421038	472	517	3180	2160	9	0	7	2
1.033000	302.947116	472	517	3213	2159	9	0	7	2
0.392000	298.903522	326	409	2472	1718	14	0	10	4
0.446000	306.095159	462	514	3227	2148	12	0	9	3
0.139000	303.896887	94	250	865	688	10	0	8	2
0.138000	305.544278	97	251	887	702	10	0	8	2
0.112000	304.350084	85	219	761	605	9	0	8	1
0.422000	307.411520	454	516	3111	2134	10	0	7	3
0.350000	308.223945	457	517	3096	2138	10	0	8	2
0.412000	304.522084	441	508	3138	2081	13	0	9	4
0.377000	304.682098	361	423	2716	1816	13	0	12	1
0.414000	309.130915	448	522	3142	2139	11	0	9	2
0.423000	308.670749	471	515	3140	2152	9	0	7	2
0.180000	311.795633	123	272	1142	898	9	0	7	2
0.112000	309.482078	84	206	676	576	9	0	7	2
0.152000	308.843858	113	261	1041	811	10	0	8	2
0.359000	306.990267	357	462	2864	1887	13	0	11	2
0.405000	314.661134	403	470	2912	1965	12	0	9	3
0.378000	313.574243	360	427	2726	1824	13	0	11	2
0.354000	314.187919	403	470	2947	1971	10	0	9	1
0.468000	311.628609	369	432	2791	1838	12	0	9	3
0.423000	311.633314	441	515	3179	2101	13	0	11	2
0.441000	309.679002	480	520	3335	2179	14	0	11	3
0.430000	311.610725	480	517	3178	2174	10	0	8	2
0.427000	315.116586	476	517	3207	2163	10	0	8	2
0.354000	309.365908	328	407	2540	1712	14	0	10	4
0.447000	312.393794	484	524	3303	2195	14	0	11	3
0.422000	314.257638	460	517	3085	2134	13	0	10	3
0.360000	314.728688	424	493	3008	2021	15	0	12	3
0.449000	316.113635	484	524	3276	2196	13	0	11	2
0.435000	317.694017	472	519	3188	2173	13	0	10	3
0.422000	313.903465	452	516	3089	2119	13	0	11	2
0.374000	312.361144	361	426	2719	1821	14	0	12	2
0.416000	317.877436	440	521	3177	2108	12	0	10	2
0.426000	316.101402	452	524	3270	2148	12	0	10	2
0.417000	314.493708	443	518	3174	2106	12	0	10	2
0.429000	315.451535	453	512	3157	2132	13	0	10	3
1.109000	318.621388	361	423	2774	1819	13	0	11	2
0.434000	319.888444	442	522	3128	2115	12	0	10	2
0.427000	319.433786	462	521	3300	2172	13	0	11	2
0.397000	317.128165	392	457	2883	1917	15	0	11	4
0.434000	318.023700	474	522	3144	2170	10	0	8	2
0.422000	320.950383	456	523	3131	2147	10	0	8	2
0.441000	319.840279	482	521	3239	2181	15	0	11	4
0.138000	319.384151	97	253	913	704	10	0	8	2
0.184000	317.068901	140	281	1250	1008	10	0	7	3
0.063000	318.759926	125	272	1163	886	12	0	10	2
0.437000	321.042086	477	520	3140	2167	13	0	11	2
0.434000	326.435193	479	517	3096	2175	11	0	9	2
0.436000	325.882290	479	520	3148	2178	10	0	8	2
0.404000	320.778922	438	513	3084	2085	14	0	12	2
0.433000	322.417166	482	524	3143	2185	13	0	11	2
0.147000	320.520570	469	516	3138	2151	13	0	11	2
0.416000	322.096144	451	524	3243	2142	13	0	11	2
0.493000	326.049304	453	524	3195	2140	11	0	9	2
0.954000	323.066705	171	297	1448	1134	13	0	11	2
0.141000	323.513433	111	254	925	733	13	0	11	2
0.434000	326.385543	459	524	3276	2165	13	0	11	2
0.432000	325.722658	469	514	3154	2146	13	0	10	3
0.443000	326.079530	469	516	3149	2154	13	0	10	3
0.411000	323.579593	437	516	3074	2081	15	0	13	2
0.372000	321.901645	358	420	2755	1802	15	0	11	4
0.417000	329.080378	446	523	3134	2126	12	0	10	2
0.434000	327.899191	473	519	3157	2158	10	0	7	3
0.416000	327.150180	457	523	3164	2145	10	0	8	2
0.000000	330.841180	186	306	1627	1204	12	0	10	2
0.120000	326.944544	101	252	920	709	10	0	8	2
0.422000	332.944008	463	521	3233	2170	15	0	13	2
0.434000	331.349167	480	530	3393	2227	13	0	11	2
0.420000	333.385304	455	523	3118	2146	11	0	9	2
0.426000	331.639050	466	527	3106	2186	11	0	9	2
0.422000	327.687093	453	520	3247	2141	15	0	12	3
0.437000	332.014363	485	534	3397	2239	12	0	10	2
0.164000	333.534281	122	266	1127	835	12	0	10	2
0.199000	331.058200	149	297	1341	1088	11	0	8	3
0.868000	327.615168	337	440	2716	1805	13	0	11	2
0.209000	329.710783	146	284	1286	1035	10	0	7	3
0.474000	338.748943	480	520	3114	2178	11	0	9	2
0.568000	333.975911	467	521	3133	2175	11	0	8	3
0.443000	337.460556	492	536	3445	2251	12	0	10	2
0.414000	336.305314	449	521	3123	2130	12	0	10	2
0.394000	335.894099	447	521	3145	2126	12	0	10	2
0.433000	336.752193	460	522	3273	2154	13	0	11	2
0.405000	332.442247	464	525	3300	2170	13	0	10	3
0.424000	334.525484	446	521	3077	2126	12	0	10	2
0.362000	330.908857	350	439	2883	1831	12	0	9	3
0.317000	332.760578	311	400	2420	1689	15	0	13	2
0.427000	338.531902	458	525	3107	2153	10	0	8	2
0.410000	339.936056	446	524	3061	2126	14	0	12	2
0.421000	337.636727	462	524	3286	2167	13	0	11	2
0.324000	339.132479	311	402	2504	1685	12	0	9	3
0.195000	337.342903	147	290	1296	1067	10	0	7	3
0.141000	339.050478	109	255	940	726	12	0	9	3
0.269000	335.836690	255	340	2052	1497	13	0	10	3
0.152000	340.690971	109	253	915	727	11	0	9	2
0.234000	338.089421	191	306	1582	1210	14	0	12	2
0.141000	341.205052	113	255	952	736	13	0	11	2
0.433000	341.604086	466	524	3291	2175	13	0	11	2
0.416000	344.613654	447	523	3071	2129	13	0	11	2
0.140000	342.048660	106	253	905	704	11	0	9	2
0.144000	342.508274	111	255	932	729	12	0	10	2
0.165000	343.704215	135	275	1177	914	13	0	11	2
0.170000	341.599068	135	273	1166	903	13	0	11	2
0.152000	343.402569	124	261	1058	813	13	0	11	2
0.218000	343.211156	193	306	1600	1212	13	0	11	2
0.186000	340.446524	147	284	1244	1022	11	0	9	2
0.150000	342.606222	124	261	1067	817	14	0	12	2
0.421000	346.112915	456	519	3270	2130	13	0	11	2
0.164000	345.112224	466	527	3120	2179	14	0	11	3
0.265000	343.551642	313	389	2421	1671	14	0	12	2
0.298000	346.579279	288	366	2303	1599	13	0	11	2
0.251000	344.302773	232	322	1846	1399	14	0	12	2
0.346000	346.346815	346	443	2699	1824	15	0	13	2
0.201000	346.555503	167	293	1404	1110	14	0	12	2
0.295000	344.939599	284	363	2236	1592	15	0	13	2
0.153000	345.747573	124	261	1081	817	14	0	12	2
0.189000	344.852823	153	290	1277	1075	13	0	10	3
0.428000	349.917334	463	525	3237	2167	14	0	12	2
0.424000	348.955436	463	524	3253	2161	15	0	13	2
1.076000	346.355300	462	525	3066	2159	12	0	10	2
0.470000	348.054731	461	525	3086	2157	10	0	8	2
0.376000	346.074143	371	462	2864	1896	14	0	12	2
0.395000	345.847563	422	503	3270	2071	14	0	12	2
0.233000	348.467342	203	308	1702	1249	14	0	12	2
0.335000	347.869965	343	440	2667	1803	16	0	14	2
0.137000	350.499446	111	256	916	729	14	0	12	2
0.136000	348.672932	109	254	875	721	13	0	11	2
0.431000	349.573984	465	524	3303	2169	15	0	12	3
0.438000	350.066099	480	529	3331	2217	16	0	14	2
0.331000	350.913660	448	523	3127	2130	15	0	13	2
0.421000	355.685731	453	517	3167	2118	13	0	11	2
0.196000	352.684887	153	290	1280	1068	11	0	8	3
0.141000	353.520810	110	257	913	736	12	0	10	2
0.170000	354.742561	141	282	1197	969	15	0	13	2
0.396000	351.093328	316	401	2393	1694	16	0	14	2
0.160000	357.495637	130	268	1093	852	14	0	12	2

