0.014000	3.605551	0	0	0	1	0	0	0	0
0.006000	2.828427	0	0	0	1	0	0	0	0
0.005000	3.162278	0	0	0	1	0	0	0	0
0.004000	3.605551	0	0	0	1	0	0	0	0
0.004000	2.000000	0	0	0	1	0	0	0	0
0.003000	3.000000	0	0	0	1	0	0	0	0
0.000000	1.414214	0	0	0	1	0	0	0	0
0.001000	2.000000	0	0	0	1	0	0	0	0
0.000000	2.000000	0	0	0	1	0	0	0	0
0.001000	3.605551	0	0	0	1	0	0	0	0
0.001000	5.385165	0	0	0	1	0	0	0	0
0.001000	6.403124	0	0	0	1	0	0	0	0
0.001000	4.123106	0	0	0	1	0	0	0	0
0.001000	6.000000	0	0	0	1	0	0	0	0
0.001000	7.280110	0	0	0	1	0	0	0	0
0.001000	5.385165	0	0	0	1	0	0	0	0
0.001000	4.000000	0	0	0	1	0	0	0	0
0.001000	4.000000	0	0	0	1	0	0	0	0
0.001000	7.071068	0	0	0	1	0	0	0	0
0.001000	7.071068	0	0	0	1	0	0	0	0
0.001000	9.486833	0	0	0	1	0	0	0	0
0.001000	8.602325	0	0	0	1	0	0	0	0
0.001000	9.000000	0	0	0	1	0	0	0	0
0.001000	10.440307	0	0	0	1	0	0	0	0
0.001000	10.198039	0	0	0	1	0	0	0	0
0.001000	8.602325	0	0	0	1	0	0	0	0
0.001000	8.062258	0	0	0	1	0	0	0	0
0.001000	10.295630	0	0	0	1	0	0	0	0
0.001000	7.810250	0	0	0	1	0	0	0	0
0.001000	8.062258	0	0	0	1	0	0	0	0
0.001000	13.000000	0	0	0	1	0	0	0	0
0.000000	13.038405	0	0	0	1	0	0	0	0
0.000000	15.132746	0	0	0	1	0	0	0	0
0.000000	13.038405	0	0	0	1	0	0	0	0
0.001000	12.727922	0	0	0	1	0	0	0	0
0.000000	15.000000	0	0	0	1	0	0	0	0
0.001000	12.041595	0	0	0	1	0	0	0	0
0.001000	12.369317	0	0	0	1	0	0	0	0
0.001000	15.033296	0	0	0	1	0	0	0	0
0.000000	11.661904	0	0	0	1	0	0	0	0
0.001000	17.464249	0	0	0	1	0	0	0	0
0.015000	15.485281	4	21	28	1	2	0	1	1
0.001000	16.552945	0	0	0	1	0	0	0	0
0.001000	18.027756	0	0	0	1	0	0	0	0
0.001000	16.492423	0	0	0	1	0	0	0	0
0.000000	18.110770	0	0	0	1	0	0	0	0
0.010000	17.867957	8	31	55	1	4	0	2	2
0.008000	18.024152	5	25	36	1	3	0	1	2
0.001000	16.278821	0	0	0	1	0	0	0	0
0.001000	16.124515	0	0	0	1	0	0	0	0
0.006000	22.209345	4	13	16	1	2	0	1	1
0.009000	21.029987	4	23	29	1	3	0	2	1
0.001000	20.223748	0	0	0	1	0	0	0	0
0.001000	23.000000	0	0	0	1	0	0	0	0
0.001000	19.416488	0	0	0	1	0	0	0	0
0.001000	22.803509	0	0	0	1	0	0	0	0
0.001000	19.849433	0	0	0	1	0	0	0	0
0.008000	22.131873	7	29	49	1	5	0	2	3
0.000000	21.023796	0	0	0	1	0	0	0	0
0.010000	20.238327	5	29	44	1	3	0	1	2
0.015000	26.248931	2	46	55	1	1	0	1	0
0.009000	24.538825	5	25	38	1	3	0	1	2
0.013000	25.455808	5	44	46	1	3	0	2	1
0.001000	25.495098	0	0	0	1	0	0	0	0
0.002000	27.073973	0	0	0	1	0	0	0	0
0.000000	25.179357	0	0	0	1	0	0	0	0
0.000000	24.515301	0	0	0	1	0	0	0	0
0.000000	25.961510	0	0	0	1	0	0	0	0
0.001000	24.186773	0	0	0	1	0	0	0	0
0.001000	24.166092	0	0	0	1	0	0	0	0
0.001000	28.861739	0	0	0	1	0	0	0	0
0.012000	28.035058	12	54	90	1	4	0	3	1
0.000000	28.844410	0	0	0	1	0	0	0	0
0.014000	28.508097	4	42	38	1	2	0	1	1
0.001000	30.479501	0	0	0	1	0	0	0	0
0.012000	28.999563	5	43	64	1	4	0	2	2
0.013000	29.510157	7	41	64	1	4	0	1	3
0.010000	25.958217	8	45	70	1	3	0	3	0
0.001000	29.154759	0	0	0	1	0	0	0	0
0.002000	30.000000	0	0	0	1	0	0	0	0
0.011000	34.095474	4	38	40	1	3	0	1	2
0.008000	33.706730	7	31	40	1	4	0	3	1
0.000000	32.649655	0	0	0	1	0	0	0	0
0.012000	31.622216	14	71	155	1	4	0	3	1
0.001000	31.320920	0	0	0	1	0	0	0	0
0.008000	30.630005	6	31	53	1	3	0	1	2
0.001000	33.541020	0	0	0	1	0	0	0	0
0.001000	30.232433	0	0	0	1	0	0	0	0
0.009000	30.858414	11	36	76	1	2	0	1	1
0.001000	31.320920	0	0	0	1	0	0	0	0
0.001000	36.000000	0	0	0	1	0	0	0	0
0.017000	34.354671	16	78	163	1	5	0	3	2
0.001000	35.902646	0	0	0	1	0	0	0	0
0.012000	35.656270	8	43	52	1	3	0	2	1
0.001000	36.069378	0	0	0	1	0	0	0	0
0.110000	36.732472	4	42	65	1	3	0	1	2
0.010000	36.326725	6	27	47	1	3	0	1	2
0.002000	36.055513	0	0	0	1	0	0	0	0
0.011000	38.424187	6	57	93	1	4	0	1	3
0.015000	35.559112	5	46	69	1	3	0	1	2
0.007000	39.569596	10	27	51	1	4	0	2	2
0.015000	40.316714	11	53	112	1	6	0	3	3
0.016000	41.117217	18	89	186	1	5	0	2	3
0.002000	42.107007	0	0	0	1	0	0	0	0
0.013000	41.384248	9	41	74	1	3	0	1	2
0.001000	40.311289	0	0	0	1	0	0	0	0
0.010000	40.220462	7	32	59	1	4	0	2	2
0.009000	42.020568	6	28	54	1	5	0	2	3
0.010000	40.340038	4	38	52	1	3	0	2	1
0.012000	39.063025	10	54	102	1	5	0	3	2
0.013000	47.899495	16	47	119	1	3	0	1	2
0.012000	47.135299	10	48	72	1	3	0	1	2
0.015000	46.875298	7	50	81	1	3	0	1	2
0.002000	46.690470	0	0	0	1	0	0	0	0
0.016000	42.831797	10	60	127	1	4	0	2	2
0.015000	46.258221	13	62	135	1	5	0	2	3
0.016000	39.848195	18	81	189	1	4	0	3	1
0.001000	44.147480	0	0	0	1	0	0	0	0
0.012000	43.392967	5	29	36	1	3	0	1	2
0.014000	42.124612	5	50	63	1	3	0	1	2
0.013000	46.225602	26	33	68	1	4	0	3	1
0.010000	45.142306	21	30	63	1	6	0	4	2
0.002000	46.690470	0	0	0	1	0	0	0	0
0.017000	47.711116	8	46	90	1	5	0	2	3
0.013000	46.870058	11	51	81	1	4	0	3	1
0.011000	50.038561	15	43	103	1	5	0	2	3
0.011000	49.150407	15	52	97	1	4	0	3	1
0.010000	50.691612	14	52	101	1	3	0	1	2
0.011000	47.413912	7	56	71	1	6	0	2	4
0.011000	48.679464	5	47	59	1	2	0	1	1
0.014000	50.146720	21	30	60	1	5	0	3	2
0.008000	51.860413	4	37	63	1	3	0	1	2
0.010000	52.110972	4	24	32	1	2	0	1	1
0.011000	50.806248	9	57	81	1	3	0	2	1
0.012000	51.588991	8	46	80	1	6	0	2	4
0.013000	51.806248	11	62	84	1	3	0	2	1
0.013000	52.004595	12	59	93	1	3	0	1	2
0.010000	53.319223	14	40	90	1	4	0	1	3
0.013000	52.338428	20	50	131	1	6	0	2	4
0.014000	51.633758	12	65	121	1	4	0	3	1
0.011000	54.019478	16	38	87	1	6	0	3	3
0.012000	55.547794	20	37	90	1	5	0	2	3
0.002000	57.384667	0	0	0	1	0	0	0	0
0.017000	55.790180	23	84	172	1	5	0	3	2
0.001000	55.901699	0	0	0	1	0	0	0	0
0.012000	57.049151	20	50	129	1	3	0	1	2
0.011000	57.537319	10	45	91	1	3	0	1	2
0.013000	56.454420	6	43	60	1	2	0	1	1
0.015000	51.831652	16	67	126	1	6	0	3	3
0.001000	54.424259	0	0	0	1	0	0	0	0
0.000000	61.219544	14	87	210	1	2	0	1	1
0.000000	57.706152	0	0	0	1	0	0	0	0
0.016000	56.331184	16	72	157	1	9	0	5	4
0.010000	60.081386	11	51	104	1	4	0	2	2
0.015000	59.490796	21	79	175	1	7	0	5	2
0.009000	61.327045	10	44	88	1	4	0	2	2
0.014000	60.999836	7	54	82	1	2	0	1	1
0.013000	60.033379	16	49	116	1	7	0	2	5
0.014000	58.506176	22	67	149	1	7	0	3	4
0.002000	60.016664	0	0	0	1	0	0	0	0
0.012000	65.941125	14	62	122	1	2	0	1	1
0.013000	62.698291	10	68	113	1	2	0	2	0
0.013000	64.313708	12	69	110	1	2	0	1	1
0.001000	65.192024	0	0	0	1	0	0	0	0
0.016000	59.202508	29	86	204	1	5	0	4	1
0.016000	61.843802	13	76	119	1	5	0	2	3
0.002000	61.522354	0	0	0	1	0	0	0	0
0.019000	61.018476	29	93	250	1	7	0	4	3
0.015000	62.046503	24	81	197	1	8	0	3	5
0.015000	63.769616	17	77	145	1	6	0	4	2
0.014000	67.372889	24	50	107	1	6	0	4	2
0.002000	63.788714	0	0	0	1	0	0	0	0
0.014000	63.568964	13	61	120	1	5	0	3	2
0.010000	67.076630	13	41	84	1	7	0	3	4
0.012000	66.844752	10	67	119	1	2	0	1	1
0.013000	66.481026	17	67	157	1	5	0	3	2
0.012000	67.085057	16	56	140	1	10	0	4	6
0.002000	71.028163	0	0	0	1	0	0	0	0
0.013000	67.868843	22	56	147	1	1	0	1	0
0.011000	67.142136	12	55	119	1	5	0	3	2
0.014000	69.322000	20	43	94	1	4	0	1	3
0.011000	72.102436	13	54	130	1	4	0	2	2
0.020000	67.449760	36	106	247	1	7	0	5	2
0.030000	68.085783	29	96	231	1	10	0	6	4
0.017000	72.496705	17	70	164	1	4	0	2	2
0.001000	71.021124	0	0	0	1	0	0	0	0
0.017000	70.220462	27	88	202	1	5	0	3	2
0.023000	69.875026	31	109	274	1	11	0	5	6
0.020000	71.384597	31	101	223	1	7	0	3	4
0.010000	69.023616	9	34	59	1	5	0	2	3
0.014000	73.691010	26	53	87	1	6	0	3	3
0.023000	73.192019	43	122	390	1	10	0	6	4
0.017000	74.692082	23	93	208	1	12	0	7	5
0.015000	74.898196	16	81	171	1	3	0	2	1
0.010000	73.798111	11	48	90	1	4	0	2	2
0.010000	74.927874	11	57	127	1	3	0	1	2
0.011000	77.655373	14	64	124	1	4	0	3	1
0.022000	70.916851	45	117	300	1	6	0	4	2
0.012000	76.049233	25	63	187	1	9	0	3	6
0.002000	74.518454	0	0	0	1	0	0	0	0
0.014000	76.063465	19	32	70	1	5	0	2	3
0.011000	74.928282	19	39	79	1	7	0	5	2
0.012000	79.548766	17	46	101	1	7	0	3	4
0.013000	77.945109	19	77	190	1	7	0	3	4
0.021000	77.515823	34	100	236	1	9	0	6	3
0.010000	81.500096	13	70	130	1	5	0	3	2
0.021000	77.909432	44	99	278	1	6	0	4	2
0.026000	76.781370	66	131	398	1	8	0	7	1
0.015000	80.564873	27	64	179	1	6	0	2	4
0.015000	77.119018	13	59	118	1	4	0	1	3
0.008000	84.066144	5	40	38	1	1	0	1	0
0.024000	79.780861	47	131	431	1	9	0	6	3
0.015000	83.729474	19	73	175	1	6	0	4	2
0.011000	84.781455	19	57	140	1	8	0	3	5
0.046000	81.447699	14	63	133	1	5	0	3	2
0.032000	80.992282	66	149	463	1	9	0	6	3
0.019000	83.546852	23	90	234	1	9	0	4	5
0.013000	84.672074	13	58	129	1	4	0	2	2
0.016000	81.492994	16	79	142	1	4	0	2	2
0.019000	84.073236	37	79	216	1	8	0	4	4
0.013000	82.470038	21	36	74	1	5	0	2	3
0.019000	84.636124	47	86	256	1	9	0	6	3
0.017000	87.307286	26	79	243	1	4	0	1	3
0.032000	84.266634	63	163	589	1	14	0	6	8
0.011000	86.064778	20	62	119	1	7	0	4	3
0.017000	86.141910	24	98	219	1	11	0	6	5
0.037000	84.154716	69	157	510	1	8	0	6	2
0.020000	85.534340	33	112	276	1	13	0	7	6
0.015000	89.321072	32	70	198	1	6	0	2	4
0.013000	85.940479	22	62	158	1	5	0	2	3
0.011000	90.541338	22	43	73	1	6	0	2	4
0.011000	88.541466	22	43	79	1	7	0	2	5
0.019000	88.690416	46	85	245	1	10	0	8	2
0.011000	91.677820	13	55	106	1	7	0	3	4
0.021000	87.440930	34	135	357	1	10	0	7	3
0.012000	91.551356	12	60	102	1	5	0	4	1
0.019000	90.405137	27	93	277	1	8	0	4	4
0.015000	92.125618	28	74	185	1	7	0	3	4
0.021000	86.770249	40	136	367	1	10	0	6	4
0.013000	87.708135	14	63	133	1	5	0	3	2
0.011000	93.477907	19	45	93	1	5	0	3	2
0.016000	90.828953	43	84	199	1	13	0	8	5
0.003000	91.782351	0	0	0	1	0	0	0	0
0.032000	97.176608	44	128	370	1	7	0	5	2
0.017000	90.935546	29	81	248	1	7	0	2	5
0.020000	92.646070	43	94	354	1	9	0	3	6
0.014000	95.446777	15	65	166	1	7	0	4	3
0.024000	92.852704	40	126	342	1	13	0	8	5
0.027000	93.427369	57	118	336	1	6	0	4	2
0.018000	94.833856	36	77	245	1	12	0	4	8
0.027000	100.757118	46	113	379	1	8	0	4	4
0.014000	99.903462	11	67	122	1	5	0	2	3
0.015000	98.600454	30	80	254	1	10	0	4	6
0.018000	93.887890	26	92	202	1	4	0	3	1
0.027000	95.958826	49	115	330	1	6	0	4	2
0.018000	99.837532	21	80	202	1	9	0	3	6
0.021000	97.275542	34	104	269	1	8	0	4	4
0.024000	97.803355	57	118	348	1	6	0	4	2
0.021000	98.424117	50	92	351	1	12	0	4	8
0.014000	99.147190	27	72	180	1	8	0	4	4
0.010000	99.253333	19	45	98	1	5	0	3	2
0.009000	102.486833	14	43	80	1	2	0	1	1
0.040000	100.471481	80	184	756	1	14	0	6	8
0.023000	101.293982	40	147	399	1	8	0	5	3
0.014000	103.866479	21	82	211	1	6	0	3	3
0.026000	101.082949	50	158	452	1	6	0	4	2
0.014000	103.962680	25	85	228	1	8	0	4	4
0.000000	99.577263	27	92	226	1	4	0	3	1
0.034000	100.898421	92	159	515	1	8	0	6	2
0.025000	102.750638	64	118	364	1	6	0	4	2
0.017000	106.147391	39	87	197	1	13	0	6	7
0.020000	104.800385	50	90	240	1	9	0	5	4
0.003000	101.651365	0	0	0	1	0	0	0	0
0.040000	105.471607	82	188	709	1	13	0	6	7
0.033000	104.457881	76	169	647	1	15	0	8	7
0.016000	108.827899	27	89	249	1	8	0	4	4
0.033000	106.460312	67	173	633	1	10	0	5	5
0.015000	104.295645	17	73	174	1	8	0	4	4
0.024000	106.625076	59	107	389	1	15	0	6	9
0.024000	108.145360	46	115	343	1	8	0	4	4
0.021000	107.655618	62	102	290	1	9	0	5	4
0.011000	109.569596	13	41	80	1	4	0	2	2
0.036000	114.163255	78	159	591	1	9	0	5	4
0.046000	110.161958	116	209	813	1	10	0	6	4
0.023000	111.602194	39	130	350	1	7	0	4	3
0.037000	106.664091	98	167	623	1	7	0	5	2
0.024000	109.829969	49	139	369	1	12	0	7	5
0.022000	108.786444	42	118	336	1	10	0	5	5
0.021000	110.797961	36	112	310	1	7	0	4	3
0.028000	109.149899	61	148	458	1	10	0	6	4
0.020000	116.302640	42	106	261	1	9	0	5	4
0.019000	112.261372	22	96	218	1	6	0	2	4
0.016000	111.813822	22	87	215	1	8	0	5	3
0.036000	110.863008	91	167	617	1	7	0	5	2
0.016000	114.425217	25	83	159	1	6	0	4	2
0.032000	112.200058	73	141	429	1	6	0	4	2
0.030000	112.391677	68	117	439	1	16	0	6	10
0.037000	114.024332	90	154	546	1	6	0	3	3
0.041000	112.310065	109	175	633	1	7	0	4	3
0.041000	111.396266	121	201	768	1	12	0	6	6
0.023000	115.453158	56	101	311	1	11	0	4	7
0.022000	119.456410	48	111	325	1	8	0	4	4
0.021000	116.990695	51	100	285	1	10	0	4	6
0.014000	115.658576	9	57	91	1	1	0	1	0
0.042000	116.776454	99	186	745	1	7	0	4	3
0.018000	114.121401	27	101	225	1	7	0	4	3
0.024000	114.571909	44	117	315	1	6	0	4	2
0.036000	117.526143	95	161	618	1	7	0	5	2
0.018000	117.514380	28	92	233	1	10	0	3	7
5.686000	113.824357	76	141	437	1	6	0	4	2
0.029000	119.744501	52	96	290	1	12	0	6	6
0.026000	122.576861	35	97	234	1	7	0	3	4
0.020000	119.454055	37	99	200	1	11	0	6	5
0.020000	117.132474	35	72	137	1	9	0	6	3
0.053000	120.717988	108	198	933	1	15	0	7	8
0.022000	119.229838	30	111	351	1	12	0	5	7
0.027000	123.163639	34	97	273	1	11	0	6	5
0.074000	125.060066	56	134	425	1	12	0	6	6
0.025000	121.713416	28	98	268	1	10	0	3	7
0.035000	125.572958	85	158	556	1	11	0	5	6
0.018000	123.612920	35	72	138	1	6	0	3	3
0.015000	122.421600	35	72	156	1	7	0	3	4
0.024000	123.851021	47	99	298	1	11	0	6	5
0.021000	125.317976	59	109	334	1	15	0	7	8
0.021000	124.763946	27	109	282	1	7	0	5	2
0.014000	128.019534	16	47	70	1	7	0	3	4
0.029000	126.869742	51	127	423	1	7	0	4	3
0.039000	125.498460	60	154	450	1	12	0	5	7
0.027000	124.543171	42	127	390	1	9	0	5	4
0.030000	122.796975	60	167	517	1	10	0	6	4
0.023000	130.151420	62	112	372	1	17	0	9	8
0.022000	130.255934	41	102	258	1	7	0	3	4
0.023000	127.273674	58	101	317	1	14	0	5	9
0.018000	128.990255	44	102	273	1	13	0	7	6
0.034000	128.779290	71	151	476	1	11	0	6	5
0.020000	128.979651	35	91	207	1	7	0	2	5
0.031000	125.558197	50	172	497	1	11	0	7	4
0.024000	129.932025	42	122	401	1	12	0	5	7
0.041000	127.978426	85	189	657	1	7	0	4	3
0.040000	130.372484	114	148	585	1	17	0	7	10
0.021000	131.834404	43	101	233	1	8	0	3	5
0.013000	137.610561	16	56	80	1	6	0	3	3
0.023000	131.540185	31	134	346	1	9	0	6	3
0.022000	134.530771	36	100	300	1	12	0	6	6
0.027000	136.099549	59	136	435	1	11	0	5	6
0.049000	129.520856	105	220	859	1	12	0	6	6
0.039000	132.968525	97	196	682	1	9	0	5	4
0.114000	129.534307	101	158	587	1	6	0	4	2
0.028000	135.420250	62	108	398	1	16	0	6	10
0.043000	130.246819	119	173	671	1	7	0	5	2
0.018000	136.689355	36	74	163	1	7	0	3	4
0.031000	135.832602	74	134	444	1	13	0	6	7
0.021000	131.928986	36	94	210	1	7	0	2	5
0.021000	136.371469	32	91	203	1	7	0	3	4
0.030000	140.028858	54	125	420	1	11	0	5	6
0.030000	135.472080	59	139	502	1	10	0	5	5
0.029000	138.465821	74	155	496	1	12	0	6	6
0.036000	135.107576	83	176	573	1	14	0	7	7
0.027000	136.798816	55	119	391	1	17	0	6	11
0.027000	136.145037	51	103	351	1	9	0	3	6
0.037000	138.078413	98	157	546	1	9	0	4	5
0.023000	136.660976	63	113	343	1	17	0	7	10
0.024000	140.066414	60	117	385	1	13	0	7	6
0.023000	141.226137	53	126	349	1	10	0	6	4
0.024000	139.625822	71	119	361	1	16	0	8	8
0.018000	139.509015	38	93	212	1	9	0	2	7
0.026000	142.027219	40	130	408	1	8	0	4	4
0.074000	139.165148	181	317	1505	1	11	0	8	3
0.029000	145.101696	48	153	479	1	10	0	5	5
0.028000	142.616953	56	132	490	1	11	0	5	6
0.033000	142.478706	84	154	493	1	11	0	6	5
0.035000	140.379834	88	154	500	1	11	0	5	6
0.031000	143.227417	84	154	511	1	10	0	4	6
0.013000	146.391788	18	41	80	1	6	0	1	5
0.050000	141.862617	128	213	1055	1	15	0	7	8
0.020000	144.406471	25	104	270	1	8	0	5	3
0.029000	143.880431	51	100	372	1	13	0	5	8
0.075000	144.745118	203	326	1589	1	12	0	8	4
0.032000	143.560668	52	169	505	1	7	0	4	3
0.024000	147.541509	54	125	406	1	11	0	5	6
0.025000	144.996740	60	117	365	1	14	0	7	7
0.024000	146.459475	60	121	371	1	14	0	6	8
0.016000	148.854895	36	74	165	1	7	0	3	4
0.029000	151.249314	68	137	442	1	12	0	5	7
0.038000	143.219424	100	162	598	1	9	0	5	4
0.032000	148.858916	72	128	424	1	12	0	5	7
0.020000	145.424187	46	109	308	1	13	0	8	5
0.025000	143.709497	33	128	352	1	9	0	5	4
0.032000	145.616042	68	185	580	1	10	0	5	5
0.040000	146.709808	85	196	781	1	15	0	8	7
0.037000	150.171985	95	173	560	1	11	0	5	6
0.021000	152.575969	49	113	343	1	11	0	5	6
0.019000	148.516448	38	93	194	1	10	0	4	6
0.012000	149.943947	14	41	83	1	5	0	2	3
0.017000	153.262716	25	83	183	1	7	0	4	3
0.030000	153.481350	46	176	514	1	9	0	6	3
0.024000	153.118482	38	128	354	1	14	0	7	7
0.050000	153.206093	127	250	998	1	13	0	7	6
0.029000	154.146021	56	154	482	1	13	0	6	7
0.042000	153.052610	97	210	801	1	13	0	7	6
0.020000	156.472545	34	101	216	1	8	0	4	4
0.024000	156.080563	54	118	362	1	13	0	6	7
0.025000	155.246342	60	124	408	1	12	0	5	7
0.022000	151.009324	56	124	389	1	17	0	9	8
0.024000	158.124734	31	117	322	1	10	0	6	4
0.039000	154.764592	105	161	625	1	18	0	9	9
0.041000	152.896071	96	223	839	1	12	0	6	6
0.033000	156.974557	68	155	597	1	13	0	6	7
0.044000	155.792605	109	224	852	1	15	0	7	8
0.043000	158.822038	112	197	730	1	13	0	5	8
0.024000	160.050981	55	117	382	1	13	0	7	6
0.028000	159.947346	70	136	484	1	18	0	7	11
0.019000	161.352810	37	92	189	1	9	0	3	6
0.044000	159.778721	52	140	498	1	10	0	6	4
0.029000	159.316100	52	142	490	1	16	0	7	9
0.024000	158.814246	56	141	492	1	16	0	8	8
0.053000	159.767138	125	235	1039	1	16	0	8	8
0.028000	162.929291	59	136	526	1	15	0	6	9
0.068000	162.813047	177	308	1322	1	10	0	5	5
0.033000	161.145169	85	151	586	1	21	0	8	13
0.012000	167.817924	24	82	144	1	5	0	2	3
0.027000	167.598270	32	95	199	1	8	0	5	3
0.032000	164.491158	82	144	547	1	10	0	6	4
0.054000	162.774824	146	224	1101	1	15	0	7	8
0.054000	167.178556	98	158	642	1	13	0	7	6
0.041000	163.317192	66	157	599	1	13	0	6	7
0.080000	164.419091	163	292	1312	1	12	0	6	6
0.070000	162.585075	146	260	1102	1	12	0	6	6
0.063000	165.587558	135	247	1040	1	18	0	8	10
0.047000	164.828768	93	157	586	1	15	0	7	8
0.037000	168.228388	75	136	504	1	19	0	8	11
0.031000	169.138136	61	133	438	1	11	0	7	4
0.035000	168.077305	70	136	473	1	13	0	7	6
0.055000	165.644318	121	180	708	1	15	0	7	8
0.062000	166.528619	132	187	726	1	16	0	8	8
0.098000	169.743227	214	327	1568	1	17	0	7	10
0.026000	166.514559	53	119	384	1	16	0	5	11
0.056000	166.140454	153	241	1148	1	14	0	7	7
0.061000	166.792104	163	251	1286	1	15	0	8	7
0.075000	170.579398	201	323	1442	1	15	0	6	9
0.040000	172.904414	90	205	733	1	13	0	6	7
0.030000	168.966072	79	139	508	1	18	0	8	10
0.034000	172.900145	80	184	613	1	13	0	6	7
0.052000	172.172667	114	184	936	1	13	0	7	6
0.057000	174.468863	144	206	1109	1	11	0	6	5
0.047000	171.604906	133	201	735	1	16	0	8	8
0.025000	171.400946	50	143	476	1	16	0	8	8
0.093000	170.805956	249	381	1823	1	13	0	8	5
0.064000	172.844586	174	297	1292	1	12	0	6	6
0.069000	171.580531	180	297	1331	1	11	0	6	5
0.035000	175.898624	95	153	597	1	12	0	7	5
0.032000	174.733712	92	158	604	1	18	0	8	10
0.030000	175.148361	78	145	509	1	16	0	6	10
0.026000	176.848986	52	127	368	1	6	0	2	4
0.026000	175.375916	41	119	306	1	9	0	4	5
0.049000	176.532607	114	212	772	1	15	0	6	9
0.053000	177.025864	116	185	909	1	11	0	5	6
0.035000	177.755524	87	155	670	1	14	0	6	8
0.096000	173.021900	273	392	1996	1	14	0	9	5
0.031000	174.963091	77	143	567	1	15	0	6	9
0.029000	178.665593	78	142	482	1	13	0	7	6
0.010000	180.003039	77	142	522	1	10	0	5	5
0.000000	178.288782	130	227	936	1	13	0	7	6
0.000000	178.607909	83	186	638	1	12	0	5	7
0.000000	178.043255	43	106	252	1	11	0	4	7
0.000000	179.139828	86	144	518	1	14	0	8	6
0.000000	178.028667	43	121	272	1	14	0	7	7
0.042000	176.577500	102	215	788	1	15	0	9	6
0.046000	177.356719	119	217	827	1	22	0	11	11
0.091000	180.956501	263	386	1885	1	14	0	8	6
0.037000	183.482156	85	186	653	1	13	0	6	7
0.048000	184.701942	125	227	933	1	13	0	6	7
0.659000	181.763391	125	234	943	1	15	0	7	8
0.038000	183.410989	81	146	567	1	21	0	10	11
0.040000	184.631503	101	165	627	1	17	0	7	10
0.039000	184.810554	109	169	666	1	18	0	7	11
0.024000	182.524300	46	126	320	1	7	0	3	4
0.057000	182.920251	152	246	1120	1	15	0	10	5
0.045000	184.518150	123	199	915	1	20	0	10	10
0.036000	180.476742	101	167	675	1	17	0	8	9
0.059000	187.576465	135	235	981	1	13	0	6	7
0.037000	186.987101	102	162	647	1	19	0	8	11
0.023000	187.371233	44	123	303	1	11	0	5	6
0.049000	189.550920	126	235	935	1	13	0	5	8
0.051000	191.169751	148	240	966	1	16	0	8	8
0.047000	187.008645	136	202	770	1	18	0	9	9
0.047000	187.274149	103	179	846	1	16	0	7	9
0.035000	188.713654	92	159	591	1	14	0	5	9
0.044000	183.533052	117	201	757	1	21	0	10	11
0.053000	185.382302	106	192	906	1	12	0	7	5
0.024000	193.988545	44	138	357	1	10	0	6	4
0.038000	191.791846	106	166	638	1	19	0	8	11
0.049000	191.147796	133	243	1036	1	14	0	7	7
0.054000	192.446092	125	200	1004	1	15	0	7	8
0.047000	191.465990	135	200	855	1	20	0	9	11
0.043000	191.955158	112	171	777	1	22	0	9	13
0.041000	188.880514	109	169	699	1	23	0	10	13
0.040000	192.980936	99	174	763	1	19	0	7	12
0.048000	193.754693	117	195	915	1	19	0	8	11
0.066000	190.286898	170	242	1247	1	12	0	7	5
0.045000	193.904414	107	228	881	1	13	0	6	7
0.029000	195.366254	61	158	459	1	11	0	6	5
0.000000	196.780468	64	159	465	1	11	0	6	5
0.000000	197.718170	259	364	1916	1	15	0	7	8
0.000000	194.336826	130	197	871	1	18	0	8	10
0.000000	194.919275	113	181	842	1	18	0	7	11
0.041000	191.640986	90	244	984	1	15	0	10	5
0.040000	198.019311	72	181	626	1	18	0	9	9
0.049000	198.306337	115	186	906	1	17	0	7	10
0.044000	191.727494	119	210	804	1	20	0	10	10
0.061000	198.666074	156	247	1174	1	14	0	8	6
0.043000	199.124346	106	220	846	1	12	0	5	7
0.044000	203.017268	114	202	889	1	14	0	7	7
0.040000	200.872925	78	176	582	1	10	0	4	6
0.032000	199.820398	66	160	506	1	9	0	4	5
0.061000	201.708534	168	266	1234	1	17	0	8	9
0.047000	198.840423	124	229	919	1	15	0	7	8
0.047000	201.062556	128	239	968	1	12	0	7	5
0.024000	198.652528	43	134	335	1	10	0	4	6
0.068000	197.592710	164	244	1190	1	11	0	6	5
0.028000	201.386879	63	153	430	1	9	0	4	5
0.051000	206.185612	135	241	1087	1	15	0	7	8
0.043000	202.458699	138	178	827	1	15	0	8	7
0.038000	205.599544	84	199	726	1	14	0	7	7
0.099000	201.408534	269	376	2062	1	11	0	7	4
0.070000	201.097635	181	276	1370	1	11	0	6	5
0.104000	204.412008	295	390	2189	1	14	0	8	6
0.082000	203.418682	224	332	1830	1	16	0	10	6
0.055000	201.640789	116	256	1217	1	14	0	8	6
0.049000	204.249521	131	229	996	1	23	0	11	12
0.035000	206.326723	76	184	558	1	12	0	5	7
0.027000	210.648923	51	149	407	1	12	0	6	6
0.083000	208.133980	227	332	1558	1	15	0	8	7
0.049000	204.796777	156	216	919	1	14	0	9	5
0.026000	205.054104	50	130	332	1	12	0	6	6
0.073000	203.367215	188	280	1433	1	10	0	6	4
0.073000	208.268761	210	322	1541	1	21	0	11	10
0.047000	206.429216	131	203	880	1	21	0	9	12
0.055000	207.775267	134	197	940	1	20	0	8	12
0.059000	206.536050	179	237	1141	1	24	0	11	13
0.040000	207.261771	101	195	749	1	22	0	10	12
0.063000	210.394939	168	243	1139	1	18	0	8	10
0.049000	208.289130	121	203	929	1	18	0	8	10
0.062000	210.754952	176	277	1202	1	20	0	10	10
0.063000	208.793773	165	223	1085	1	17	0	8	9
0.069000	212.230561	194	315	1422	1	18	0	9	9
0.079000	208.426786	233	337	1735	1	20	0	11	9
0.049000	208.811346	138	221	1021	1	23	0	11	12
0.080000	210.477535	219	332	1727	1	20	0	10	10
0.625000	208.021057	236	349	2067	1	15	0	10	5
0.084000	215.132384	151	291	1403	1	17	0	10	7
0.118000	214.910301	285	387	2361	1	19	0	10	9
0.113000	214.090440	245	340	1962	1	20	0	10	10
0.109000	215.857411	269	374	2279	1	18	0	9	9
0.092000	215.239288	250	349	1769	1	18	0	9	9
0.074000	215.880488	206	320	1440	1	18	0	9	9
0.057000	213.023118	169	248	1079	1	18	0	9	9
0.093000	217.769807	265	360	1919	1	19	0	9	10
0.096000	217.069090	260	365	1902	1	19	0	8	11
0.092000	214.076490	250	343	2063	1	15	0	10	5
0.027000	217.056462	52	131	369	1	9	0	4	5
0.026000	219.884049	53	132	368	1	7	0	3	4
0.045000	220.083895	60	163	491	1	11	0	5	6
0.146000	221.257084	319	389	2321	1	12	0	8	4
0.106000	218.882962	256	382	1866	1	20	0	9	11
0.099000	218.304048	255	364	2137	1	19	0	9	10
0.089000	218.376730	253	350	1801	1	20	0	10	10
0.089000	219.425772	242	346	1795	1	18	0	9	9
0.050000	216.712827	147	209	913	1	21	0	10	11
0.100000	222.209385	275	376	2003	1	18	0	8	10
0.117000	222.767635	303	405	2278	1	13	0	8	5
0.043000	221.358608	111	170	783	1	24	0	9	15
0.047000	222.491063	118	182	820	1	25	0	10	15
0.096000	222.050568	247	362	2103	1	20	0	9	11
0.118000	221.486874	310	437	2621	1	20	0	10	10
0.133000	223.490453	401	465	3145	1	16	0	9	7
0.046000	221.570321	108	209	882	1	22	0	10	12
0.060000	224.983737	179	250	1115	1	24	0	10	14
0.094000	221.698717	281	369	2090	1	20	0	11	9
0.038000	222.768787	317	386	2375	1	20	0	11	9
0.032000	226.814620	61	173	506	1	13	0	6	7
0.116000	227.823570	313	403	2354	1	15	0	9	6
0.053000	226.323656	143	195	944	1	22	0	8	14
0.082000	227.107672	234	338	1857	1	23	0	11	12
0.136000	227.491871	396	465	3166	1	19	0	10	9
0.083000	225.638078	238	355	1805	1	22	0	12	10
0.094000	229.611907	272	365	1936	1	19	0	10	9
0.072000	225.521883	207	329	1502	1	20	0	10	10
0.058000	223.911422	169	235	1015	1	24	0	11	13
0.058000	223.064786	160	223	1040	1	24	0	10	14
0.115000	230.049672	311	404	2369	1	18	0	11	7
0.136000	231.727468	413	472	3174	1	20	0	10	10
0.050000	231.355680	130	191	908	1	26	0	10	16
0.048000	229.950562	137	209	874	1	24	0	10	14
0.057000	230.655904	171	237	1043	1	26	0	11	15
0.063000	232.277680	182	252	1138	1	24	0	10	14
0.055000	229.604645	164	230	1037	1	24	0	10	14
0.118000	231.837314	348	466	2486	1	22	0	9	13
0.097000	229.833699	269	359	2134	1	20	0	10	10
0.134000	230.083062	375	465	3081	1	15	0	10	5
0.090000	235.310022	267	352	1826	1	22	0	10	12
0.081000	230.136641	241	339	1629	1	25	0	11	14
0.057000	234.115039	178	250	1116	1	26	0	11	15
0.077000	232.739684	227	331	1696	1	20	0	10	10
0.098000	235.701443	285	379	2205	1	20	0	10	10
0.108000	233.369317	310	405	2321	1	12	0	8	4
0.057000	236.459779	180	256	1070	1	22	0	10	12
0.056000	233.326181	154	213	1055	1	22	0	9	13
0.064000	233.714676	178	260	1248	1	22	0	11	11
0.075000	231.295686	204	324	1607	1	23	0	11	12
0.036000	237.791876	77	201	660	1	14	0	8	6
0.121000	242.457605	371	454	2707	1	12	0	7	5
0.126000	239.000405	375	458	2771	1	16	0	11	5
0.096000	237.877338	281	380	2098	1	23	0	12	11
0.077000	236.997762	232	348	1646	1	22	0	12	10
0.101000	238.933899	317	401	2188	1	19	0	9	10
0.085000	239.455907	256	348	1742	1	24	0	11	13
0.000000	237.868903	294	383	2255	1	20	0	10	10
0.000000	237.566081	412	473	3362	1	20	0	10	10
0.039000	239.524914	334	418	2480	1	16	0	9	7
0.096000	244.999651	262	375	2291	1	19	0	9	10
0.055000	241.097537	175	247	1018	1	21	0	10	11
0.105000	240.820724	287	408	2222	1	24	0	12	12
0.112000	239.969439	308	403	2345	1	14	0	9	5
0.086000	240.071022	243	340	1932	1	19	0	11	8
0.083000	240.168793	216	339	1777	1	19	0	9	10
0.047000	238.607678	123	177	880	1	25	0	9	16
0.087000	242.300556	257	349	1766	1	24	0	11	13
0.853000	244.954077	345	464	2664	1	21	0	9	12
0.061000	239.886894	142	205	858	1	21	0	9	12
0.046000	248.027044	78	198	694	1	12	0	6	6
0.139000	244.308450	367	449	2625	1	17	0	12	5
0.120000	244.290409	356	429	2553	1	17	0	11	6
0.070000	247.338202	200	280	1303	1	23	0	9	14
0.090000	246.893432	266	374	1890	1	22	0	12	10
0.107000	249.695168	320	393	2154	1	19	0	10	9
0.047000	242.605957	132	199	825	1	24	0	10	14
0.090000	245.908670	269	373	2009	1	24	0	14	10
0.089000	244.856755	266	360	1889	1	21	0	10	11
0.092000	246.167897	295	371	1963	1	20	0	10	10
0.060000	247.855251	164	231	1096	1	25	0	10	15
0.068000	250.047262	190	268	1279	1	22	0	9	13
0.083000	250.161860	238	353	1710	1	22	0	11	11
0.075000	247.380670	211	340	1481	1	28	0	13	15
0.062000	249.366236	362	465	2605	1	24	0	10	14
0.135000	251.876891	418	485	3070	1	20	0	9	11
0.127000	247.433061	410	477	2889	1	17	0	12	5
0.080000	250.072571	201	296	1368	1	27	0	12	15
0.106000	251.364477	311	394	2353	1	17	0	10	7
0.113000	248.472069	326	420	2427	1	15	0	10	5
0.110000	254.430459	333	414	2479	1	18	0	11	7
0.140000	253.947991	383	476	3194	1	15	0	8	7
0.091000	255.395437	248	363	1806	1	22	0	11	11
0.093000	254.809380	282	371	1897	1	26	0	12	14
0.102000	252.567745	249	357	1716	1	27	0	12	15
0.081000	252.610185	236	352	1673	1	27	0	12	15
0.077000	251.902204	211	303	1405	1	29	0	13	16
0.141000	252.249825	440	478	3361	1	15	0	10	5
0.130000	250.763787	399	463	2791	1	17	0	11	6
0.117000	252.607759	321	439	2759	1	15	0	8	7
0.105000	255.198149	332	411	2361	1	20	0	14	6
0.104000	255.525113	293	393	2193	1	23	0	13	10
0.095000	258.531381	290	389	2094	1	23	0	12	11
0.088000	257.456533	264	373	1888	1	24	0	13	11
0.093000	256.410388	280	381	1972	1	22	0	11	11
0.376000	255.772337	260	358	1864	1	23	0	12	11
0.089000	256.468228	231	347	1636	1	25	0	12	13
0.114000	260.435798	370	476	2895	1	21	0	9	12
0.073000	257.383026	191	277	1318	1	25	0	10	15
0.141000	256.639643	418	490	3306	1	23	0	11	12
0.067000	262.007301	160	267	1381	1	18	0	9	9
0.132000	260.217181	426	477	2833	1	17	0	11	6
0.104000	258.681279	301	400	2227	1	24	0	13	11
0.100000	263.796135	298	400	2084	1	22	0	10	12
0.091000	260.510810	281	364	1870	1	26	0	12	14
0.051000	259.282391	148	211	868	1	24	0	10	14
0.090000	262.814864	241	373	1753	1	26	0	11	15
0.096000	261.530592	270	386	1898	1	28	0	13	15
0.148000	257.642938	441	484	3392	1	23	0	11	12
0.088000	258.809651	246	362	1799	1	23	0	12	11
0.092000	267.631527	239	356	1926	1	19	0	12	7
0.073000	265.081120	209	293	1347	1	22	0	9	13
0.105000	267.088471	270	370	1908	1	24	0	13	11
0.106000	264.151825	270	392	1909	1	29	0	13	16
0.064000	264.171484	287	397	2096	1	23	0	11	12
0.068000	264.298524	187	262	1303	1	27	0	12	15
0.082000	265.483445	232	347	1675	1	22	0	11	11
0.065000	264.536759	195	291	1205	1	29	0	14	15
0.083000	264.281161	247	351	1685	1	23	0	12	11
0.084000	263.430749	212	303	1428	1	25	0	10	15
0.112000	265.329620	341	414	2486	1	21	0	15	6
0.127000	269.553488	414	477	2806	1	17	0	11	6
0.074000	267.466868	212	303	1434	1	25	0	10	15
0.084000	267.391279	232	347	1604	1	24	0	12	12
0.079000	267.591108	235	349	1597	1	28	0	14	14
0.088000	268.589450	236	372	1699	1	28	0	12	16
0.099000	267.036688	274	397	1975	1	25	0	11	14
0.045000	269.241685	239	330	1549	1	23	0	9	14
0.112000	269.017009	353	420	2558	1	20	0	14	6
0.144000	268.407129	449	493	3453	1	23	0	11	12
0.081000	273.214400	185	282	1490	1	16	0	8	8
0.090000	270.432427	272	372	1940	1	24	0	14	10
0.098000	271.166235	270	396	1968	1	28	0	12	16
0.080000	274.570573	239	347	1658	1	23	0	11	12
0.076000	271.163122	217	311	1410	1	25	0	10	15
0.133000	273.034190	394	499	3008	1	25	0	13	12
0.144000	273.288873	436	498	3526	1	25	0	13	12
0.113000	270.103245	350	420	2556	1	21	0	14	7
0.075000	273.396702	210	303	1419	1	25	0	10	15
0.068000	272.378206	197	265	1315	1	28	0	13	15
0.098000	277.192586	257	365	2109	1	21	0	11	10
0.086000	277.672007	220	320	1760	1	19	0	10	9
0.113000	275.365174	332	411	2318	1	24	0	13	11
0.080000	278.176386	247	351	1668	1	26	0	13	13
0.094000	275.558056	278	381	2023	1	24	0	13	11
0.079000	276.002901	235	326	1522	1	25	0	10	15
0.084000	276.410458	239	322	1548	1	29	0	13	16
0.067000	276.281148	185	265	1256	1	26	0	11	15
0.064000	274.942755	182	260	1233	1	26	0	11	15
0.065000	275.864546	191	270	1294	1	24	0	10	14
0.096000	278.140906	255	367	2054	1	19	0	9	10
0.099000	279.825871	239	356	2037	1	22	0	11	11
0.145000	279.243025	439	492	3506	1	20	0	13	7
0.114000	276.337173	351	416	2539	1	21	0	14	7
0.079000	278.441511	234	319	1546	1	29	0	13	16
0.085000	279.486481	252	352	1665	1	25	0	10	15
0.142000	278.938832	436	491	3448	1	19	0	12	7
0.059000	282.606390	308	394	2267	1	23	0	13	10
0.073000	277.640366	208	273	1384	1	27	0	12	15
0.074000	279.051364	220	299	1497	1	27	0	13	14
0.123000	286.347143	360	418	2674	1	15	0	8	7
0.129000	286.882978	388	450	2851	1	19	0	12	7
0.099000	283.594891	258	377	2108	1	20	0	10	10
0.103000	284.861560	288	380	2232	1	16	0	8	8
0.072000	283.721557	189	260	1298	1	26	0	11	15
0.070000	284.118244	200	264	1365	1	27	0	12	15
0.073000	284.957521	221	300	1480	1	27	0	12	15
0.066000	283.536784	188	260	1307	1	26	0	11	15
0.066000	282.913930	191	257	1298	1	26	0	12	14
0.118000	284.637154	325	398	2589	1	21	0	10	11
0.114000	286.820124	332	400	2499	1	16	0	8	8
0.129000	289.176806	389	450	2831	1	19	0	11	8
0.064000	287.936251	316	398	2524	1	22	0	12	10
0.000000	289.395653	409	481	3013	1	18	0	10	8
0.093000	287.402523	429	488	3356	1	19	0	12	7
0.072000	287.052658	211	278	1433	1	26	0	12	14
0.067000	286.345742	188	260	1283	1	27	0	11	16
0.074000	286.590611	217	314	1466	1	25	0	10	15
0.855000	286.779683	459	509	3636	1	20	0	13	7
0.081000	286.388320	190	257	1301	1	26	0	11	15
0.105000	293.284737	250	362	2091	1	22	0	11	11
0.150000	293.436000	369	434	2733	1	17	0	10	7
0.096000	291.062006	239	355	2014	1	23	0	13	10
0.131000	291.840374	402	476	2908	1	16	0	9	7
0.068000	289.792052	218	316	1476	1	25	0	10	15
0.144000	291.712529	440	495	3529	1	23	0	12	11
0.145000	292.545885	453	500	3631	1	24	0	13	11
0.074000	290.730291	202	264	1321	1	27	0	12	15
0.146000	293.373222	459	504	3290	1	16	0	10	6
0.083000	288.347137	217	311	1708	1	22	0	13	9
0.084000	296.073557	223	317	1746	1	21	0	11	10
0.143000	294.054274	401	476	2931	1	18	0	12	6
0.142000	291.456482	445	494	3543	1	20	0	13	7
0.070000	295.406476	213	277	1393	1	28	0	12	16
0.067000	292.660790	202	264	1332	1	27	0	12	15
0.121000	297.969072	366	420	2710	1	19	0	11	8
0.122000	293.285650	363	421	2730	1	20	0	12	8
0.127000	300.143169	401	470	2884	1	18	0	9	9
0.100000	296.555773	256	375	2040	1	20	0	10	10
0.117000	296.320559	345	410	2657	1	24	0	11	13
0.103000	299.616103	283	377	2359	1	22	0	12	10
0.202000	299.771560	338	409	2608	1	24	0	12	12
0.115000	301.155533	341	409	2645	1	21	0	10	11
0.118000	299.590407	348	404	2641	1	19	0	10	9
0.110000	297.868859	323	403	2480	1	20	0	11	9
0.124000	296.966879	352	408	2672	1	20	0	12	8
0.118000	299.777524	359	410	2714	1	19	0	10	9
0.155000	298.812199	470	510	3301	1	17	0	9	8
0.117000	298.704921	341	409	2659	1	21	0	10	11
0.139000	300.654416	440	501	3128	1	17	0	9	8
0.100000	303.902605	370	429	2721	1	19	0	10	9
0.113000	304.378631	433	494	3048	1	19	0	11	8
0.110000	301.611648	310	399	2412	1	20	0	10	10
0.123000	303.300548	337	406	2585	1	20	0	10	10
0.122000	303.555048	373	431	2726	1	18	0	9	9
0.119000	303.016187	370	429	2725	1	23	0	13	10
0.153000	302.703659	398	456	2855	1	23	0	14	9
0.112000	301.900691	307	399	2385	1	23	0	12	11
0.137000	302.566932	369	429	2736	1	20	0	12	8
0.153000	303.430905	371	429	2754	1	18	0	9	9
0.131000	308.712374	357	409	2658	1	18	0	9	9
0.160000	309.018606	470	503	3187	1	18	0	10	8
0.134000	306.108495	356	407	2636	1	20	0	12	8
0.158000	306.744983	472	508	3164	1	17	0	8	9
0.146000	306.389494	470	503	3182	1	18	0	9	9
0.114000	302.612939	331	406	2543	1	22	0	12	10
0.143000	308.781382	457	510	3079	1	19	0	11	8
0.049000	307.960634	110	254	1020	1	17	0	9	8
0.052000	308.292853	109	256	1006	1	17	0	9	8
0.044000	307.142746	98	241	877	1	17	0	10	7
0.141000	310.813226	451	507	3088	1	21	0	10	11
0.141000	310.348735	454	500	3042	1	16	0	9	7
0.140000	307.126960	438	494	3104	1	20	0	12	8
0.118000	308.334272	361	415	2675	1	20	0	12	8
0.140000	312.205897	446	512	3088	1	19	0	10	9
0.397000	311.209801	470	506	3072	1	16	0	8	8
0.000000	314.324451	123	263	1088	1	16	0	8	8
0.000000	314.434956	98	223	771	1	18	0	9	9
0.000000	311.855532	118	262	1069	1	19	0	10	9
0.131000	309.373244	344	449	2819	1	19	0	12	7
0.128000	317.649075	401	470	2857	1	21	0	11	10
0.117000	316.469971	362	415	2638	1	19	0	11	8
0.125000	317.389524	399	468	2853	1	18	0	9	9
0.119000	315.429531	369	425	2705	1	21	0	11	10
0.139000	314.065095	443	516	3070	1	20	0	12	8
0.148000	311.488872	478	518	3303	1	18	0	12	6
0.144000	314.415150	478	509	3158	1	17	0	9	8
0.140000	317.163967	474	507	3077	1	15	0	9	6
0.117000	312.646335	329	406	2580	1	23	0	12	11
0.145000	314.203664	481	519	3325	1	18	0	12	6
0.140000	316.908695	455	500	3080	1	21	0	13	8
0.136000	317.934424	427	499	2995	1	25	0	15	10
0.145000	318.274763	483	522	3238	1	19	0	12	7
0.142000	320.473911	471	511	3105	1	20	0	12	8
0.143000	315.950846	449	497	3012	1	18	0	12	6
0.117000	315.426044	361	414	2638	1	21	0	12	9
0.140000	320.122561	438	514	3072	1	19	0	11	8
0.145000	319.349518	450	518	3193	1	21	0	12	9
0.137000	316.767010	438	514	3079	1	19	0	11	8
0.138000	318.188436	451	507	3092	1	20	0	12	8
0.727000	325.321438	375	431	2732	1	22	0	12	10
0.154000	322.537632	442	516	3048	1	20	0	11	9
0.167000	321.740635	460	519	3211	1	20	0	12	8
0.131000	321.524361	395	459	2778	1	23	0	13	10
0.146000	320.773107	472	508	3159	1	17	0	9	8
0.145000	323.693910	453	514	3005	1	18	0	9	9
0.145000	321.750169	481	519	3257	1	20	0	13	7
0.050000	321.949030	110	256	1002	1	17	0	9	8
0.059000	320.420089	136	276	1224	1	21	0	10	11
0.061000	320.783563	127	268	1173	1	17	0	11	6
0.144000	323.729871	475	509	3134	1	19	0	12	7
0.143000	329.732011	478	517	3015	1	18	0	10	8
0.154000	329.290643	478	514	3019	1	16	0	9	7
0.140000	323.216674	438	508	3010	1	21	0	13	8
0.146000	327.422272	480	516	3190	1	20	0	12	8
0.151000	323.680652	467	502	3096	1	20	0	12	8
0.141000	325.077440	451	518	3110	1	20	0	12	8
0.138000	328.463982	450	514	3030	1	19	0	10	9
0.013000	325.272402	146	273	1216	1	19	0	12	7
0.052000	325.906256	124	260	1034	1	20	0	12	8
0.143000	328.996120	456	518	3173	1	21	0	12	9
0.140000	328.373715	468	501	3031	1	21	0	13	8
0.140000	329.976055	468	508	3071	1	22	0	13	9
0.137000	325.809033	437	514	3037	1	21	0	14	7
0.118000	326.069018	368	418	2661	1	26	0	14	12
0.138000	331.482601	443	516	2987	1	19	0	11	8
0.142000	330.945692	471	506	3029	1	19	0	10	9
0.139000	330.005099	454	514	3017	1	19	0	9	10
0.068000	332.928075	161	287	1473	1	18	0	11	7
0.050000	330.675384	112	256	992	1	19	0	10	9
0.230000	335.173449	461	519	3170	1	21	0	14	7
0.149000	333.728729	476	528	3326	1	21	0	12	9
0.138000	335.924760	452	514	2964	1	19	0	10	9
0.146000	336.869751	469	528	3055	1	20	0	10	10
0.140000	330.520211	451	518	3125	1	24	0	15	9
0.146000	335.645148	480	533	3326	1	21	0	12	9
0.025000	335.557918	125	268	1145	1	17	0	11	6
0.052000	334.240223	159	287	1342	1	22	0	12	10
0.113000	330.939219	322	406	2569	1	22	0	13	9
0.062000	334.916682	154	283	1284	1	22	0	11	11
0.143000	342.399586	479	514	2980	1	19	0	10	9
0.141000	338.887732	463	515	2984	1	19	0	10	9
0.178000	340.421191	486	533	3383	1	22	0	12	10
0.138000	338.805362	448	518	3014	1	19	0	11	8
0.141000	338.174188	446	516	3077	1	19	0	11	8
0.133000	339.993227	459	518	3173	1	21	0	12	9
0.143000	335.751540	464	520	3162	1	22	0	12	10
0.137000	337.203642	445	517	2990	1	20	0	11	9
0.000000	334.124583	342	435	2807	1	21	0	12	9
0.000000	335.191511	300	372	2387	1	22	0	14	8
0.152000	342.490773	455	514	2990	1	22	0	11	11
0.139000	342.371916	443	516	2971	1	21	0	13	8
0.141000	340.580120	459	518	3132	1	21	0	12	9
0.114000	343.315943	315	399	2525	1	22	0	12	10
0.062000	340.948318	152	285	1304	1	22	0	12	10
0.051000	344.004551	129	259	1081	1	22	0	12	10
0.089000	339.829080	251	331	2003	1	23	0	13	10
0.051000	343.365446	123	260	1047	1	19	0	10	9
0.091000	340.686616	167	289	1426	1	21	0	13	8
0.055000	343.769805	131	263	1100	1	21	0	12	9
0.144000	344.468423	464	520	3161	1	21	0	12	9
0.145000	347.119155	447	517	2918	1	21	0	12	9
0.051000	345.032701	120	256	1022	1	18	0	10	8
0.061000	345.189640	129	259	1069	1	20	0	11	9
0.063000	346.222139	137	268	1160	1	20	0	12	8
0.064000	344.010141	138	269	1155	1	20	0	12	8
0.068000	345.718951	130	263	1079	1	20	0	12	8
0.078000	345.511490	169	287	1442	1	21	0	12	9
0.072000	343.656154	152	278	1254	1	23	0	12	11
0.063000	344.898438	131	264	1093	1	21	0	13	8
0.173000	348.529481	453	514	3125	1	20	0	12	8
0.163000	350.540700	469	528	3022	1	24	0	13	11
0.104000	346.869150	298	373	2313	1	21	0	13	8
0.107000	348.567090	280	362	2255	1	21	0	13	8
0.086000	346.508470	237	325	1898	1	20	0	13	7
0.115000	349.115890	333	419	2581	1	23	0	14	9
0.059000	349.168141	146	272	1222	1	22	0	13	9
0.694000	347.158752	278	361	2207	1	22	0	14	8
0.067000	347.966726	131	264	1105	1	21	0	13	8
0.071000	348.097315	157	285	1256	1	24	0	14	10
0.165000	352.852663	460	519	3113	1	22	0	13	9
0.149000	351.890915	462	520	3128	1	22	0	14	8
0.137000	350.031821	459	515	2957	1	23	0	13	10
0.154000	351.637564	458	515	2925	1	22	0	11	11
0.121000	351.569760	357	449	2775	1	23	0	13	10
0.131000	349.551456	400	493	3116	1	22	0	13	9
0.081000	350.686616	197	300	1657	1	21	0	13	8
0.111000	351.133786	324	406	2492	1	24	0	15	9
0.053000	354.917562	129	259	1065	1	22	0	13	9
0.052000	351.645480	123	257	995	1	21	0	12	9
0.144000	352.822154	463	519	3154	1	25	0	15	10
0.146000	354.899819	476	528	3265	1	23	0	15	8
0.137000	353.233189	443	516	2944	1	22	0	14	8
0.143000	359.024123	451	514	3094	1	21	0	13	8
0.062000	356.341666	157	285	1258	1	22	0	12	10
0.052000	355.807606	123	260	1036	1	20	0	11	9
0.056000	356.948258	139	269	1162	1	21	0	14	7
0.108000	354.026653	303	374	2349	1	24	0	15	9
0.056000	359.701334	133	268	1103	1	20	0	13	7

