0.061000	3.605551	4	6	4	1	0	0	0	0
0.033000	2.828427	3	10	8	1	0	0	0	0
0.020000	3.162278	0	4	2	1	0	0	0	0
0.016000	3.605551	4	6	4	1	0	0	0	0
0.013000	2.000000	2	6	3	1	0	0	0	0
0.011000	3.000000	4	6	3	1	0	0	0	0
0.008000	1.414214	0	3	0	1	0	0	0	0
0.009000	2.000000	2	7	4	1	0	0	0	0
0.007000	2.000000	2	5	4	1	0	0	0	0
0.019000	3.605551	4	10	13	1	0	0	0	0
0.005000	5.385165	3	7	7	1	0	0	0	0
0.013000	6.403124	5	23	31	1	0	0	0	0
0.007000	4.123106	0	9	14	1	0	0	0	0
0.008000	6.000000	1	14	10	1	0	0	0	0
0.004000	7.280110	2	6	3	1	0	0	0	0
0.003000	5.385165	2	5	4	1	0	0	0	0
0.004000	4.000000	0	6	5	1	0	0	0	0
0.005000	4.000000	0	8	9	1	0	0	0	0
0.005000	7.071068	8	10	8	1	0	0	0	0
0.006000	7.071068	6	11	13	1	0	0	0	0
0.007000	9.486833	4	12	16	1	0	0	0	0
0.007000	8.602325	6	13	19	1	0	0	0	0
0.009000	9.000000	10	16	17	1	0	0	0	0
0.008000	10.440307	11	17	33	1	0	0	0	0
0.007000	10.198039	11	15	28	1	0	0	0	0
0.007000	8.602325	6	16	16	1	0	0	0	0
0.015000	8.062258	8	31	71	1	0	0	0	0
0.009000	10.295630	6	13	16	1	0	0	0	0
0.011000	7.810250	7	18	30	1	0	0	0	0
0.008000	8.062258	9	15	21	1	0	0	0	0
0.016000	13.000000	13	35	74	1	0	0	0	0
0.009000	13.038405	12	19	35	1	0	0	0	0
0.003000	15.132746	2	5	3	1	0	0	0	0
0.011000	13.038405	14	20	26	1	0	0	0	0
0.011000	12.727922	11	20	30	1	0	0	0	0
0.011000	15.000000	10	16	25	1	0	0	0	0
0.012000	12.041595	9	23	18	1	0	0	0	0
0.013000	12.369317	13	27	56	1	0	0	0	0
0.019000	15.033296	16	34	90	1	0	0	0	0
0.011000	11.661904	11	19	15	1	0	0	0	0
0.020000	17.464249	18	40	77	1	0	0	0	0
0.015000	15.193485	16	27	61	3	1	0	1	0
0.018000	16.552945	16	35	87	1	0	0	0	0
0.005000	18.027756	0	4	3	1	0	0	0	0
0.006000	16.492423	5	11	16	1	0	0	0	0
0.019000	18.110770	19	41	110	1	0	0	0	0
0.022000	17.066689	19	40	122	3	2	0	2	0
0.011000	17.841397	8	19	35	2	1	0	1	0
0.011000	16.278821	12	23	41	1	0	0	0	0
0.014000	16.124515	9	27	52	1	0	0	0	0
0.011000	22.000330	10	19	29	2	1	0	1	0
0.017000	20.901047	20	32	74	3	2	0	2	0
0.006000	20.223748	4	6	4	1	0	0	0	0
0.020000	23.000000	24	38	107	1	0	0	0	0
0.007000	19.416488	5	10	13	1	0	0	0	0
0.024000	22.803509	15	48	133	1	0	0	0	0
0.017000	19.849433	14	32	55	1	0	0	0	0
0.017000	21.672538	9	29	72	3	2	0	2	0
0.013000	21.023796	10	26	14	1	0	0	0	0
0.011000	20.046897	9	21	40	2	1	0	1	0
0.022000	26.248931	19	43	135	2	1	0	1	0
0.020000	24.280110	13	36	94	2	1	0	1	0
0.022000	24.836419	25	41	132	4	2	0	2	0
0.011000	25.495098	6	20	32	1	0	0	0	0
0.003000	27.073973	2	5	4	1	0	0	0	0
0.006000	25.179357	4	9	9	1	0	0	0	0
0.019000	24.515301	25	41	106	1	0	0	0	0
0.026000	25.961510	26	52	153	1	0	0	0	0
0.005000	24.186773	4	6	4	1	0	0	0	0
0.009000	24.166092	11	17	32	1	0	0	0	0
0.009000	28.861739	8	16	35	1	0	0	0	0
0.028000	27.898009	33	55	191	4	3	0	3	0
0.020000	28.844410	17	34	83	1	0	0	0	0
0.018000	28.049245	25	37	95	2	1	0	1	0
0.026000	30.479501	24	50	151	1	0	0	0	0
0.019000	28.687354	23	32	91	3	2	0	2	0
0.020000	28.730919	20	39	143	2	1	0	1	0
0.020000	25.958217	27	40	110	4	3	0	3	0
0.013000	29.154759	12	27	53	1	0	0	0	0
0.004000	30.000000	1	4	3	1	0	0	0	0
0.018000	32.918896	25	39	125	2	1	0	1	0
0.023000	32.712377	30	47	110	4	3	0	3	0
0.029000	32.649655	30	57	175	1	0	0	0	0
0.049000	31.080305	56	84	304	4	3	0	3	0
0.025000	31.320920	31	47	154	1	0	0	0	0
0.027000	30.533651	36	56	214	2	1	0	1	0
0.006000	33.541020	7	9	6	1	0	0	0	0
0.028000	30.232433	26	50	139	1	0	0	0	0
0.016000	30.204055	16	33	74	4	3	0	3	0
0.013000	31.320920	10	25	24	1	0	0	0	0
0.004000	36.000000	1	4	3	1	0	0	0	0
0.053000	33.426847	78	109	356	4	3	0	3	0
0.036000	35.902646	36	64	275	1	0	0	0	0
0.031000	35.649886	38	57	246	3	2	0	2	0
0.025000	36.069378	26	49	160	1	0	0	0	0
0.036000	36.364649	36	67	280	2	1	0	1	0
0.032000	36.215648	39	60	244	2	1	0	1	0
0.005000	36.055513	2	5	4	1	0	0	0	0
0.023000	36.643317	31	49	141	2	1	0	1	0
0.014000	35.242008	7	22	44	2	1	0	1	0
0.012000	39.426739	13	21	29	4	3	0	3	0
3.554000	39.913676	54	81	374	4	3	0	3	0
0.073000	39.719321	83	125	525	3	2	0	2	0
0.011000	42.107007	4	9	9	1	0	0	0	0
0.028000	40.379448	32	52	190	2	1	0	1	0
0.039000	40.311289	41	73	265	1	0	0	0	0
0.017000	38.205635	21	32	83	3	2	0	2	0
0.027000	40.968982	39	57	188	2	1	0	1	0
0.018000	39.981209	20	36	76	3	2	0	2	0
0.040000	38.134553	49	82	282	5	4	0	4	0
0.014000	45.559804	9	19	39	2	1	0	1	0
0.044000	46.124784	52	80	336	2	1	0	1	0
0.046000	46.317351	48	85	351	2	1	0	1	0
0.027000	46.690470	33	49	190	1	0	0	0	0
0.032000	42.638498	44	62	240	3	2	0	2	0
0.027000	43.839688	28	51	191	4	2	0	2	0
0.059000	39.774893	96	122	484	4	3	0	3	0
0.038000	44.147480	44	68	254	1	0	0	0	0
0.023000	42.850566	32	41	121	2	1	0	1	0
0.043000	41.658272	40	84	350	2	1	0	1	0
0.023000	46.140523	62	73	174	5	4	0	4	0
0.029000	44.104847	44	52	116	5	4	0	4	0
0.009000	46.690470	9	14	12	1	0	0	0	0
0.029000	47.314640	34	59	239	2	1	0	1	0
0.043000	45.851037	65	89	304	4	2	0	2	0
0.028000	47.539457	20	43	114	2	1	0	1	0
0.114000	48.648636	156	201	1015	3	2	0	2	0
0.105000	50.160453	125	172	884	2	1	0	1	0
0.037000	46.186126	51	65	216	2	1	0	1	0
0.031000	48.351424	45	63	237	2	1	0	1	0
0.031000	49.941211	52	59	105	5	4	0	4	0
0.034000	51.313723	39	73	232	2	1	0	1	0
0.030000	51.333715	43	64	214	2	1	0	1	0
0.044000	50.068884	72	96	405	3	1	0	1	0
0.028000	50.791941	22	43	101	2	1	0	1	0
0.056000	50.083218	67	110	493	4	2	0	2	0
0.056000	50.283733	51	93	360	2	1	0	1	0
0.035000	50.672425	33	61	189	2	1	0	1	0
0.026000	50.505406	17	43	146	3	2	0	2	0
0.035000	51.579739	43	68	248	4	3	0	3	0
0.015000	53.558296	17	26	43	5	4	0	4	0
0.019000	55.014095	28	38	78	4	3	0	3	0
0.039000	57.384667	39	78	325	1	0	0	0	0
0.072000	55.286447	116	149	546	4	3	0	3	0
0.012000	55.901699	11	15	29	1	0	0	0	0
0.013000	54.244289	18	28	77	2	1	0	1	0
0.029000	57.245158	20	42	117	2	1	0	1	0
0.044000	55.759833	49	79	348	2	1	0	1	0
0.071000	50.910216	117	146	589	3	2	0	2	0
0.023000	54.424259	20	40	113	1	0	0	0	0
0.077000	61.152946	118	162	840	3	1	0	1	0
0.049000	57.706152	58	99	494	1	0	0	0	0
0.060000	54.680701	88	124	585	6	5	0	5	0
0.038000	59.641062	47	75	316	3	2	0	2	0
0.064000	57.992438	103	130	608	7	5	0	5	0
0.022000	60.990966	23	39	84	3	2	0	2	0
0.033000	59.841698	39	70	265	2	1	0	1	0
0.046000	57.300072	56	81	353	2	1	0	1	0
0.087000	57.286434	124	167	783	4	3	0	3	0
0.015000	60.016664	12	18	36	1	0	0	0	0
0.031000	61.029648	27	65	177	2	1	0	1	0
0.057000	62.698291	96	121	511	3	2	0	2	0
0.059000	63.853721	100	125	546	3	1	0	1	0
0.039000	65.192024	50	71	308	1	0	0	0	0
0.192000	58.886419	273	350	1832	5	4	0	4	0
0.077000	60.838760	77	117	670	3	2	0	2	0
0.018000	61.522354	9	25	32	1	0	0	0	0
0.139000	60.400593	216	268	1528	5	4	0	4	0
0.104000	59.939280	148	189	818	3	2	0	2	0
0.053000	62.401618	68	101	443	6	4	0	4	0
0.044000	67.283776	62	86	218	6	5	0	5	0
0.023000	63.788714	16	42	116	1	0	0	0	0
0.034000	63.193112	45	70	283	4	3	0	3	0
0.033000	64.467080	50	64	208	3	2	0	2	0
0.046000	66.732605	69	99	416	2	1	0	1	0
0.063000	65.686720	99	130	611	3	2	0	2	0
0.045000	64.792164	45	78	271	4	3	0	3	0
0.009000	71.028163	2	8	9	1	0	0	0	0
0.111000	67.868843	177	223	1170	3	1	0	1	0
0.027000	66.491377	28	44	107	4	3	0	3	0
0.022000	68.976731	31	42	86	4	3	0	3	0
0.067000	71.224146	88	133	687	3	2	0	2	0
0.222000	66.152439	364	444	2156	5	4	0	4	0
0.123000	66.095217	165	210	1010	6	5	0	5	0
0.072000	69.507122	67	126	600	2	1	0	1	0
0.054000	71.021124	61	92	420	1	0	0	0	0
0.113000	68.486342	171	220	1253	4	3	0	3	0
0.110000	67.782808	176	221	989	5	4	0	4	0
0.111000	69.563835	192	228	921	3	2	0	2	0
0.043000	68.046955	57	79	243	3	2	0	2	0
0.043000	72.699018	64	83	211	6	5	0	5	0
0.183000	71.356624	308	365	1907	6	5	0	5	0
0.084000	71.093393	114	157	819	8	7	0	7	0
0.080000	74.681329	120	165	928	3	2	0	2	0
0.037000	72.125584	44	71	261	3	2	0	2	0
0.013000	72.860028	32	61	218	3	2	0	2	0
0.000000	77.610767	65	87	280	5	3	0	3	0
0.197000	70.601386	496	603	2963	5	4	0	4	0
0.061000	71.897034	38	66	238	3	2	0	2	0
0.038000	74.518454	49	71	312	1	0	0	0	0
0.027000	75.784061	40	50	124	4	3	0	3	0
0.027000	74.574762	40	52	114	7	6	0	6	0
0.035000	76.063679	59	68	209	3	2	0	2	0
0.070000	76.394741	117	146	637	3	2	0	2	0
0.173000	73.952566	248	322	1832	7	6	0	6	0
0.080000	80.386830	87	132	642	3	2	0	2	0
0.235000	74.048286	375	457	2650	5	4	0	4	0
0.706000	75.612708	1049	1181	7144	8	7	0	7	0
0.127000	77.242181	103	143	649	3	2	0	2	0
0.074000	76.040652	85	130	667	3	2	0	2	0
0.027000	84.066144	17	40	90	2	1	0	1	0
0.233000	78.341371	379	448	2468	6	5	0	5	0
0.056000	82.799335	53	91	357	5	4	0	4	0
0.047000	82.129336	65	91	320	4	3	0	3	0
0.042000	80.856600	53	83	338	4	3	0	3	0
1.027000	79.046509	928	1127	6544	7	6	0	6	0
0.119000	82.008974	120	147	627	4	3	0	3	0
0.042000	83.207956	38	54	160	3	2	0	2	0
0.020000	80.143670	97	141	776	3	2	0	2	0
0.323000	80.174130	316	382	1944	5	4	0	4	0
0.039000	82.044332	46	55	120	4	3	0	3	0
0.113000	83.956520	192	217	900	8	7	0	7	0
0.046000	86.417464	48	80	233	3	2	0	2	0
0.284000	80.827653	459	555	3140	5	4	0	4	0
0.087000	84.228230	118	149	592	6	4	0	4	0
0.076000	83.454428	110	150	831	7	6	0	6	0
4.884000	83.366562	1042	1262	7546	7	6	0	6	0
0.157000	82.070090	166	218	1103	7	6	0	6	0
0.069000	84.946969	41	66	228	2	1	0	1	0
0.036000	84.332970	30	48	120	3	2	0	2	0
0.035000	89.600518	39	58	105	2	1	0	1	0
0.027000	87.403883	37	48	91	3	2	0	2	0
0.109000	88.024955	162	189	721	10	9	0	9	0
0.838000	89.190901	73	106	399	4	2	0	2	0
0.138000	86.531376	173	238	1118	7	6	0	6	0
0.049000	91.530385	46	71	280	5	4	0	4	0
0.097000	88.001426	120	163	866	5	4	0	4	0
0.062000	88.557335	65	107	456	4	3	0	3	0
0.173000	85.680291	248	335	1570	6	5	0	5	0
0.053000	86.798179	58	91	391	4	3	0	3	0
0.033000	93.257156	45	55	115	6	5	0	5	0
0.093000	88.671377	131	169	667	8	7	0	7	0
0.035000	91.782351	19	53	160	1	0	0	0	0
0.120000	95.132776	169	226	868	6	4	0	4	0
0.054000	89.448835	63	93	246	3	2	0	2	0
0.116000	90.031738	195	231	830	4	3	0	3	0
0.039000	94.750523	45	64	208	4	3	0	3	0
0.131000	89.822664	210	264	1373	9	8	0	8	0
0.565000	91.395725	896	1037	6195	5	4	0	4	0
0.090000	90.500609	51	78	339	3	2	0	2	0
0.122000	96.464761	172	218	1034	4	2	0	2	0
0.024000	97.610239	16	36	97	2	1	0	1	0
0.000000	95.044767	70	114	528	4	3	0	3	0
0.000000	93.528205	138	170	669	4	3	0	3	0
0.060000	93.964934	362	469	2670	5	4	0	4	0
0.059000	97.131155	41	64	226	3	2	0	2	0
0.122000	95.890183	193	239	1370	5	4	0	4	0
1.159000	94.789305	842	985	6088	5	4	0	4	0
0.098000	93.522785	52	87	357	4	3	0	3	0
0.099000	98.097909	124	163	634	5	4	0	4	0
0.033000	99.086077	40	52	104	6	5	0	5	0
0.023000	102.401754	21	41	71	3	2	0	2	0
0.466000	96.175200	745	863	5147	6	5	0	5	0
0.097000	97.814539	90	155	645	5	4	0	4	0
0.059000	102.405793	79	116	530	4	3	0	3	0
0.154000	97.538912	220	295	1370	5	4	0	4	0
0.000000	102.513745	62	90	286	5	4	0	4	0
0.000000	98.745128	141	183	710	4	3	0	3	0
1.623000	98.957197	2638	2847	17567	7	6	0	6	0
1.366000	97.813827	925	1080	6617	5	4	0	4	0
0.167000	103.894178	116	162	666	6	4	0	4	0
0.160000	102.616709	201	243	1190	7	6	0	6	0
0.059000	101.651365	28	76	252	1	0	0	0	0
0.502000	100.894734	775	893	5486	5	4	0	4	0
0.433000	100.599234	606	709	4021	6	5	0	5	0
0.089000	107.245585	65	98	410	5	4	0	4	0
0.289000	103.437817	464	540	3042	5	4	0	4	0
0.063000	103.452031	66	90	335	4	3	0	3	0
0.265000	101.631960	349	419	2200	6	4	0	4	0
0.190000	105.165835	262	317	1998	5	4	0	4	0
0.196000	106.069378	305	346	1680	7	6	0	6	0
0.038000	109.447115	20	37	73	4	3	0	3	0
0.443000	109.549538	732	841	4354	4	3	0	3	0
5.010000	109.371105	1597	1807	11552	6	5	0	5	0
0.158000	106.369320	81	135	524	4	3	0	3	0
3.025000	105.839046	1976	2276	14986	5	4	0	4	0
0.277000	105.453050	342	424	2673	8	7	0	7	0
0.198000	105.382809	264	338	1972	6	4	0	4	0
0.144000	108.399876	191	239	1432	5	4	0	4	0
0.429000	105.627992	667	768	4848	7	6	0	6	0
0.124000	115.628123	152	185	619	7	6	0	6	0
0.050000	109.142275	32	73	239	2	1	0	1	0
0.057000	110.924604	64	106	432	5	4	0	4	0
1.056000	109.462764	1550	1819	11520	5	4	0	4	0
0.281000	113.471251	154	200	911	7	6	0	6	0
0.795000	110.588144	1293	1475	9046	5	4	0	4	0
6.419000	107.776032	715	841	5380	4	3	0	3	0
1.168000	111.725719	1809	2013	12588	4	3	0	3	0
1.511000	110.426708	2400	2670	17256	5	4	0	4	0
2.211000	109.898886	3203	3506	22499	4	3	0	3	0
0.319000	112.690292	218	261	1331	5	4	0	4	0
0.125000	118.721422	181	217	835	6	5	0	5	0
8.065000	115.036974	174	227	1118	6	5	0	5	0
0.057000	115.658576	27	65	213	2	1	0	1	0
1.188000	113.297672	860	991	5251	4	3	0	3	0
0.117000	112.663115	76	120	542	4	3	0	3	0
0.264000	113.038110	302	392	1875	4	3	0	3	0
1.257000	116.832385	1941	2225	14613	6	5	0	5	0
0.147000	114.626506	49	74	277	3	2	0	2	0
4.865000	112.350748	1403	1593	9974	5	4	0	4	0
0.178000	117.496688	189	224	1010	7	6	0	6	0
0.099000	122.131945	119	160	581	5	4	0	4	0
0.062000	118.265240	73	98	260	6	5	0	5	0
0.099000	115.550268	125	175	688	8	7	0	7	0
0.959000	118.357032	1245	1422	10018	7	6	0	6	0
0.174000	117.119109	206	267	1537	5	4	0	4	0
0.100000	121.432298	131	168	740	6	5	0	5	0
0.163000	121.483354	198	246	1099	6	5	0	5	0
0.077000	118.440803	68	96	397	3	2	0	2	0
0.512000	121.852042	783	932	6080	5	4	0	4	0
0.118000	122.030713	120	168	721	5	4	0	4	0
0.093000	120.798695	116	167	684	5	4	0	4	0
0.147000	122.611028	208	258	1404	8	7	0	7	0
0.157000	122.881423	252	287	1383	8	7	0	7	0
0.075000	123.889063	68	117	470	6	5	0	5	0
0.092000	126.128237	124	162	663	4	3	0	3	0
0.217000	123.406427	300	360	2178	5	4	0	4	0
3.790000	122.087492	682	811	5247	5	4	0	4	0
0.178000	120.258816	191	242	1461	5	4	0	4	0
0.306000	119.256494	556	644	3924	6	5	0	5	0
0.195000	127.657237	266	302	1358	10	9	0	9	0
0.114000	129.902111	147	192	727	5	4	0	4	0
0.169000	123.449300	244	289	1455	4	3	0	3	0
0.097000	126.996355	120	164	678	9	8	0	8	0
0.272000	127.453907	396	466	2472	9	8	0	8	0
0.053000	127.427923	38	58	145	4	3	0	3	0
0.143000	124.250278	202	265	1220	8	7	0	7	0
0.203000	127.377144	309	375	2236	5	4	0	4	0
0.507000	122.090147	755	919	5786	5	4	0	4	0
1.647000	123.683662	2631	2875	18730	6	5	0	5	0
0.172000	130.846948	139	173	713	6	5	0	5	0
8.174000	136.158292	128	168	781	4	3	0	3	0
0.093000	130.187274	77	129	551	7	6	0	6	0
0.126000	131.620240	166	203	941	6	5	0	5	0
0.210000	131.239170	181	229	1072	5	4	0	4	0
0.654000	127.083912	977	1140	7427	6	5	0	5	0
0.728000	126.073570	1104	1304	8432	6	5	0	5	0
1.384000	128.045694	2146	2396	15980	5	4	0	4	0
0.321000	129.133916	345	410	2304	5	4	0	4	0
6.028000	127.218013	3062	3317	21729	6	5	0	5	0
0.245000	135.087270	142	202	921	5	4	0	4	0
0.259000	133.492689	364	437	2398	7	6	0	6	0
0.073000	130.677605	62	87	266	5	4	0	4	0
0.043000	135.653435	33	57	131	5	4	0	4	0
0.121000	135.169365	180	234	1082	5	4	0	4	0
0.181000	132.143549	280	342	2093	6	5	0	5	0
0.732000	133.669230	930	1081	6860	6	5	0	5	0
3.197000	131.024263	1242	1430	9086	7	6	0	6	0
0.163000	130.219201	98	134	667	4	3	0	3	0
0.173000	131.691156	215	290	1591	3	2	0	2	0
0.440000	137.202097	698	780	4084	7	6	0	6	0
0.683000	132.673823	270	318	1588	5	4	0	4	0
0.195000	137.480365	216	267	1333	9	8	0	8	0
0.159000	140.245713	189	244	905	7	6	0	6	0
0.248000	136.118108	356	412	2149	9	8	0	8	0
0.076000	137.410675	63	87	260	4	3	0	3	0
0.074000	137.988644	61	102	391	5	4	0	4	0
7.348000	137.505504	2246	2592	17607	9	8	0	8	0
0.189000	142.909737	156	204	1041	6	4	0	4	0
0.411000	140.735369	544	640	4304	5	4	0	4	0
0.406000	140.680147	489	549	2711	9	8	0	8	0
0.323000	138.503246	531	584	3072	7	6	0	6	0
0.315000	141.827384	504	568	2898	7	6	0	6	0
0.045000	145.464809	28	38	72	3	2	0	2	0
1.949000	137.514295	2186	2398	17103	7	6	0	6	0
0.152000	143.628338	64	109	456	6	5	0	5	0
0.244000	140.363612	294	341	2070	6	5	0	5	0
2.305000	143.262637	3534	4003	27729	8	7	0	7	0
0.355000	142.527796	250	329	1472	5	4	0	4	0
4.097000	142.494728	186	244	1139	5	4	0	4	0
0.175000	142.452208	242	289	1579	8	7	0	7	0
0.192000	144.102944	243	294	1604	8	7	0	7	0
0.123000	147.228297	151	214	976	5	4	0	4	0
0.219000	149.892594	339	388	1818	5	3	0	3	0
0.473000	142.386327	765	851	4557	8	7	0	7	0
0.225000	144.991109	296	370	2090	6	5	0	5	0
0.116000	143.924516	141	192	819	10	9	0	9	0
0.087000	142.482522	99	147	658	6	5	0	5	0
0.227000	142.483361	283	380	1817	6	4	0	4	0
0.584000	143.965034	921	1068	7360	7	6	0	6	0
0.376000	147.376080	583	647	3336	7	6	0	6	0
0.119000	151.045516	141	187	905	6	5	0	5	0
0.057000	146.474983	61	83	185	4	3	0	3	0
0.033000	149.781364	29	40	104	5	4	0	4	0
0.119000	151.467461	166	208	1114	5	4	0	4	0
0.102000	151.853242	125	177	773	7	6	0	6	0
0.090000	149.975993	114	151	662	6	5	0	5	0
8.271000	149.591203	997	1190	7374	6	5	0	5	0
0.339000	150.081096	422	516	3424	6	5	0	5	0
0.740000	149.459391	1109	1298	9565	7	6	0	6	0
0.082000	155.765419	51	75	185	6	5	0	5	0
0.153000	153.920681	180	239	1168	9	8	0	8	0
0.132000	152.721465	167	220	1150	8	7	0	7	0
0.127000	148.239535	166	228	1059	10	9	0	9	0
0.059000	155.993991	50	77	274	5	4	0	4	0
1.038000	149.794697	1670	1834	11979	10	9	0	9	0
0.393000	149.297888	518	619	3202	6	5	0	5	0
0.438000	154.755004	700	817	5400	6	5	0	5	0
2.374000	150.970556	1204	1377	9387	7	6	0	6	0
1.084000	152.734254	1616	1852	12528	5	3	0	3	0
0.213000	158.032151	188	248	1216	10	9	0	9	0
0.153000	156.441108	202	263	1363	8	7	0	7	0
0.051000	158.961591	49	67	123	3	2	0	2	0
0.141000	157.628134	183	253	1132	4	3	0	3	0
0.114000	155.807457	146	194	917	6	5	0	5	0
0.516000	155.414132	178	223	1066	7	6	0	6	0
1.115000	157.049599	1584	1804	12926	8	7	0	7	0
0.199000	157.873781	120	159	744	4	3	0	3	0
1.849000	159.657107	2633	2970	21017	5	4	0	4	0
10.128000	155.012204	166	221	1157	4	3	0	3	0
0.047000	167.482874	23	43	85	4	3	0	3	0
0.049000	166.880452	34	53	90	6	5	0	5	0
0.474000	163.781027	658	740	4232	8	7	0	7	0
1.602000	158.574741	2329	2585	19405	7	6	0	6	0
1.238000	164.567583	1356	1524	9688	8	7	0	7	0
0.599000	161.141541	524	625	4222	6	5	0	5	0
1.600000	160.254255	2156	2437	16730	6	5	0	5	0
1.582000	157.522915	2135	2385	16657	6	5	0	5	0
1.120000	158.849778	1483	1692	11445	6	5	0	5	0
0.696000	160.912860	978	1099	6650	7	6	0	6	0
0.224000	164.274040	220	284	1456	9	8	0	8	0
0.278000	168.287536	420	497	3065	9	8	0	8	0
0.146000	166.544892	287	315	1452	9	8	0	8	0
1.897000	161.741293	2199	2447	16324	7	6	0	6	0
2.322000	164.379989	3592	3893	25122	8	7	0	7	0
2.623000	163.802250	3844	4218	30175	6	5	0	5	0
0.207000	162.450341	132	170	840	5	4	0	4	0
1.409000	162.380873	2349	2583	18466	7	6	0	6	0
1.815000	164.429811	2723	3011	23419	8	7	0	7	0
2.666000	164.370754	3685	4057	28995	6	5	0	5	0
0.385000	171.269819	426	484	2466	8	7	0	7	0
0.231000	164.049646	229	286	1456	6	5	0	5	0
0.179000	169.621170	279	312	1542	8	7	0	7	0
0.482000	169.144286	701	820	4090	6	5	0	5	0
0.626000	172.182296	995	1133	6397	4	3	0	3	0
2.582000	167.861993	3457	3727	24208	8	7	0	7	0
0.217000	167.774204	130	172	822	6	5	0	5	0
3.503000	168.043984	5220	5700	41328	8	7	0	7	0
2.150000	168.417163	3110	3445	24056	6	5	0	5	0
1.817000	167.957046	3448	3809	26303	6	5	0	5	0
0.739000	175.004938	913	1010	6229	9	8	0	8	0
0.224000	170.259916	288	349	1763	9	8	0	8	0
0.175000	169.677866	251	299	1537	6	5	0	5	0
0.067000	172.798228	62	90	286	5	4	0	4	0
0.048000	173.820510	41	71	188	6	5	0	5	0
0.247000	170.557885	366	443	2360	7	6	0	6	0
1.128000	172.302237	533	628	3109	6	5	0	5	0
0.209000	172.003277	244	289	1297	5	4	0	4	0
4.395000	170.553522	6369	6939	50978	9	8	0	8	0
0.393000	169.624242	141	194	1129	5	4	0	4	0
0.410000	177.244413	643	734	4090	6	5	0	5	0
0.439000	179.241621	640	731	4239	7	6	0	6	0
0.610000	176.020074	874	963	5254	8	7	0	7	0
0.226000	175.687135	290	320	1616	7	6	0	6	0
0.067000	175.581003	53	74	146	3	2	0	2	0
0.351000	177.800607	716	803	4543	8	7	0	7	0
0.110000	175.912098	55	82	189	6	5	0	5	0
0.361000	175.102406	555	649	3158	11	10	0	10	0
0.989000	172.408316	1568	1771	12218	11	10	0	10	0
3.978000	177.360970	5950	6459	46764	8	7	0	7	0
0.315000	179.084381	261	299	1407	8	7	0	7	0
0.490000	182.083248	753	842	4626	7	6	0	6	0
0.482000	179.582376	754	869	4281	8	6	0	6	0
0.298000	178.825431	184	250	1215	9	8	0	8	0
0.264000	179.220985	345	440	2341	7	6	0	6	0
0.915000	178.221875	278	368	2099	7	6	0	6	0
0.085000	180.763342	54	89	244	5	4	0	4	0
0.738000	180.695934	1088	1217	6396	11	10	0	10	0
1.078000	180.938785	1625	1772	10484	9	8	0	8	0
0.920000	175.381271	1273	1408	8339	7	6	0	6	0
0.449000	185.268136	899	1010	5343	7	6	0	6	0
0.260000	180.369238	295	379	2130	7	6	0	6	0
0.078000	185.148846	68	96	289	6	5	0	5	0
0.496000	186.485248	753	855	4622	5	4	0	4	0
1.528000	186.626843	2353	2602	17827	9	8	0	8	0
2.115000	182.985363	2689	2947	20234	10	9	0	9	0
0.518000	182.755770	557	638	3830	5	4	0	4	0
0.465000	182.648036	750	851	4957	6	5	0	5	0
0.906000	178.714016	1448	1655	11311	9	8	0	8	0
0.417000	183.467335	573	681	3593	8	6	0	6	0
0.081000	192.556072	52	81	184	8	7	0	7	0
0.242000	185.616900	306	388	2176	8	7	0	7	0
0.469000	188.513459	795	900	4855	8	7	0	7	0
0.395000	188.426108	578	680	3662	8	6	0	6	0
1.629000	184.703316	2670	2835	16103	9	7	0	7	0
0.753000	184.785892	1056	1151	8003	6	5	0	5	0
0.969000	183.070270	1485	1607	9076	7	6	0	6	0
0.318000	185.974187	383	447	2706	5	4	0	4	0
0.434000	188.800727	648	757	4647	6	5	0	5	0
0.891000	188.490804	1677	1854	11739	6	5	0	5	0
0.407000	192.202098	520	604	3007	8	7	0	7	0
0.141000	192.908463	159	202	678	8	6	0	6	0
0.142000	194.322677	183	235	773	8	6	0	6	0
3.337000	194.034633	4015	4350	28502	7	6	0	6	0
1.674000	187.225868	2455	2608	14989	7	6	0	6	0
0.440000	187.650380	535	618	3921	5	4	0	4	0
0.212000	190.201699	411	494	2713	10	9	0	9	0
0.191000	193.623900	240	301	1630	7	6	0	6	0
0.366000	191.357974	549	625	4051	5	4	0	4	0
0.918000	187.874392	1428	1629	10940	9	8	0	8	0
0.623000	197.119112	851	977	4780	10	9	0	9	0
0.206000	194.192944	293	324	1593	7	6	0	6	0
0.212000	198.752731	302	370	1576	8	7	0	7	0
0.080000	195.757079	65	101	316	6	5	0	5	0
0.124000	198.121121	157	199	777	6	5	0	5	0
0.659000	196.969239	1058	1181	6118	7	6	0	6	0
0.362000	195.078672	677	762	4103	5	4	0	4	0
0.511000	198.838240	779	883	4708	8	7	0	7	0
0.086000	196.411987	58	90	272	5	4	0	4	0
0.919000	194.042222	1492	1662	10453	4	3	0	3	0
0.128000	198.021070	56	82	226	5	4	0	4	0
0.248000	201.401796	470	555	2590	8	7	0	7	0
1.167000	199.956756	1928	2077	14089	9	8	0	8	0
0.170000	200.840035	77	127	431	8	7	0	7	0
3.517000	200.333606	4235	4560	30657	5	4	0	4	0
1.506000	199.407184	2332	2521	16359	6	5	0	5	0
3.596000	202.208729	5464	5892	40346	7	6	0	6	0
2.153000	200.467175	3471	3800	24638	9	8	0	8	0
1.317000	198.356224	446	561	3292	7	6	0	6	0
1.294000	199.496291	2045	2234	12944	9	8	0	8	0
0.238000	203.891888	271	322	1197	5	4	0	4	0
0.081000	208.845044	75	104	309	8	7	0	7	0
1.481000	205.429992	2367	2658	16760	8	7	0	7	0
1.605000	203.152716	2328	2519	16753	11	10	0	10	0
0.122000	202.716517	60	90	215	6	5	0	5	0
1.595000	201.607429	2351	2560	17377	4	3	0	3	0
3.062000	204.206703	4642	4884	29422	10	9	0	9	0
1.344000	200.327694	2520	2670	14864	7	6	0	6	0
0.908000	198.461424	1311	1439	10411	6	5	0	5	0
3.458000	199.373219	4296	4503	25978	9	8	0	8	0
0.594000	202.409068	933	1080	7375	8	6	0	6	0
1.217000	205.067568	2345	2529	19119	6	5	0	5	0
0.463000	202.109303	576	653	4054	6	5	0	5	0
2.519000	204.689535	2990	3301	23134	9	8	0	8	0
1.643000	203.047628	2320	2492	18833	6	5	0	5	0
3.042000	208.570808	4567	4815	28958	8	7	0	7	0
3.063000	204.714343	5085	5375	33065	10	9	0	9	0
1.629000	203.877117	2245	2421	13932	10	9	0	9	0
3.534000	206.250518	4183	4485	27297	9	8	0	8	0
1.611000	206.352449	2253	2491	17011	9	8	0	8	0
0.486000	211.403508	697	824	4421	10	9	0	9	0
2.468000	209.970634	3985	4345	33043	8	7	0	7	0
3.316000	209.731341	4596	4920	31454	9	8	0	8	0
1.837000	211.192165	2873	3187	23909	8	6	0	6	0
4.362000	211.871729	5867	6125	37429	8	7	0	7	0
3.032000	211.559341	4990	5226	31299	8	7	0	7	0
3.416000	207.927647	4293	4496	26213	8	7	0	7	0
4.182000	212.391069	6293	6539	40627	8	7	0	7	0
2.741000	212.115678	3922	4220	31760	6	5	0	5	0
2.772000	211.783658	4080	4431	29124	10	9	0	9	0
0.238000	215.412319	59	93	247	6	5	0	5	0
0.053000	218.310120	53	86	225	5	4	0	4	0
0.040000	218.342109	178	230	845	7	6	0	6	0
6.471000	219.832004	8323	8778	63932	8	7	0	7	0
3.430000	213.584284	4599	4984	36834	9	8	0	8	0
1.920000	214.305087	2654	2974	21935	7	6	0	6	0
4.022000	214.425787	6024	6260	38405	9	8	0	8	0
3.959000	215.952496	5780	6002	36905	8	7	0	7	0
1.925000	212.445082	2811	2965	16854	11	10	0	10	0
3.002000	217.646442	4338	4637	35116	6	5	0	5	0
3.558000	221.502293	5875	6293	45908	8	7	0	7	0
0.707000	214.739607	860	926	6153	8	7	0	7	0
0.781000	213.788563	1022	1136	7830	7	6	0	6	0
1.963000	216.550716	2204	2487	18309	7	6	0	6	0
2.520000	217.308220	4252	4658	36490	8	7	0	7	0
7.219000	220.582144	9244	9880	77879	9	8	0	8	0
0.908000	216.295908	563	637	4126	7	6	0	6	0
3.047000	217.321797	4525	4747	27613	7	6	0	6	0
5.206000	217.998666	6759	7099	45877	10	9	0	9	0
5.408000	218.831495	7673	8071	55492	10	9	0	9	0
0.415000	224.005770	117	151	535	6	5	0	5	0
4.920000	223.598660	6904	7359	54768	8	7	0	7	0
1.111000	219.921985	1410	1503	10096	8	7	0	7	0
2.826000	221.513441	4296	4597	29092	9	8	0	8	0
5.969000	222.984037	8285	8902	69960	8	7	0	7	0
4.441000	221.685068	5495	5729	35932	12	10	0	10	0
5.242000	225.961538	6794	7084	45247	9	8	0	8	0
3.628000	221.018676	5065	5272	32380	10	8	0	8	0
3.110000	218.342173	4401	4598	26799	8	7	0	7	0
3.676000	216.268717	3839	4050	23132	7	6	0	6	0
5.060000	227.912354	6302	6754	50862	11	10	0	10	0
7.159000	225.408009	8998	9635	75870	8	7	0	7	0
1.143000	222.556478	1173	1303	9259	6	5	0	5	0
10.060000	219.996949	2844	3014	16405	8	7	0	7	0
9.687000	223.226403	4369	4583	26597	6	5	0	5	0
3.595000	224.212436	4630	4841	28692	7	6	0	6	0
13.877000	220.705476	3834	4049	23336	8	7	0	7	0
14.009000	224.041795	6580	6987	51111	7	6	0	6	0
9.083000	222.720512	4896	5240	33624	9	8	0	8	0
22.229000	228.383566	7388	8013	63122	9	8	0	8	0
5.769000	228.075590	6534	6769	41496	9	8	0	8	0
5.124000	224.433621	5998	6224	37191	8	7	0	7	0
3.121000	224.917344	4532	4747	27829	6	5	0	5	0
3.352000	227.695550	5073	5359	33345	9	8	0	8	0
5.453000	231.090864	6526	6872	45406	9	8	0	8	0
6.080000	232.491891	6825	7273	55275	9	7	0	7	0
2.849000	230.190115	4002	4168	23440	11	10	0	10	0
1.023000	227.596157	2116	2253	15239	9	8	0	8	0
2.654000	225.400755	3882	4104	24360	9	8	0	8	0
2.484000	226.343056	3925	4197	25577	9	8	0	8	0
0.282000	234.894020	141	177	600	9	8	0	8	0
8.120000	237.623661	10526	10991	84563	7	6	0	6	0
8.179000	237.508727	10270	10733	77550	11	10	0	10	0
4.928000	234.259102	6727	7088	47828	11	10	0	10	0
6.337000	232.080921	5544	5776	37010	11	10	0	10	0
6.214000	232.354986	8578	8961	59582	8	7	0	7	0
4.532000	232.585693	6492	6711	41958	9	8	0	8	0
4.825000	232.061788	6881	7270	49150	9	8	0	8	0
6.762000	232.943922	8961	9620	77443	8	7	0	7	0
6.962000	236.372051	9140	9622	73664	7	6	0	6	0
1.420000	236.616333	1589	1800	12114	7	6	0	6	0
2.638000	236.780453	4039	4208	23589	11	10	0	10	0
2.425000	236.116043	4038	4381	33856	10	9	0	9	0
5.291000	239.043322	6290	6717	51047	9	8	0	8	0
3.321000	237.119321	4683	5023	32478	10	9	0	9	0
1.050000	234.668384	1561	1790	12602	7	6	0	6	0
0.722000	232.103131	1152	1240	8740	8	7	0	7	0
5.032000	235.556169	6748	6976	44127	8	7	0	7	0
3.332000	238.648917	4758	5141	39812	7	6	0	6	0
1.586000	233.543230	2783	2947	15453	10	9	0	9	0
0.204000	245.822451	179	237	936	7	6	0	6	0
7.922000	242.471093	10325	10780	78580	12	11	0	11	0
7.456000	242.110555	10043	10484	76106	11	10	0	10	0
2.873000	241.051376	3021	3185	21399	9	8	0	8	0
4.569000	242.265511	6535	6791	45200	11	10	0	10	0
6.991000	245.247451	9124	9549	68132	9	8	0	8	0
1.976000	236.891144	2542	2708	14176	10	9	0	9	0
4.545000	242.339398	6240	6508	42264	13	12	0	12	0
5.073000	238.211769	6887	7122	46236	8	7	0	7	0
4.706000	239.509577	7314	7588	49186	9	8	0	8	0
1.338000	241.607327	2221	2370	16074	10	9	0	9	0
1.481000	245.254899	2785	2936	19956	9	8	0	8	0
4.500000	246.476749	5818	6033	40462	10	9	0	9	0
3.325000	239.961130	5125	5298	33455	10	9	0	9	0
4.273000	241.147088	5580	5974	44312	7	6	0	6	0
6.755000	244.635352	9505	10137	82192	6	5	0	5	0
8.788000	244.882060	11600	12175	89450	12	11	0	11	0
2.557000	243.533702	3353	3574	26556	9	7	0	7	0
5.436000	245.917131	7165	7545	53563	10	9	0	9	0
3.539000	247.193009	5602	5992	42044	8	7	0	7	0
4.813000	249.981104	5980	6381	46399	10	9	0	9	0
4.110000	247.183154	5787	6352	50310	8	7	0	7	0
4.732000	250.544376	6247	6495	44353	10	9	0	9	0
4.688000	246.916680	7040	7275	47873	9	8	0	8	0
3.909000	245.409623	6382	6610	43362	9	8	0	8	0
4.624000	245.030160	5850	6080	39547	10	9	0	9	0
2.561000	245.192137	3491	3727	27561	9	8	0	8	0
10.053000	250.696057	13094	13720	112205	9	8	0	8	0
8.007000	248.911728	11532	12073	88867	11	10	0	10	0
2.396000	248.092205	3361	3751	27313	8	7	0	7	0
6.118000	253.524411	8575	8983	66444	14	13	0	13	0
4.204000	251.923702	7042	7389	51028	13	11	0	11	0
5.757000	254.185546	7428	7786	55178	11	10	0	10	0
4.014000	253.442933	6432	6677	45059	12	11	0	11	0
4.765000	252.232059	6799	7063	48104	10	9	0	9	0
3.690000	250.614907	5744	5960	37976	11	10	0	10	0
3.266000	249.514159	5474	5677	36961	11	10	0	10	0
4.519000	255.199971	5640	6119	48506	7	6	0	6	0
1.972000	251.644042	2665	2811	19482	9	8	0	8	0
6.515000	252.039745	9302	9982	84772	9	8	0	8	0
0.972000	259.283749	617	709	3332	10	9	0	9	0
8.462000	257.788816	13156	13708	103280	11	10	0	10	0
4.882000	255.043619	7321	7665	53619	12	11	0	11	0
5.255000	257.021517	7064	7322	50567	9	8	0	8	0
4.464000	253.708392	7332	7569	49898	8	7	0	7	0
3.087000	252.869112	3178	3387	18554	10	9	0	9	0
2.333000	254.621675	3519	3756	27852	8	7	0	7	0
2.322000	253.814959	3650	3901	28479	10	9	0	9	0
10.526000	253.051548	11704	12353	103535	8	7	0	7	0
14.966000	254.915181	6068	6300	42940	11	10	0	10	0
2.525000	265.171909	1408	1561	8352	13	12	0	12	0
7.092000	258.940318	3404	3638	25371	9	8	0	8	0
3.568000	260.983953	5722	5936	38236	12	11	0	11	0
7.799000	256.299452	3722	3930	28688	10	9	0	9	0
2.670000	257.026066	3846	4096	31086	9	8	0	8	0
5.576000	258.137225	2491	2659	18295	12	11	0	11	0
13.032000	261.192180	5672	5884	39529	10	9	0	9	0
15.346000	258.050063	5135	5310	33697	11	10	0	10	0
7.527000	259.864115	5537	5754	38315	11	10	0	10	0
2.246000	257.970359	3176	3390	23621	9	8	0	8	0
16.170000	263.426849	8582	8986	66598	15	14	0	14	0
22.681000	266.712385	12238	12755	96479	11	10	0	10	0
10.242000	260.835294	3201	3413	23697	9	8	0	8	0
5.037000	260.531135	5520	5722	37435	12	10	0	10	0
5.453000	260.253436	5438	5630	36377	12	11	0	11	0
3.695000	261.962201	3596	3840	28650	8	7	0	7	0
3.622000	259.332151	3913	4184	31570	9	8	0	8	0
3.561000	262.280015	3940	4190	29217	9	8	0	8	0
8.775000	267.402684	8855	9278	68020	14	13	0	13	0
12.190000	261.262816	12788	13434	113095	8	7	0	7	0
2.254000	270.127049	869	1009	5220	9	8	0	8	0
12.605000	266.400426	6081	6300	41671	13	12	0	12	0
9.504000	263.262856	3878	4142	31947	9	8	0	8	0
9.863000	267.654470	5588	5777	38068	10	9	0	9	0
5.694000	264.655263	3428	3670	25707	9	8	0	8	0
11.844000	267.817211	5439	5867	45009	11	10	0	10	0
14.939000	267.854437	9295	9943	83788	11	10	0	10	0
12.191000	268.216149	8995	9404	68350	14	13	0	13	0
4.225000	267.171713	2879	3050	21653	10	9	0	9	0
2.408000	266.275464	2650	2797	19182	12	11	0	11	0
1.769000	273.885687	1703	1890	10464	9	8	0	8	0
1.735000	273.673923	1205	1338	7353	11	10	0	10	0
9.449000	271.233412	8655	9054	67618	12	11	0	11	0
6.165000	270.535243	5543	5732	37598	12	11	0	11	0
7.169000	271.951839	6518	6787	46190	12	11	0	11	0
4.329000	268.715925	3720	3966	27941	9	8	0	8	0
3.202000	268.690787	3712	3913	28751	9	8	0	8	0
2.566000	271.013984	2562	2730	19188	11	10	0	10	0
3.704000	269.106866	2505	2669	18747	11	10	0	10	0
4.152000	270.273843	2652	2811	19965	11	9	0	9	0
1.536000	274.893592	1690	1874	10669	8	7	0	7	0
1.743000	275.647426	1191	1355	7393	12	11	0	11	0
9.794000	276.732912	10706	11362	95173	12	11	0	11	0
8.985000	274.540704	8803	9206	67745	14	13	0	13	0
3.386000	269.207098	3493	3704	27298	9	8	0	8	0
3.687000	272.674618	4000	4265	30355	9	8	0	8	0
9.839000	277.089712	10919	11578	97880	11	10	0	10	0
7.569000	279.064063	7259	7612	53747	12	11	0	11	0
3.003000	272.484196	2803	2941	20163	12	11	0	11	0
2.414000	273.879900	2955	3089	21616	13	12	0	12	0
4.381000	284.098524	4677	5055	34024	10	8	0	8	0
6.444000	284.423360	7091	7552	53238	13	12	0	12	0
1.495000	279.473740	1451	1611	9058	10	9	0	9	0
1.619000	280.254055	1886	2097	12265	9	8	0	8	0
1.815000	278.614470	2496	2664	18538	11	10	0	10	0
2.347000	277.890997	2566	2725	18818	12	11	0	11	0
3.051000	279.920556	2933	3064	21355	12	11	0	11	0
1.889000	278.591842	2512	2680	18819	11	10	0	10	0
1.942000	277.289028	2541	2710	18960	12	11	0	11	0
3.288000	280.241641	2894	3187	19501	10	9	0	9	0
2.534000	282.988978	2836	3136	19672	9	8	0	8	0
7.134000	286.713153	7442	7896	55730	12	11	0	11	0
3.412000	284.088884	2629	2896	17347	12	11	0	11	0
7.876000	286.921893	9073	9528	68984	11	10	0	10	0
8.992000	285.665518	10455	11089	92690	11	10	0	10	0
2.889000	281.053690	2801	2939	20346	12	11	0	11	0
2.559000	279.823848	2485	2653	18596	11	10	0	10	0
2.303000	280.757334	3181	3392	24137	10	9	0	9	0
9.326000	284.912865	11725	12380	100659	12	11	0	11	0
2.611000	281.429822	2526	2692	18667	11	10	0	10	0
0.809000	288.894365	1342	1516	8211	12	11	0	11	0
4.210000	290.004417	5026	5420	36876	11	10	0	10	0
1.186000	287.365890	1139	1286	6541	14	13	0	13	0
6.162000	289.271783	8315	8797	63829	9	8	0	8	0
2.296000	284.007210	3201	3408	24203	10	9	0	9	0
7.917000	287.398979	10600	11275	95926	10	9	0	9	0
7.701000	287.544002	10475	11136	93946	11	10	0	10	0
2.074000	284.875131	2583	2742	18943	12	11	0	11	0
7.777000	291.129176	11583	12210	93371	11	10	0	10	0
1.030000	284.801419	1191	1318	7217	14	13	0	13	0
0.798000	292.344962	1230	1366	7367	12	11	0	11	0
5.751000	291.810227	8072	8533	61623	13	12	0	12	0
7.111000	289.233763	10611	11243	94006	12	11	0	11	0
2.740000	288.034336	2820	2956	20727	12	11	0	11	0
1.578000	286.714957	2599	2755	19216	12	11	0	11	0
4.169000	294.569995	6400	6798	47430	12	11	0	11	0
4.799000	290.772307	6192	6591	45370	13	12	0	12	0
5.974000	297.017852	8743	9179	67862	10	9	0	9	0
1.410000	291.981945	1616	1786	10238	10	9	0	9	0
2.062000	290.349793	3357	3672	23047	9	8	0	8	0
1.154000	295.929177	1732	1955	11144	13	12	0	12	0
2.756000	294.531417	3260	3564	22337	9	8	0	8	0
2.189000	296.933068	3548	3866	24514	10	9	0	9	0
2.529000	294.734488	3807	4156	27033	8	7	0	7	0
1.684000	294.084305	2658	2942	18069	11	10	0	10	0
3.021000	292.248730	4226	4612	30185	13	12	0	12	0
4.163000	295.262774	5375	5800	39450	11	10	0	10	0
9.044000	295.467631	13407	14056	109320	10	9	0	9	0
2.942000	294.655622	3945	4288	28093	10	9	0	9	0
6.910000	297.190087	10252	10838	81505	9	8	0	8	0
11.999000	301.121924	6769	7170	49729	11	10	0	10	0
10.929000	301.914978	10138	10692	78281	12	11	0	11	0
3.441000	298.096061	2445	2707	16277	10	9	0	9	0
2.655000	298.407199	3187	3488	22112	9	8	0	8	0
4.737000	300.300457	7180	7626	53878	10	9	0	9	0
4.983000	299.552440	6777	7180	50194	12	11	0	11	0
6.887000	299.575304	8550	9002	64779	13	12	0	12	0
1.818000	297.735609	2374	2619	15663	11	10	0	10	0
4.679000	299.733079	6537	6921	48389	13	12	0	12	0
4.412000	299.598385	6931	7347	52257	10	9	0	9	0
4.448000	304.244092	5339	5761	39189	10	9	0	9	0
12.695000	306.147027	14081	14745	115527	11	10	0	10	0
4.973000	301.626265	5149	5574	37724	13	12	0	12	0
11.413000	303.224372	14388	15041	118615	9	8	0	8	0
18.638000	302.750450	14070	14735	115492	9	8	0	8	0
9.786000	298.246295	3028	3317	20933	12	11	0	11	0
17.550000	305.340410	12903	13562	106792	11	10	0	10	0
13.375000	303.676477	362	423	1781	10	9	0	9	0
0.317000	305.323869	362	423	1702	10	9	0	9	0
0.289000	304.154556	358	421	1872	9	8	0	8	0
16.658000	306.922028	11106	11746	89312	9	8	0	8	0
26.071000	308.027280	12738	13392	104796	10	9	0	9	0
14.505000	304.214177	10224	10826	80663	11	10	0	10	0
12.147000	304.440038	5922	6363	43759	13	12	0	12	0
17.607000	308.934250	10708	11319	86765	11	10	0	10	0
25.219000	308.474084	14833	15459	122747	9	8	0	8	0
0.933000	311.523983	457	541	2350	9	8	0	8	0
0.268000	309.306404	401	449	1783	9	8	0	8	0
0.323000	308.623449	442	521	2266	10	9	0	9	0
5.122000	306.769857	2466	2654	15648	13	12	0	12	0
13.324000	314.253452	8770	9208	67697	9	8	0	8	0
12.234000	312.375083	6082	6519	45263	12	11	0	11	0
20.997000	313.945860	8579	9025	66206	10	9	0	9	0
12.831000	311.244291	6633	7051	49307	9	8	0	8	0
13.381000	311.436648	10115	10655	80973	13	12	0	12	0
10.395000	309.244825	14644	15268	119554	13	12	0	12	0
13.026000	311.414059	16407	16976	135337	10	9	0	9	0
11.159000	314.919921	15887	16482	132116	10	9	0	9	0
2.727000	308.921431	3073	3368	21361	12	11	0	11	0
10.642000	311.959618	15272	15858	124715	13	12	0	12	0
9.415000	313.995912	12923	13585	106111	12	11	0	11	0
6.821000	314.466962	9536	10052	75356	14	13	0	13	0
10.986000	315.916969	16441	17003	133616	13	12	0	12	0
9.960000	316.625028	14192	14861	118312	12	11	0	11	0
8.083000	313.706800	11417	12063	91819	13	12	0	12	0
4.628000	311.057316	6061	6500	45038	13	12	0	12	0
6.844000	317.680771	10152	10700	81661	12	11	0	11	0
7.043000	315.904736	10198	10732	81886	12	11	0	11	0
7.559000	314.297042	10085	10623	80637	12	11	0	11	0
7.508000	314.789394	10989	11625	88167	12	11	0	11	0
3.547000	317.878238	5484	5918	40693	12	11	0	11	0
7.226000	319.691778	10281	10840	82791	12	11	0	11	0
7.297000	319.237120	10543	11115	84455	13	12	0	12	0
5.431000	314.639277	7630	8091	58582	12	11	0	11	0
10.729000	317.827035	14659	15314	120977	10	9	0	9	0
13.908000	320.753717	12030	12647	99965	10	9	0	9	0
11.602000	319.397772	15185	15782	123884	13	12	0	12	0
1.066000	319.163741	360	419	1687	10	9	0	9	0
0.401000	316.666895	542	641	2996	9	8	0	8	0
0.361000	318.539516	533	610	2738	12	11	0	11	0
9.880000	320.845421	15138	15757	124712	13	12	0	12	0
11.233000	326.238527	16296	16880	136186	11	10	0	10	0
13.275000	325.685624	15905	16511	133347	10	9	0	9	0
7.727000	320.582256	10081	10629	80062	14	13	0	13	0
10.891000	322.220501	15970	16522	130596	13	12	0	12	0
10.237000	320.323904	14024	14683	115149	13	12	0	12	0
7.279000	321.899478	10204	10742	82282	13	12	0	12	0
9.807000	325.852638	11844	12457	98386	11	10	0	10	0
0.860000	322.846296	710	819	3726	14	12	0	12	0
0.322000	323.293023	441	494	1745	13	12	0	12	0
6.929000	326.188877	10386	10945	83202	13	12	0	12	0
9.744000	325.460932	14640	15298	121369	12	11	0	11	0
10.402000	325.817805	14157	14833	117349	12	11	0	11	0
7.140000	323.382927	9983	10520	79524	16	14	0	14	0
4.480000	321.004564	6283	6705	46985	12	11	0	11	0
7.795000	328.883712	10858	11438	89619	12	11	0	11	0
10.124000	327.701321	15080	15693	124911	9	8	0	8	0
9.716000	326.953514	12253	12857	102080	10	9	0	9	0
1.337000	330.620771	811	938	4750	12	11	0	11	0
0.313000	326.724135	407	469	2049	10	9	0	9	0
7.431000	332.747342	10592	11169	84931	15	14	0	14	0
8.623000	331.152501	11022	11614	88399	13	12	0	12	0
10.141000	333.188638	12053	12672	100389	11	10	0	10	0
12.003000	331.442384	13397	14034	112232	11	10	0	10	0
9.289000	327.425368	10373	10931	82973	14	13	0	13	0
9.266000	331.817697	11083	11658	89513	12	11	0	11	0
0.761000	333.313871	494	562	2764	12	11	0	11	0
0.439000	330.633214	636	737	3430	10	9	0	9	0
2.784000	327.394759	2174	2362	13561	13	12	0	12	0
0.558000	329.472164	566	656	3026	9	8	0	8	0
14.193000	338.552278	16111	16703	134359	11	10	0	10	0
11.947000	333.707321	13089	13726	108976	10	9	0	9	0
9.247000	337.263891	11742	12360	96045	12	11	0	11	0
9.194000	336.108649	11271	11862	93446	12	11	0	11	0
8.518000	335.697433	10458	11015	85137	12	11	0	11	0
8.945000	336.555528	10344	10881	83666	13	12	0	12	0
7.834000	332.234582	10353	10884	83286	12	11	0	11	0
8.128000	334.328818	10798	11389	88766	12	11	0	11	0
2.062000	330.634054	2418	2606	15050	11	10	0	10	0
1.321000	332.540168	1967	2135	11469	15	14	0	14	0
9.859000	338.335237	12137	12747	100717	10	9	0	9	0
8.611000	339.739390	10739	11332	88055	14	13	0	13	0
8.760000	337.440061	10332	10869	83365	13	12	0	12	0
0.928000	338.857677	1805	1965	10967	11	10	0	10	0
0.489000	337.104407	579	680	3080	9	8	0	8	0
0.370000	338.818837	512	575	2233	11	10	0	10	0
0.718000	335.411703	1201	1313	6759	12	11	0	11	0
0.324000	340.470561	450	498	2065	11	10	0	10	0
0.541000	337.869011	864	983	4495	15	13	0	13	0
0.340000	340.984643	493	556	2324	13	12	0	12	0
7.387000	341.407421	10397	10935	83386	13	12	0	12	0
9.373000	344.416989	10954	11541	90221	13	12	0	12	0
0.611000	341.828251	430	479	1982	11	10	0	10	0
0.194000	342.287865	436	497	2052	12	11	0	11	0
0.385000	343.483805	579	653	2858	13	12	0	12	0
0.381000	341.378658	582	655	2859	13	12	0	12	0
0.326000	343.182159	494	555	2466	13	12	0	12	0
0.532000	342.990746	849	963	4486	13	12	0	12	0
0.623000	340.214526	569	656	2711	11	10	0	10	0
0.431000	342.385812	515	576	2400	14	13	0	13	0
7.665000	345.916249	10406	10934	84687	13	12	0	12	0
10.877000	344.915282	13282	13928	111118	13	12	0	12	0
2.445000	343.331233	1938	2101	11191	14	13	0	13	0
1.029000	346.023724	1606	1742	9202	14	13	0	13	0
1.055000	344.082364	1098	1232	6155	14	13	0	13	0
1.377000	346.126406	2235	2420	13239	15	14	0	14	0
0.888000	346.335094	691	794	3311	14	13	0	13	0
0.914000	344.719189	1568	1704	8723	15	14	0	14	0
0.365000	345.527163	513	574	2312	14	13	0	13	0
0.737000	344.614327	604	693	2749	12	11	0	11	0
6.572000	349.720668	10329	10871	83084	14	13	0	13	0
7.443000	348.758770	10406	10938	84470	15	14	0	14	0
9.267000	346.158634	13158	13782	109881	12	11	0	11	0
10.671000	347.858065	13035	13657	109182	10	9	0	9	0
2.044000	345.853733	2549	2729	15579	14	13	0	13	0
2.600000	345.627154	3748	4029	24821	14	13	0	13	0
0.506000	348.246933	961	1084	4932	15	13	0	13	0
2.459000	347.649555	2200	2383	12672	16	15	0	15	0
0.366000	350.279036	444	505	1705	14	13	0	13	0
0.313000	348.452522	473	522	1816	13	12	0	12	0
8.060000	349.312258	10453	10995	84088	14	13	0	13	0
7.574000	349.869434	10554	11105	84891	16	15	0	15	0
7.202000	350.716994	10690	11258	87867	15	14	0	14	0
7.227000	355.489065	10336	10865	83344	13	12	0	12	0
0.726000	352.446391	596	685	2930	10	9	0	9	0
0.386000	353.300400	466	522	1895	12	11	0	11	0
0.547000	354.522151	634	713	2874	15	14	0	14	0
1.375000	350.872918	1952	2118	11111	16	15	0	15	0
0.403000	357.275227	566	628	2548	14	13	0	13	0

