0.009000	3.605551	3	19	23	3	0	0	0	0
0.002000	2.828427	2	14	16	2	0	0	0	0
0.003000	3.162278	3	17	21	3	0	0	0	0
0.004000	3.605551	3	19	27	3	0	0	0	0
0.002000	2.000000	2	12	11	2	0	0	0	0
0.004000	3.000000	3	15	21	3	0	0	0	0
0.001000	1.414214	1	6	1	1	0	0	0	0
0.003000	2.000000	2	11	10	2	0	0	0	0
0.001000	2.000000	2	12	11	2	0	0	0	0
0.004000	3.605551	3	19	23	3	0	0	0	0
0.004000	5.385165	5	25	44	5	0	0	0	0
0.004000	6.403124	5	29	50	5	0	0	0	0
0.004000	4.123106	4	20	25	4	0	0	0	0
0.003000	6.000000	6	24	54	6	0	0	0	0
0.005000	7.280110	7	31	57	7	0	0	0	0
0.004000	5.385165	5	25	42	5	0	0	0	0
0.003000	4.000000	4	18	30	4	0	0	0	0
0.004000	4.000000	4	18	30	4	0	0	0	0
0.005000	7.071068	7	29	62	7	0	0	0	0
0.005000	7.071068	5	29	52	5	0	0	0	0
0.009000	9.486833	9	38	80	9	0	0	0	0
0.005000	8.602325	7	36	63	7	0	0	0	0
0.007000	9.000000	9	33	96	9	0	0	0	0
0.007000	10.440307	10	42	90	10	0	0	0	0
0.008000	10.198039	10	40	86	10	0	0	0	0
0.006000	8.602325	7	37	70	7	0	0	0	0
0.006000	8.062258	7	35	65	7	0	0	0	0
0.007000	10.295630	9	43	83	9	0	0	0	0
0.005000	7.810250	6	34	62	6	0	0	0	0
0.006000	8.062258	8	32	70	8	0	0	0	0
0.008000	13.000000	12	52	125	12	0	0	0	0
0.008000	13.038405	11	53	120	11	0	0	0	0
0.010000	15.132746	15	55	148	15	0	0	0	0
0.007000	13.038405	13	47	132	13	0	0	0	0
0.007000	12.727922	9	48	114	9	0	0	0	0
0.008000	15.000000	12	60	141	12	0	0	0	0
0.007000	12.041595	9	49	97	9	0	0	0	0
0.011000	12.369317	12	48	113	12	0	0	0	0
0.008000	15.033296	15	53	156	15	0	0	0	0
0.010000	11.661904	10	48	103	10	0	0	0	0
0.011000	17.464249	17	65	171	17	0	0	0	0
0.010000	15.193485	13	56	120	12	1	0	1	0
0.011000	16.552945	15	65	159	15	0	0	0	0
0.011000	18.027756	18	62	207	18	0	0	0	0
0.008000	16.492423	16	62	163	16	0	0	0	0
0.012000	18.110770	18	63	189	18	0	0	0	0
0.016000	17.779272	33	85	224	15	2	1	1	0
0.010000	18.000000	17	67	162	17	1	1	0	0
0.008000	16.278821	12	64	153	12	0	0	0	0
0.010000	16.126582	14	59	151	14	1	0	0	1
0.013000	22.357560	20	79	195	20	1	1	0	0
0.020000	21.386328	44	101	327	18	2	1	1	0
0.011000	20.223748	20	72	213	20	0	0	0	0
0.014000	23.000000	23	75	329	23	0	0	0	0
0.010000	19.416488	19	71	191	19	0	0	0	0
0.012000	22.987025	18	85	222	18	1	0	0	1
0.011000	19.849433	15	75	188	15	0	0	0	0
0.013000	21.672538	25	80	239	21	2	0	2	0
0.013000	21.023796	19	79	211	19	0	0	0	0
0.010000	20.317821	19	75	199	19	1	1	0	0
0.013000	26.248931	20	97	266	20	1	0	1	0
0.000000	24.280110	24	91	260	22	1	0	1	0
0.000000	24.836419	104	165	677	22	2	0	2	0
0.000000	25.498161	37	95	335	25	1	0	0	1
0.000000	27.073973	27	91	316	27	0	0	0	0
0.004000	25.179357	25	87	269	25	0	0	0	0
0.015000	24.515301	24	88	264	24	0	0	0	0
0.016000	25.961510	25	95	274	25	0	0	0	0
0.013000	24.186773	24	84	270	24	0	0	0	0
0.014000	24.166092	22	92	259	22	0	0	0	0
0.014000	28.861739	28	104	309	28	0	0	0	0
0.128000	28.213203	290	343	1784	22	3	1	2	0
0.016000	28.931184	24	106	308	24	1	0	0	1
0.016000	28.758837	22	106	305	22	1	1	0	0
0.021000	30.479501	26	117	359	23	0	0	0	0
0.029000	29.941090	76	147	446	27	2	1	1	0
0.018000	28.730919	23	102	296	23	1	0	1	0
0.036000	25.958217	120	182	562	25	3	0	3	0
0.017000	30.243055	27	106	320	27	1	0	0	1
0.017000	30.000000	30	96	459	30	0	0	0	0
0.039000	32.918896	94	187	675	28	1	0	1	0
0.061000	32.712377	175	235	873	32	3	0	3	0
0.023000	32.728587	33	126	410	29	1	0	0	1
0.108000	31.080305	333	437	1903	26	3	0	3	0
0.021000	31.320920	30	113	359	30	0	0	0	0
0.020000	30.788294	29	109	337	29	1	1	0	0
0.020000	33.541020	33	117	386	33	0	0	0	0
0.017000	30.233593	27	115	344	25	1	0	0	1
0.014000	31.485281	29	103	320	29	1	1	0	0
0.022000	31.471658	41	122	451	30	1	0	0	1
0.018000	36.000000	36	114	591	36	0	0	0	0
0.130000	33.426847	425	558	2362	30	3	0	3	0
0.026000	35.902646	35	122	414	35	0	0	0	0
0.086000	35.649886	247	330	1383	28	2	0	2	0
0.030000	36.069378	45	151	471	26	0	0	0	0
0.029000	38.207437	33	135	442	33	1	1	0	0
0.027000	36.844410	32	134	419	32	1	1	0	0
0.020000	36.055513	36	118	475	36	0	0	0	0
0.062000	36.643317	151	256	1098	30	1	0	1	0
0.032000	35.242008	51	125	479	35	1	0	1	0
0.047000	39.426739	63	139	561	39	3	0	3	0
0.079000	39.913676	149	241	1207	37	3	0	3	0
0.148000	39.719321	420	574	2626	35	2	0	2	0
0.024000	42.107007	42	138	560	42	0	0	0	0
0.037000	40.379448	57	183	712	33	1	0	1	0
0.027000	40.311289	40	136	496	40	0	0	0	0
0.036000	40.436126	61	158	524	36	2	1	1	0
0.037000	40.968982	58	172	668	36	1	0	1	0
0.027000	39.981209	46	140	441	36	2	0	2	0
0.061000	40.041631	148	251	1233	33	4	2	2	0
0.025000	45.861739	45	155	562	45	1	1	0	0
0.053000	46.124784	107	229	950	35	1	0	1	0
0.071000	47.139309	138	265	1374	35	1	1	0	0
0.038000	46.690470	70	208	834	34	0	0	0	0
0.047000	43.395587	129	225	799	42	2	1	1	0
0.036000	43.839688	66	174	775	40	2	0	2	0
0.067000	39.774893	339	485	2152	37	3	0	3	0
0.000000	44.286901	62	170	725	43	1	0	0	1
0.000000	42.850566	87	208	960	33	1	0	1	0
0.000000	44.018512	38	154	506	38	1	1	0	0
0.125000	47.485281	419	498	3086	45	4	2	2	0
0.127000	44.535032	376	423	2895	42	4	2	2	0
0.026000	46.690470	46	160	589	46	0	0	0	0
0.052000	47.315154	122	249	1228	37	2	0	1	1
0.135000	45.851037	437	529	2585	38	2	0	2	0
0.028000	48.583997	45	168	583	45	2	1	0	1
9.468000	48.648694	473	597	3790	40	3	0	2	1
0.161000	50.160453	355	480	3059	41	1	0	1	0
0.060000	46.577545	44	163	563	43	2	1	0	1
0.139000	48.526204	268	401	2651	40	1	1	0	0
0.139000	50.802942	385	448	2247	46	4	1	2	1
0.109000	51.313723	197	346	1732	45	1	0	1	0
0.065000	51.333715	101	247	1169	39	1	0	1	0
0.029000	50.124515	49	168	608	47	2	0	1	1
0.036000	53.202941	48	182	634	48	1	1	0	0
0.034000	51.350593	50	171	618	48	2	0	1	1
0.032000	50.962516	51	184	656	47	2	1	0	1
0.139000	50.725051	264	460	2796	42	1	1	0	0
0.034000	50.758940	53	179	639	49	2	1	1	0
0.120000	51.579739	341	447	1711	51	3	0	3	0
0.055000	53.558296	163	262	1204	53	4	0	4	0
0.093000	55.014095	300	389	2668	54	3	0	3	0
0.084000	57.384667	144	313	1570	43	0	0	0	0
0.218000	55.682148	634	757	3351	51	3	1	2	0
0.037000	55.901699	55	191	729	55	0	0	0	0
0.028000	56.803509	52	190	676	52	1	1	0	0
0.047000	57.245158	99	211	1135	57	1	0	1	0
0.176000	55.768174	349	525	3757	47	1	1	0	0
0.187000	50.910216	590	707	3320	46	2	0	2	0
0.091000	54.424259	198	372	2335	51	0	0	0	0
0.063000	61.152946	147	271	1088	61	1	0	1	0
0.057000	57.735831	87	218	1051	57	1	0	0	1
0.157000	56.554867	475	595	2922	50	5	2	3	0
0.096000	60.402896	314	428	1715	59	2	1	1	0
0.157000	59.490796	571	689	3612	49	5	1	4	0
0.042000	62.143687	108	244	946	60	2	1	1	0
0.121000	59.881407	301	472	3097	47	1	1	0	0
0.000000	57.503524	81	254	1075	52	1	0	0	1
0.118000	58.187051	630	771	5200	50	3	2	1	0
0.041000	60.016664	59	205	782	59	0	0	0	0
0.319000	61.029648	813	975	9608	56	1	0	1	0
0.081000	62.698291	233	363	2270	58	2	0	2	0
0.031000	63.853721	60	204	808	60	1	0	1	0
0.104000	65.192024	201	390	2154	49	0	0	0	0
0.304000	59.004442	1046	1191	6430	56	4	1	3	0
0.036000	63.600847	59	211	814	59	1	1	0	0
0.045000	61.522354	61	199	808	61	0	0	0	0
0.295000	60.400593	926	1051	7113	58	4	0	4	0
0.225000	59.939280	757	902	4535	54	2	0	2	0
0.127000	62.401618	446	589	2900	49	4	0	4	0
0.075000	67.287810	205	323	1667	64	6	0	5	1
0.043000	63.788714	62	222	861	62	0	0	0	0
0.121000	64.672538	391	535	2064	62	3	1	2	0
0.219000	64.467080	518	670	3976	59	2	0	2	0
0.070000	66.732605	150	295	1509	62	1	0	1	0
0.147000	65.686720	414	580	3156	56	2	0	2	0
0.137000	66.194497	291	513	2789	59	3	1	2	0
0.047000	71.028163	71	223	1141	71	0	0	0	0
0.241000	67.868843	549	707	5644	58	1	0	1	0
0.052000	66.491377	139	238	1238	65	3	0	3	0
0.102000	69.451107	341	451	2710	68	3	1	2	0
0.101000	71.289155	295	458	2411	61	2	1	1	0
0.190000	66.152439	1198	1374	6942	62	4	0	4	0
0.186000	67.556813	907	1057	5809	59	5	2	3	0
0.279000	70.802595	382	647	4245	64	1	1	0	0
0.256000	71.210843	657	893	6810	60	1	0	0	1
0.207000	68.486342	694	847	6355	65	3	0	3	0
0.297000	68.034744	983	1147	6505	61	4	1	3	0
0.311000	69.563835	1027	1221	6089	66	2	0	2	0
0.217000	68.046955	412	590	3254	59	2	0	2	0
0.167000	74.099193	411	561	3587	68	5	2	2	1
0.568000	72.311898	1592	1835	12828	63	5	1	4	0
1.372000	72.948042	671	839	4556	60	7	2	5	0
0.106000	74.681329	301	451	2621	71	2	0	2	0
0.079000	74.537457	241	406	1629	71	2	1	1	0
0.072000	74.189669	378	667	4689	67	3	0	2	1
0.000000	77.610767	315	447	2132	74	3	0	3	0
0.530000	70.601386	1498	1708	8928	63	4	0	4	0
0.396000	73.286823	685	971	7850	64	2	1	1	0
0.186000	74.531160	326	540	3585	57	1	1	0	0
0.138000	76.620427	394	523	3013	74	3	1	2	0
0.108000	75.415648	315	450	2465	73	6	1	5	0
0.254000	76.063679	632	809	4948	72	2	0	2	0
0.174000	76.394741	534	714	3958	69	2	0	2	0
0.327000	75.972144	1087	1271	7473	66	6	3	3	0
0.147000	80.386830	354	604	3599	62	2	0	2	0
0.374000	76.712312	1389	1591	9149	70	4	2	2	0
0.602000	76.073561	2159	2319	14298	72	7	1	6	0
0.159000	79.849433	467	639	5362	70	2	0	1	1
0.070000	76.136803	714	941	7695	64	2	1	1	0
0.052000	84.066144	83	276	1200	83	1	0	1	0
0.522000	78.341371	1705	1959	13989	66	5	0	5	0
0.123000	82.799335	448	613	2648	82	4	0	4	0
0.256000	82.619294	645	840	5415	72	3	1	2	0
0.114000	83.656310	425	614	2474	79	3	1	2	0
0.622000	81.338300	2216	2511	14694	69	6	2	4	0
0.260000	82.008974	771	956	6796	73	3	0	3	0
0.078000	86.045743	177	368	1502	82	2	1	1	0
0.049000	83.802878	78	274	1118	78	1	1	0	0
0.346000	80.174130	1164	1372	6606	77	4	0	4	0
0.132000	82.636714	405	541	2619	80	3	0	2	1
0.233000	83.956520	752	853	5496	78	7	0	7	0
0.168000	86.555076	506	699	6011	85	3	0	2	1
0.783000	81.992922	2363	2626	19034	73	4	1	3	0
0.740000	84.228230	697	877	4430	75	4	0	4	0
0.242000	85.043749	677	877	4868	68	6	2	4	0
0.664000	84.674454	2230	2547	14788	70	6	1	5	0
0.261000	83.782755	908	1110	6170	71	6	2	4	0
0.128000	84.946969	284	480	3208	80	1	0	1	0
0.041000	86.853721	83	273	1157	83	1	0	1	0
0.048000	89.604695	107	290	1360	88	2	0	1	1
0.105000	87.404064	342	492	3227	86	3	0	2	1
0.215000	88.024955	745	849	5006	81	9	0	9	0
0.152000	89.190901	428	669	3537	77	2	0	2	0
0.272000	86.798774	1351	1640	10630	78	6	0	5	1
0.000000	92.712239	350	552	2297	91	4	1	3	0
0.096000	88.225715	380	586	3443	85	4	1	3	0
0.215000	91.733435	421	605	2972	86	3	1	2	0
0.647000	86.199641	1648	1938	12413	77	6	1	4	1
0.148000	90.702597	447	650	2629	84	3	1	2	0
0.151000	94.178728	408	592	3758	92	4	2	2	0
0.200000	89.549147	531	670	4533	80	8	1	6	1
0.099000	91.960305	175	389	2286	90	1	0	0	1
0.631000	95.132776	2197	2422	16009	93	4	0	4	0
0.273000	89.950989	981	1161	7575	87	4	1	2	1
0.453000	90.525477	1430	1610	12933	80	3	1	2	0
0.078000	94.750523	201	383	1948	91	3	0	3	0
0.350000	93.253734	1264	1499	8805	79	8	4	4	0
0.592000	94.506833	2192	2436	14977	88	4	2	2	0
0.120000	90.523205	293	528	3516	85	2	0	1	1
0.604000	97.492092	1978	2179	21090	94	4	0	2	2
0.001000	98.766621	97	313	1441	97	2	1	0	1
0.000000	96.834694	526	780	4298	92	3	1	2	0
0.240000	97.174166	881	1137	5313	88	3	1	2	0
0.518000	96.488396	2105	2381	16592	88	5	2	3	0
0.086000	97.131155	203	392	2340	93	2	0	2	0
0.251000	96.545615	886	1076	7782	93	4	2	2	0
0.571000	97.830112	2176	2429	15242	90	5	2	3	0
0.175000	94.390705	456	701	5240	90	4	2	2	0
0.255000	98.411805	826	1027	5219	83	4	1	3	0
0.133000	99.980983	408	602	3742	98	4	2	2	0
0.057000	102.401754	141	341	1846	102	2	0	2	0
0.858000	99.145762	3062	3344	23319	89	5	1	4	0
0.184000	97.815968	655	882	4450	95	5	0	4	1
0.143000	102.405793	533	697	3376	99	3	0	3	0
0.400000	97.538912	1489	1814	10712	92	4	0	4	0
0.110000	102.763683	369	556	2707	101	4	1	3	0
0.213000	101.765218	1152	1439	8721	92	4	1	3	0
0.848000	101.298099	3416	3611	20175	95	6	2	4	0
0.606000	100.978548	2300	2514	16622	93	5	2	3	0
0.259000	104.674125	679	939	7659	97	5	2	3	0
0.268000	103.899972	933	1067	7289	90	6	2	3	1
0.209000	101.651365	520	882	6568	98	0	0	0	0
0.711000	101.638345	3409	3718	27143	90	5	1	3	1
0.868000	103.201829	2957	3278	23780	90	5	1	4	0
0.122000	107.380871	432	615	3044	106	4	1	3	0
0.824000	103.437817	2456	2745	20147	93	4	0	4	0
0.117000	103.452031	373	583	2912	100	3	0	3	0
0.550000	101.760575	1734	1939	17786	95	4	1	3	0
0.313000	106.174707	1091	1312	8996	102	4	2	2	0
0.302000	106.913743	1058	1144	7389	96	7	1	5	1
0.021000	109.447115	116	328	1520	109	3	0	3	0
1.481000	110.898229	3744	3917	31277	103	5	0	3	2
1.423000	112.750523	5253	5539	40318	106	7	2	5	0
0.240000	110.127350	846	1170	7049	95	5	2	2	1
0.693000	105.839046	3691	3998	25151	101	4	0	4	0
0.904000	108.303503	1494	1778	10761	91	7	3	4	0
0.400000	105.832545	1253	1488	10866	97	4	1	3	0
0.302000	109.393183	891	1128	7177	105	4	2	2	0
0.607000	108.341819	2044	2346	16133	99	6	3	3	0
0.304000	116.183595	1003	1201	9757	114	7	1	5	1
0.231000	109.142275	579	949	7010	106	1	0	1	0
0.149000	110.924604	518	747	3368	110	4	0	4	0
0.824000	109.462764	3280	3655	23362	105	4	0	4	0
0.367000	114.908023	1018	1268	8423	98	4	1	3	0
0.661000	114.749474	2877	3150	19365	107	4	2	2	0
0.897000	108.789950	2389	2570	22066	97	4	1	3	0
0.781000	112.493468	3136	3382	21526	110	3	1	2	0
1.040000	110.923667	4007	4244	26798	107	4	1	3	0
1.536000	110.583374	4582	4850	31462	96	4	2	2	0
0.320000	113.539418	975	1127	7169	100	6	1	3	2
0.354000	119.390049	1175	1400	12768	116	5	1	4	0
0.270000	116.951769	852	1068	6941	97	6	2	3	1
0.064000	115.658576	114	372	1711	114	1	0	1	0
1.324000	115.232334	4439	4654	36930	106	4	1	2	1
0.233000	115.869822	798	1114	6909	106	4	1	3	0
0.486000	113.236318	2137	2553	16792	107	3	1	2	0
0.912000	116.951298	3487	3816	24681	114	5	1	4	0
0.370000	115.543925	1117	1382	13910	108	3	2	1	0
0.754000	116.335260	3014	3292	20273	109	4	2	2	0
0.276000	117.966764	934	1097	7428	108	7	1	5	1
0.202000	122.131945	638	910	8170	119	4	0	4	0
0.114000	118.319633	344	595	4134	116	6	0	5	1
0.295000	116.404751	869	1125	8731	99	8	2	5	1
1.465000	118.357032	4137	4364	36723	105	6	0	6	0
0.360000	117.751904	944	1288	10299	104	4	1	3	0
0.324000	122.160220	1034	1256	8322	114	5	1	4	0
0.452000	121.688867	1614	1856	11504	116	5	1	4	0
0.146000	118.440803	385	631	4589	110	2	0	2	0
0.654000	121.852042	2533	2805	19282	117	4	0	4	0
0.282000	122.969687	874	1145	8761	105	5	2	2	1
0.274000	121.335980	903	1152	8557	104	5	2	2	1
0.186000	122.967157	549	793	5463	103	7	2	5	0
0.248000	123.162314	891	1115	6348	113	7	2	5	0
0.076000	123.889063	515	763	3499	123	5	0	5	0
0.118000	126.128237	853	1120	6285	102	3	0	3	0
0.361000	124.878667	1255	1522	9683	120	4	2	2	0
0.550000	122.629335	2073	2424	16144	106	5	1	3	1
0.414000	121.211767	1417	1697	12783	115	5	3	2	0
0.836000	120.080036	2368	2748	20830	110	5	2	3	0
0.431000	127.912876	1364	1520	10617	118	10	1	8	1
0.259000	129.902111	773	1060	9611	126	4	0	4	0
0.357000	123.872459	1135	1329	7968	109	6	0	3	3
0.074000	127.420358	761	1027	7910	112	8	2	6	0
0.773000	128.814922	2135	2379	22900	120	7	3	4	0
0.143000	128.289535	449	684	4444	126	4	1	2	1
0.764000	127.403237	2811	3076	24880	121	7	1	6	0
0.433000	128.363780	1264	1627	14285	113	4	1	3	0
0.728000	124.783560	2839	3256	21137	115	5	3	2	0
1.007000	123.706257	4179	4325	29151	116	5	0	4	1
0.266000	131.687834	814	1195	8219	127	5	1	4	0
0.235000	136.158292	747	1054	4830	109	3	0	3	0
0.211000	130.187274	741	990	6128	129	6	0	6	0
0.343000	131.787798	1166	1459	9754	120	5	1	4	0
0.400000	134.382825	1501	1779	10877	123	4	1	3	0
1.224000	129.290064	4020	4403	33031	120	5	2	3	0
0.858000	127.046480	3098	3514	23197	118	5	2	3	0
1.027000	132.000886	3795	4110	26384	125	4	2	2	0
0.674000	131.368749	1954	2244	18702	116	5	3	1	1
1.159000	127.921345	4298	4496	28355	124	5	1	4	0
0.271000	136.088819	839	1144	8149	113	5	2	2	1
0.567000	134.344066	1703	1990	19065	118	7	2	4	1
0.260000	131.159119	970	1291	10625	128	4	1	3	0
0.110000	135.653435	298	548	3738	135	4	0	4	0
0.460000	135.547749	1589	1897	12425	126	4	1	3	0
0.522000	132.816616	1759	2086	16203	127	5	3	2	0
0.742000	135.870920	2740	3096	22171	117	5	2	3	0
0.825000	134.712600	3066	3376	24306	119	6	3	3	0
0.655000	130.284894	1707	2115	19145	119	3	1	1	1
0.687000	131.691156	1869	2155	17768	121	2	0	2	0
0.653000	138.794601	3091	3279	26822	135	6	2	4	0
0.712000	133.190934	1051	1267	6783	118	8	1	4	3
0.447000	138.772382	1126	1421	11791	124	8	2	6	0
0.436000	140.760743	1195	1486	13615	134	7	0	6	1
0.414000	137.162818	1426	1593	11277	123	9	2	5	2
0.221000	137.594765	663	1031	6671	134	4	0	3	1
0.493000	137.988644	1657	1930	15235	136	4	0	4	0
2.503000	141.720182	7857	8356	66432	132	9	2	7	0
0.416000	142.909737	1363	1810	14150	129	4	0	4	0
0.615000	141.799875	1604	1934	16564	123	4	1	3	0
0.965000	141.924732	2766	2972	26256	134	7	4	3	0
0.865000	139.413156	2876	3090	26834	133	6	2	4	0
0.825000	143.396777	2658	2890	25210	134	6	2	4	0
0.111000	145.494072	296	576	3363	144	3	0	2	1
1.626000	138.036736	5429	5760	41073	123	6	1	5	0
0.161000	143.652397	531	828	4016	143	5	1	4	0
0.842000	141.825552	1593	1915	13053	119	4	1	3	0
2.745000	143.262637	8745	9164	71034	134	7	0	7	0
0.527000	146.040581	2512	2971	24267	136	4	1	3	0
0.332000	142.543168	1586	1915	12154	131	4	1	3	0
0.621000	143.596866	1244	1464	10134	122	7	3	3	1
0.421000	146.924274	1211	1481	10030	122	7	2	4	1
0.331000	147.713577	935	1264	8693	122	5	1	3	1
0.447000	149.895751	1159	1567	13855	138	4	1	2	1
0.989000	145.356048	3322	3540	28960	139	6	3	3	0
0.561000	147.055903	1701	2062	18021	128	6	2	3	1
0.000000	144.142391	710	1043	7611	123	9	1	8	0
0.418000	147.525627	1883	2158	18936	140	6	2	4	0
0.558000	145.350220	2052	2511	16779	132	6	2	3	1
0.720000	143.965034	3049	3407	30410	128	6	0	6	0
0.995000	147.975981	3039	3312	28688	139	6	1	4	1
0.140000	151.260725	794	1152	9550	129	6	2	4	0
0.288000	146.617241	901	1222	8819	143	6	0	4	2
0.126000	150.622251	337	629	3468	149	4	1	3	0
0.437000	151.526606	1279	1699	11577	126	4	1	3	0
0.343000	153.376911	1229	1536	9554	149	6	1	5	0
0.274000	150.117901	922	1259	8798	139	5	1	4	0
1.436000	153.203510	4906	5419	50627	148	5	0	5	0
0.456000	151.576051	1520	1907	13842	134	5	3	2	0
0.963000	150.170243	3544	3957	35155	134	6	2	4	0
0.167000	155.786455	513	823	5924	155	6	0	5	1
0.377000	154.085797	1065	1419	12393	134	9	3	5	1
0.454000	152.741500	1121	1533	13392	134	7	1	6	0
0.365000	148.418358	1054	1406	11707	131	10	2	7	1
0.406000	156.359703	1409	1714	12806	155	5	1	4	0
1.142000	152.480036	3776	3923	29601	127	8	3	5	0
2.110000	152.321169	4683	5099	47451	140	6	2	4	0
0.680000	155.127763	1869	2306	19682	140	5	2	3	0
1.263000	151.680551	3798	4196	34391	139	6	1	5	0
0.797000	153.927519	3344	3621	24719	143	4	1	3	0
0.462000	158.561830	874	1289	9546	137	9	1	7	1
0.520000	156.841742	1165	1603	13233	140	7	3	4	0
0.169000	159.663877	523	808	4311	157	5	0	2	3
0.965000	157.628134	3237	3582	35292	155	3	0	3	0
0.221000	156.374103	669	1031	6145	145	5	1	4	0
0.189000	155.843329	612	961	5826	145	5	1	4	0
1.234000	157.739885	5041	5348	45880	141	7	2	5	0
0.396000	159.392850	1073	1473	13425	147	5	2	2	1
1.916000	159.657107	6517	7034	61138	152	4	0	4	0
0.867000	156.134504	2574	2946	28679	139	5	3	2	0
0.114000	167.482874	233	568	3438	167	3	0	3	0
0.946000	166.880457	349	644	3801	165	6	0	5	1
0.623000	163.781027	1871	2137	17071	138	7	0	7	0
1.511000	159.013579	5812	6137	42471	144	7	1	5	1
0.749000	166.301636	3409	3671	29897	143	6	2	4	0
0.627000	163.067449	2022	2442	20886	146	5	3	2	0
1.861000	163.897001	6747	7251	58727	153	5	2	3	0
1.665000	158.635101	6065	6468	50754	150	5	2	3	0
1.853000	159.553110	4927	5356	43964	147	5	1	4	0
0.809000	162.374799	2882	3119	25285	138	5	1	4	0
0.486000	164.457308	1384	1796	15554	149	8	2	6	0
0.392000	168.287536	1272	1595	11300	141	8	0	8	0
0.368000	167.329010	1691	2176	20297	154	8	2	6	0
1.195000	164.552983	4575	4806	30323	147	7	1	5	1
1.272000	165.902369	5176	5355	32675	148	7	1	6	0
3.662000	164.957525	8922	9374	80928	156	5	1	3	1
0.665000	162.602195	1895	2264	18234	136	4	0	4	0
1.336000	162.732876	5902	6235	44983	143	7	2	5	0
2.174000	164.996098	6415	6741	52715	149	7	2	5	0
2.130000	166.689084	8237	8668	72141	155	5	2	3	0
0.755000	171.281028	2315	2732	28987	159	7	1	6	0
0.543000	164.221775	1558	1975	17662	148	7	2	3	2
0.682000	170.598888	2113	2637	27486	157	7	2	5	0
1.666000	171.539664	5096	5422	49502	167	7	1	5	1
1.874000	172.182296	6119	6401	58683	170	3	0	3	0
1.258000	171.124060	5017	5199	34008	149	6	2	4	0
0.535000	168.118807	1424	1807	15094	155	6	2	4	0
4.175000	168.777973	10618	11021	91632	158	7	2	5	0
2.507000	169.115903	7304	7719	61341	162	5	1	4	0
2.734000	169.516521	7258	7659	60227	162	5	2	3	0
0.888000	175.008972	2439	2670	21788	149	9	0	8	1
0.958000	170.710162	2323	2663	28586	155	9	1	8	0
0.272000	170.724822	1550	1997	18242	155	6	1	4	1
1.036000	173.639115	2850	3303	36708	170	4	1	3	0
0.150000	173.820510	382	742	5255	173	5	0	5	0
0.818000	170.975915	2309	2842	27495	153	7	3	3	1
1.250000	173.973321	5022	5351	51013	168	6	1	5	0
1.153000	172.384770	1690	1996	20599	162	4	1	2	1
3.394000	171.015573	11471	11883	95706	164	8	1	7	0
0.766000	169.766293	1959	2304	23773	158	4	2	2	0
0.695000	177.262499	1813	2101	17238	150	6	0	5	1
0.597000	179.241621	1871	2170	17058	153	6	0	6	0
1.226000	176.789859	4297	4623	44470	159	8	3	4	1
0.555000	177.386784	1766	2362	23665	163	6	1	5	0
0.223000	175.963255	706	1052	6705	173	6	0	2	4
0.627000	177.855000	1978	2284	18597	151	8	0	7	1
0.166000	175.966491	449	819	5929	174	6	0	5	1
0.973000	175.113615	3142	3518	34641	162	10	1	9	0
1.265000	172.408316	4399	4688	33438	155	10	0	10	0
3.881000	178.435303	11073	11463	93883	171	7	2	5	0
0.517000	179.659471	1925	2493	23470	166	8	2	5	1
1.198000	182.708288	3663	4050	41365	166	7	1	4	2
1.006000	179.589389	4086	4430	43327	163	7	1	5	1
0.520000	180.693667	1446	1860	16337	158	9	2	7	0
0.677000	180.237592	2265	2755	26988	161	8	3	3	2
0.658000	179.108813	1983	2420	22986	157	7	3	2	2
0.194000	181.102037	581	955	6024	179	5	1	3	1
1.685000	181.856462	5486	5858	57962	161	11	3	7	1
1.336000	181.187219	4343	4638	34577	170	9	1	7	1
1.116000	177.416222	3528	3791	34165	161	6	1	5	0
1.545000	186.136329	4870	5237	52247	168	7	2	4	1
0.655000	181.761293	2061	2474	21428	160	8	4	2	2
0.246000	185.167526	756	1146	9579	184	6	0	5	1
1.761000	186.679487	3396	3939	43096	170	6	1	3	2
1.770000	188.088783	5336	5591	43393	165	7	1	6	0
1.067000	187.747638	5135	5409	37535	152	8	3	5	0
1.043000	183.664124	3376	3655	29615	171	6	0	3	3
0.765000	184.109976	2459	2766	22256	161	4	1	3	0
0.695000	180.321530	4133	4414	28070	156	9	1	8	0
1.534000	184.996383	5164	5522	55202	175	7	1	6	0
0.176000	192.556072	502	874	5707	191	7	0	7	0
0.721000	187.463092	2111	2564	24210	165	9	3	4	2
1.229000	189.399689	3801	4260	47622	173	8	2	5	1
1.568000	189.949777	5039	5419	54469	179	6	1	5	0
1.516000	188.187721	5115	5328	42961	173	7	1	6	0
1.257000	191.277771	4128	4401	43545	170	6	3	2	1
1.235000	184.397718	3929	4150	40575	163	8	2	5	1
0.837000	186.648938	2751	3052	29395	171	4	0	3	1
1.603000	189.475478	3868	4186	33408	177	5	0	4	1
2.068000	190.055049	7059	7332	64943	186	6	1	4	1
0.929000	192.213307	2817	3279	36297	180	7	1	6	0
0.431000	194.028712	1448	1764	14945	190	6	1	5	0
0.449000	196.253810	1603	1908	15403	191	5	1	4	0
2.966000	195.558302	10911	11284	94328	188	6	1	5	0
1.674000	189.253008	4945	5190	41075	175	6	0	6	0
1.178000	188.867970	3718	4006	35266	175	6	3	3	0
0.761000	191.730747	2849	3224	24734	187	10	1	9	0
0.529000	194.008336	1701	2071	17501	177	7	1	4	2
0.942000	191.935272	3641	3954	33887	178	5	2	3	0
1.230000	188.089698	4268	4568	31005	167	8	1	7	0
1.322000	199.302181	5023	5319	39646	195	8	2	6	0
0.938000	194.192944	2747	3359	35343	181	6	0	6	0
1.418000	200.030016	3103	3473	37341	195	9	1	6	2
0.691000	196.597965	1842	2424	22490	193	5	1	4	0
0.814000	198.942686	2743	3023	30202	196	5	1	4	0
1.741000	197.466909	6184	6582	64719	178	7	1	4	2
1.100000	196.409267	3390	3923	40751	178	8	2	3	3
1.234000	199.766428	3654	4212	45034	183	7	3	3	1
0.263000	196.411987	729	1161	9879	195	4	0	4	0
1.854000	194.042222	7089	7389	69163	190	3	0	3	0
0.730000	198.886173	2303	2760	29399	196	5	1	3	1
1.803000	203.032450	3736	4103	42852	198	9	2	5	2
0.856000	200.431145	4366	4571	31215	171	9	0	8	1
0.454000	200.840035	1280	1764	16352	199	7	0	7	0
3.555000	200.372003	11194	11540	99943	198	5	0	4	1
2.124000	201.078268	7952	8290	72701	197	6	1	5	0
3.338000	204.122057	12127	12497	104448	201	8	1	6	1
2.465000	202.677408	8997	9418	83083	198	10	1	9	0
1.661000	200.018251	3389	3847	37239	191	7	1	6	0
1.275000	199.706986	4838	5146	37500	185	9	0	7	2
0.415000	207.883438	2501	2825	25562	199	5	1	3	1
0.350000	208.863724	1207	1555	12341	208	8	0	7	1
2.458000	210.315415	8288	8619	68830	202	8	2	5	1
0.976000	203.152716	5022	5273	34353	176	10	0	10	0
0.471000	202.961855	804	1262	8582	200	7	0	4	3
2.427000	201.645827	7880	8225	71419	199	4	0	3	1
1.676000	208.350969	8045	8355	65418	193	9	1	8	0
1.434000	202.405215	5158	5440	40763	184	7	0	6	1
1.472000	201.440025	4822	5111	45199	183	5	0	3	2
2.552000	202.407131	6932	7167	54271	182	9	2	6	1
1.114000	203.658822	3754	4127	29085	183	8	1	7	0
1.358000	205.742318	6061	6348	51192	192	5	0	4	1
1.153000	202.784053	3996	4347	34494	187	5	0	4	1
1.786000	208.827942	6903	7284	55147	186	8	2	6	0
1.775000	203.418977	6033	6313	51478	190	5	0	4	1
1.649000	212.775939	6595	6876	50495	197	7	1	6	0
2.223000	208.919474	9336	9685	77898	193	9	1	8	0
1.231000	204.396380	4921	5260	36885	186	10	1	8	1
2.922000	208.562192	8518	8913	73145	195	8	0	8	0
2.605000	207.916694	9678	10096	101510	203	9	1	7	1
2.114000	213.169817	5728	6134	63406	204	9	2	7	0
3.498000	210.341983	11705	12132	116857	196	7	0	6	1
2.644000	210.169292	10086	10453	88322	199	9	1	7	1
3.478000	211.563514	10481	10913	109576	199	6	0	5	1
2.599000	216.015994	10586	10901	82717	202	7	1	6	0
1.995000	215.215278	7835	8204	62221	197	7	1	6	0
1.550000	211.463478	6381	6586	43905	195	7	1	6	0
2.752000	216.593439	10862	11216	87753	197	7	1	6	0
3.745000	212.790428	10017	10424	95020	198	5	0	4	1
2.358000	213.312706	9875	10279	90385	210	10	1	9	0
0.375000	216.399053	989	1526	11733	214	6	3	3	0
0.262000	219.313729	790	1240	9050	217	5	2	2	1
0.630000	220.739072	2244	2622	23162	216	5	2	3	0
4.416000	221.361052	13363	13657	116848	211	8	1	7	0
3.980000	218.616870	9971	10444	85824	191	6	2	4	0
2.955000	214.676437	10053	10547	103822	202	6	0	5	1
3.185000	218.570052	10876	11184	87650	203	8	1	7	0
2.995000	220.094000	9779	10109	80333	201	7	1	6	0
1.495000	212.779764	5782	5966	44365	188	9	1	8	0
3.102000	218.321192	10758	11153	104572	201	5	0	4	1
4.281000	223.166628	12356	12688	116100	219	8	2	6	0
1.314000	216.201530	3954	4238	37431	186	7	2	3	2
1.449000	217.212554	4472	4772	46191	190	7	3	3	1
2.854000	217.225467	9282	9779	98655	204	6	0	5	1
3.687000	217.982970	12258	12805	126144	203	7	0	6	1
5.117000	222.105813	16142	16475	149226	218	8	1	7	0
0.871000	216.667257	3774	4161	35308	198	6	0	5	1
1.713000	225.265597	6762	7055	45482	204	6	1	5	0
3.482000	222.203797	12089	12444	100895	204	9	1	8	0
3.451000	223.036626	13100	13418	107725	204	9	1	8	0
0.551000	225.936903	1859	2239	17888	222	4	1	3	0
3.673000	226.437393	12833	13148	117225	221	9	2	6	1
1.501000	221.276874	5161	5369	42386	194	6	0	4	2
3.430000	226.007178	9622	10028	84455	207	9	1	7	1
4.496000	223.355387	16457	16804	154180	206	7	0	6	1
3.228000	225.829334	9494	9830	81279	210	10	1	9	0
2.706000	230.105803	11325	11684	94385	208	8	1	7	0
1.881000	224.674613	6502	6743	47778	210	8	1	7	0
1.505000	222.103283	6423	6657	45238	201	7	0	7	0
1.719000	219.611163	6274	6584	46809	199	7	1	6	0
4.259000	229.441402	12234	12602	112192	226	11	1	10	0
5.517000	225.779358	16858	17177	162684	208	7	0	6	1
1.688000	222.950422	5092	5426	50435	201	5	0	3	2
1.454000	223.185500	5340	5677	40759	198	8	2	5	1
2.202000	228.058638	6565	6883	46955	205	7	2	5	0
1.523000	230.311461	6871	7172	45741	209	6	1	5	0
2.084000	227.462413	6489	6836	46970	203	6	1	5	0
4.355000	224.801065	14388	14816	130879	211	6	0	4	2
3.990000	226.925643	10946	11342	97736	209	8	1	7	0
5.275000	229.947811	15439	15917	147397	223	9	1	7	1
2.867000	231.516720	11447	11794	85700	211	8	1	7	0
3.340000	228.314227	10465	10809	84463	208	8	2	6	0
1.658000	229.479592	6677	6993	46721	207	7	2	5	0
2.365000	233.185696	8924	9358	78304	214	9	1	7	1
3.638000	235.295995	11630	12030	101912	220	8	1	7	0
3.511000	234.020939	12662	13012	116539	230	8	1	7	0
2.005000	230.710018	6868	7122	49014	200	9	1	8	0
1.303000	230.092166	6083	6286	49930	201	7	1	5	1
1.656000	229.890738	6214	6601	50882	207	10	1	7	2
2.191000	230.558488	7952	8424	73625	208	9	1	7	1
0.618000	238.097328	2130	2511	21226	232	6	3	3	0
4.812000	239.152709	15119	15475	130212	224	7	1	6	0
6.773000	239.037775	15387	15731	127355	236	11	1	10	0
3.996000	238.529283	11524	11900	98420	223	10	2	8	0
2.749000	236.156451	8989	9356	76387	221	10	1	9	0
4.485000	235.976116	13474	13810	101874	220	7	1	6	0
3.444000	240.239144	10937	11278	82065	211	7	1	6	0
6.704000	236.266920	12011	12408	103732	221	8	1	7	0
6.640000	233.618673	16784	17122	161218	218	7	0	6	1
4.779000	238.372314	13989	14334	121353	230	8	1	6	1
2.840000	237.024083	9523	10073	107867	217	7	0	5	2
1.932000	236.987808	6834	7099	46377	210	9	1	8	0
3.756000	238.137285	11033	11502	111959	223	9	2	6	1
3.437000	241.627754	12850	13221	120282	234	9	2	7	0
2.916000	238.682013	10025	10462	92578	228	11	1	9	1
2.577000	235.951837	8462	9050	91150	219	7	0	5	2
1.619000	234.516497	4949	5256	45306	202	6	2	4	0
3.173000	243.439103	11021	11389	84459	213	7	1	6	0
3.520000	239.627589	11996	12450	118979	226	6	1	4	1
1.623000	233.898686	5818	6115	43599	205	8	1	7	0
0.748000	248.584075	2513	2934	26943	244	5	2	3	0
4.168000	244.000141	15107	15450	126862	238	12	1	11	0
4.214000	243.639603	14672	15000	122903	236	11	1	10	0
2.660000	243.547385	7670	7915	63165	214	7	1	5	1
2.772000	246.690335	11205	11610	92908	230	10	2	8	0
3.898000	249.391717	13226	13633	106138	222	8	1	7	0
2.537000	237.264173	5474	5760	41950	204	9	1	7	1
3.014000	247.539047	11515	11872	100315	231	12	2	10	0
3.496000	241.778497	11412	11810	88967	220	7	1	6	0
3.227000	242.950708	12012	12417	91466	216	8	1	7	0
1.953000	244.165901	6469	6697	57180	215	8	2	5	1
2.442000	247.750908	7196	7450	63442	214	7	1	5	1
2.649000	251.673637	9944	10343	87540	233	9	2	7	0
1.681000	246.003637	6774	7032	44147	224	9	1	8	0
3.933000	244.429091	14585	15053	146425	223	6	0	4	2
5.165000	245.310102	16983	17375	166574	224	5	0	4	1
4.991000	246.411108	16333	16650	135706	243	12	1	11	0
2.347000	247.922462	7507	7802	62763	223	8	1	5	2
3.907000	247.588216	12644	13071	114742	243	10	1	9	0
3.781000	248.682492	13559	13901	132747	244	8	2	5	1
4.639000	254.915312	13724	14102	132092	246	10	3	7	0
4.905000	248.706823	15164	15787	155796	242	7	1	6	0
2.806000	254.663825	10183	10563	86079	240	9	1	8	0
2.890000	254.843547	11808	12228	88661	225	7	1	6	0
3.246000	253.336491	10793	11188	81907	229	7	1	6	0
2.563000	253.045956	9609	10001	74124	231	8	2	6	0
2.053000	247.926891	8091	8398	67945	227	9	3	5	1
5.748000	252.260302	17676	17901	164753	241	9	1	7	1
4.233000	250.440776	16119	16478	132853	244	11	1	10	0
3.941000	249.615874	13395	14037	142148	241	7	1	6	0
3.653000	256.108842	13687	13984	118288	251	14	2	12	0
3.966000	257.123351	12225	12626	106736	237	11	2	9	0
2.772000	258.792988	12043	12473	99574	242	10	2	8	0
3.195000	258.642582	11279	11691	95859	241	11	2	9	0
3.821000	256.787109	11560	11987	96277	240	9	2	7	0
2.694000	257.226034	10463	10855	93282	239	10	3	7	0
3.169000	254.010673	8690	9102	72302	233	10	2	8	0
4.861000	256.024679	14073	14618	145817	243	6	1	4	1
2.495000	254.140052	7225	7495	64280	222	7	1	5	1
5.264000	253.050191	16926	17313	172741	239	8	1	6	1
1.513000	260.954833	5212	5553	49842	257	10	1	9	0
5.544000	259.317864	16667	17004	134889	249	11	1	10	0
4.319000	260.243268	12656	13052	109637	242	11	2	9	0
3.156000	261.394908	11763	12200	95555	245	8	2	6	0
2.657000	259.372829	11877	12306	86382	228	7	1	6	0
1.533000	254.753735	6201	6564	45169	221	8	1	7	0
2.358000	257.545074	8005	8341	69096	236	8	2	5	1
2.913000	261.192061	8779	9095	77315	237	9	3	5	1
4.889000	253.726298	17683	17927	172707	238	7	0	6	1
3.105000	260.114830	10569	10977	92825	242	10	2	8	0
2.069000	266.842993	7579	7966	73423	263	13	1	12	0
2.503000	261.436328	8338	8670	72898	225	7	1	5	1
3.008000	268.846183	10797	11185	97746	248	11	3	8	0
3.170000	258.774824	9044	9306	78759	241	9	2	6	1
2.177000	260.909653	8975	9270	79173	243	8	2	5	1
2.250000	262.192490	7397	7649	66802	231	10	3	6	1
2.505000	266.279718	9282	9749	83535	243	9	2	7	0
1.941000	265.722011	7766	8089	55920	236	10	3	7	0
2.701000	266.759007	9412	9855	85022	242	10	3	7	0
2.399000	260.466369	8240	8583	74907	228	7	1	5	1
4.133000	267.082349	14308	14623	127457	260	15	3	12	0
4.410000	268.241433	15691	16097	127525	255	11	1	10	0
2.408000	263.331304	8216	8552	73295	230	7	1	5	1
1.897000	265.027649	7551	7885	56520	239	10	2	8	0
2.356000	270.722813	7894	8217	59646	241	10	3	7	0
2.070000	266.058398	8221	8578	71677	242	8	2	5	1
3.432000	263.669537	10970	11482	110029	242	8	1	5	2
2.550000	264.776024	9362	9696	80374	226	7	1	5	1
4.865000	270.370110	14816	15114	133231	265	14	3	11	0
4.839000	261.937566	17849	18086	169570	246	7	0	6	1
2.151000	273.364701	7115	7519	82251	265	7	2	4	1
3.884000	273.923823	11751	12162	106161	249	12	3	9	0
3.126000	265.015585	10920	11422	112625	245	8	1	5	2
2.695000	272.185115	8924	9411	77391	245	9	2	7	0
2.581000	267.151272	8726	9101	76963	230	7	1	5	1
3.958000	271.474985	13792	14205	137424	254	10	2	7	1
5.653000	270.415031	17937	18334	182688	251	10	2	7	1
3.916000	271.181498	14760	15058	131389	265	14	3	11	0
2.359000	269.885819	7886	8222	72401	240	8	2	5	1
2.630000	269.826857	7837	8079	68306	236	10	2	7	1
2.856000	275.584289	8758	9243	88860	270	10	2	7	1
2.322000	277.450855	7935	8406	92619	267	9	3	5	1
4.668000	276.433061	13891	14253	119246	258	11	2	9	0
2.234000	275.323279	8077	8423	62285	248	11	3	8	0
3.048000	277.151488	12162	12631	109946	252	11	2	9	0
2.758000	271.211935	9184	9562	80935	231	7	1	5	1
3.044000	273.153501	9065	9353	79761	250	9	3	5	1
2.665000	273.509994	7272	7558	67668	244	9	1	7	1
1.984000	272.658259	7292	7579	67586	242	9	2	6	1
2.083000	272.769852	7211	7528	68098	244	8	1	6	1
2.713000	277.593447	9060	9430	92973	271	9	1	4	4
2.207000	278.029948	6754	7173	71073	269	12	3	9	0
6.242000	280.550684	18097	18466	183057	268	12	3	8	1
4.291000	278.888687	14893	15196	135727	271	14	3	11	0
3.483000	274.221004	8939	9244	78916	248	9	3	5	1
2.838000	275.170628	9759	10150	85823	235	7	1	5	1
5.510000	279.709341	17730	18108	173019	269	11	2	8	1
3.860000	284.263712	12992	13473	117555	258	11	2	9	0
2.563000	276.423506	8403	8630	72842	245	10	3	6	1
2.478000	277.431293	8612	8793	73338	246	11	2	8	1
4.579000	287.336499	12888	13241	131042	282	7	2	4	1
3.549000	286.094444	14023	14322	131330	279	13	1	12	0
2.973000	282.716236	9106	9621	107126	274	8	2	5	1
2.971000	283.130040	10525	10990	116461	276	7	2	4	1
2.305000	282.165863	7655	7969	72388	246	9	2	6	1
2.782000	282.866866	8101	8402	75692	246	10	3	6	1
1.993000	284.235927	8535	8761	71937	253	10	3	6	1
2.294000	282.143235	7823	8172	74660	247	9	2	6	1
2.779000	280.867381	7805	8120	72677	240	10	3	6	1
2.953000	282.393590	11022	11529	111301	275	11	1	9	1
3.832000	286.213437	11729	12095	123054	280	7	2	4	1
4.435000	288.388272	14306	14600	134832	283	13	1	11	1
2.921000	285.837947	10579	11116	107490	277	13	1	11	1
4.972000	288.592977	15830	16188	151266	283	11	1	10	0
5.988000	288.285147	17554	18013	176348	273	11	2	8	1
6.306000	286.199747	8483	8712	74690	254	10	3	6	1
4.671000	283.375241	7590	7896	69851	246	9	2	6	1
8.244000	283.657303	8454	8833	77046	252	8	2	5	1
13.858000	288.296471	18964	19247	192073	281	12	3	8	1
2.984000	284.981215	7738	8056	74533	246	9	2	6	1
7.479000	291.367806	7704	8205	82929	281	12	4	8	0
5.299000	293.465773	13602	13930	140882	287	8	3	4	1
2.645000	289.406702	6773	7194	69977	281	14	3	11	0
5.240000	292.022747	15637	15967	154793	285	8	1	5	2
2.837000	286.954827	8516	8900	76383	255	8	2	5	1
6.001000	289.129113	18044	18452	184485	266	9	1	7	1
6.590000	290.777847	18447	18831	188586	267	10	2	7	1
2.631000	290.301494	8267	8566	76852	250	10	3	6	1
6.302000	294.371672	17760	18005	168867	289	9	2	6	1
2.522000	288.674303	8044	8511	93193	278	12	3	8	1
2.231000	296.917245	8368	8813	95817	285	10	3	6	1
5.276000	295.052723	15438	15777	154045	288	11	2	8	1
6.066000	294.053577	18416	18789	185648	280	12	3	8	1
2.594000	293.914593	8510	8753	73822	257	10	3	6	1
2.996000	292.365893	8325	8623	78419	251	10	3	6	1
3.969000	298.204399	13782	14142	141550	291	13	2	10	1
8.531000	292.691726	13434	13770	131099	288	12	2	10	0
13.057000	298.689623	14973	15365	151357	295	10	2	8	0
4.427000	294.812389	9469	10033	108371	281	8	1	5	2
10.380000	292.988684	11669	12145	115301	285	11	2	7	2
2.687000	297.891036	8290	8816	87358	285	14	3	10	1
7.783000	296.820593	11525	12011	118084	288	11	1	8	2
3.769000	298.974655	12051	12539	123303	291	11	1	9	1
4.043000	297.278355	13343	13745	139927	289	9	1	5	3
3.779000	297.599632	11836	12276	127955	287	9	3	4	2
5.160000	294.874748	12626	13060	126863	287	14	2	11	1
3.934000	297.701219	13245	13622	135956	290	12	2	9	1
6.462000	298.346570	18309	18534	169544	293	8	2	5	1
3.714000	296.436282	12320	12860	130329	286	11	2	8	1
5.623000	299.591697	16728	17030	166180	292	7	1	5	1
4.112000	302.797236	13894	14238	141599	299	11	2	9	0
5.398000	303.590097	16647	16991	157829	297	13	1	11	1
3.595000	301.341557	11484	11985	125830	289	9	2	5	2
3.461000	301.524761	12549	12969	134422	291	8	1	4	3
4.617000	301.972417	14219	14585	144436	297	10	2	8	0
3.606000	301.282144	13906	14252	141044	296	13	2	10	1
4.663000	301.305009	14945	15278	147902	296	14	2	11	1
2.944000	300.248460	11435	11969	128380	287	11	1	7	3
4.618000	301.404163	13774	14123	138818	297	13	1	12	0
3.995000	302.545234	14117	14529	148370	295	11	3	7	1
4.141000	306.779966	13276	13646	138501	299	11	1	9	1
6.994000	309.389523	18172	18410	172774	299	9	2	6	1
3.761000	304.119717	13182	13559	135518	296	14	1	12	1
6.438000	305.625981	18217	18451	174648	295	7	1	5	1
5.768000	305.243123	18141	18383	173291	294	8	1	5	2
4.414000	301.711841	12408	12843	130822	291	11	2	7	2
4.990000	308.582906	17487	17786	169201	298	9	2	6	1
2.337000	304.367465	5835	6399	54789	300	8	3	5	0
1.636000	306.047519	5957	6532	56279	297	8	3	5	0
1.200000	304.991537	4625	5108	36761	297	9	0	8	1
5.174000	309.472293	17015	17316	170836	301	8	1	5	2
4.587000	310.908253	17465	17755	173079	300	8	2	5	1
5.696000	306.727028	16731	17022	169757	297	11	1	7	3
4.317000	307.463349	13531	13889	137484	300	14	2	11	1
5.578000	312.436345	16688	17001	165012	306	9	3	5	1
4.725000	310.875693	17949	18238	173303	295	7	1	5	1
2.291000	312.031319	6753	7308	57498	297	7	2	5	0
0.899000	310.181340	4683	5184	36154	305	7	1	5	1
1.768000	309.206774	6755	7333	60251	303	8	3	5	0
3.507000	308.703378	12761	13215	116694	300	13	1	10	2
5.135000	315.955424	14960	15345	154787	311	10	2	7	1
3.953000	315.005966	13663	14027	140784	306	13	2	10	1
4.441000	315.616944	14906	15302	153190	312	10	1	9	0
3.669000	314.562388	13929	14292	143854	306	11	2	7	2
5.504000	314.046258	16748	17061	169694	308	11	2	8	1
4.889000	312.487321	18650	18847	169511	307	11	2	8	1
5.742000	314.025071	18869	19111	176414	303	8	2	5	1
4.760000	318.162417	18141	18404	169172	300	8	2	5	1
4.376000	312.274514	12509	13009	141074	299	12	2	7	3
5.190000	315.503862	18863	19019	172264	309	10	3	6	1
5.013000	316.508762	17500	17783	172205	303	12	1	8	3
5.124000	316.979813	16266	16583	166074	310	14	1	10	3
5.320000	319.159465	18981	19155	172633	313	11	2	8	1
5.679000	320.198975	17776	18082	172770	307	9	3	5	1
4.980000	316.949296	17141	17440	171468	307	11	2	8	1
3.888000	313.790169	13652	14016	140804	306	14	1	12	1
5.627000	321.978650	16857	17209	168605	312	10	3	6	1
4.801000	320.317046	17478	17815	177386	311	10	3	6	1
5.354000	318.023384	16926	17275	168448	308	10	3	6	1
5.933000	318.665794	16988	17289	171291	308	9	3	5	1
4.745000	320.118952	13813	14285	148940	309	14	1	11	2
5.394000	322.291593	16597	16919	171761	316	10	2	7	1
5.776000	323.173477	17751	18071	180324	316	11	3	7	1
4.670000	318.504569	14428	14806	151154	310	14	2	10	2
4.925000	320.802135	18369	18613	174326	310	8	1	5	2
4.733000	323.599103	16916	17245	164758	317	8	2	5	1
6.357000	322.648598	18778	18956	172010	317	12	2	8	2
1.827000	319.905805	5964	6563	56108	312	8	3	5	0
2.003000	317.240181	7435	7996	60983	309	8	1	5	2
1.894000	320.473037	7106	7670	69613	310	12	1	9	2
5.621000	324.087916	18323	18559	174077	311	11	2	8	1
5.303000	329.481023	18386	18659	166949	312	9	2	6	1
4.798000	328.928120	18386	18676	174445	313	8	2	5	1
5.763000	323.958580	16431	16761	166882	317	12	3	8	1
5.006000	325.462997	18758	18967	176178	317	11	2	8	1
5.715000	323.566400	17999	18273	173878	311	11	2	8	1
6.825000	326.949213	17410	17768	179396	315	11	4	6	1
5.278000	329.111618	16776	17106	159061	323	9	3	5	1
2.462000	325.835200	8529	9041	82307	320	13	2	9	2
2.001000	325.000656	7116	7653	64695	320	11	4	7	0
6.301000	330.904619	17901	18234	185009	322	11	4	6	1
5.670000	327.973782	17971	18271	171456	313	12	1	8	3
4.836000	328.330655	17774	18076	169807	315	12	1	8	3
5.534000	326.625423	16447	16757	168628	319	13	2	10	1
3.896000	323.278049	13870	14273	148185	313	14	2	10	2
5.018000	333.181591	16971	17329	168653	325	10	3	6	1
5.875000	330.488335	18050	18314	173684	314	9	1	5	3
4.743000	329.828385	16920	17257	162602	323	8	2	5	1
2.066000	332.554291	8466	8977	79125	316	12	1	9	2
2.033000	327.456804	6442	7016	58247	316	8	3	5	0
6.906000	337.204252	17873	18193	184861	329	12	4	7	1
5.699000	335.827902	18640	18941	191171	328	11	4	6	1
5.399000	336.211611	16864	17197	162775	330	9	3	5	1
4.882000	334.752663	17378	17722	162615	327	9	3	5	1
4.871000	330.993602	17356	17675	179217	323	14	2	9	3
9.175000	336.902833	18878	19177	193683	328	10	3	6	1
2.030000	335.247392	7096	7646	67498	320	12	1	9	2
2.083000	331.239293	8084	8644	64498	322	10	1	6	3
4.129000	329.328279	12886	13311	115879	320	13	1	10	2
1.907000	330.158007	7952	8527	64276	324	10	1	5	4
6.117000	341.794774	18368	18652	170846	325	9	2	6	1
4.998000	336.583306	17452	17773	167861	328	8	2	5	1
5.611000	340.834017	18976	19252	197224	333	11	2	7	2
5.460000	340.406528	16834	17178	167359	333	10	3	6	1
4.902000	339.995312	17249	17635	176661	329	10	3	6	1
5.986000	341.265196	17767	18154	182154	326	11	4	6	1
6.227000	337.575740	18172	18528	191875	324	11	3	6	2
5.072000	337.303919	16622	16943	167122	331	10	1	7	2
3.707000	331.230321	13138	13556	109087	320	10	1	7	2
4.114000	335.529072	12598	12961	114810	329	15	2	11	2
4.895000	341.549792	17047	17371	163551	334	10	2	5	3
6.500000	344.117956	16790	17129	170849	336	11	4	6	1
6.119000	342.800894	17904	18279	183064	329	11	4	6	1
4.406000	339.463755	12310	12707	101265	324	11	1	7	3
2.160000	337.764867	8079	8651	64447	328	10	1	6	3
1.815000	339.705004	6832	7407	68015	334	10	1	7	2
2.343000	336.194717	10698	11078	89205	330	12	2	7	3
1.855000	341.847304	7272	7848	62645	337	9	4	5	0
2.777000	340.857916	8977	9460	84177	335	14	2	10	2
1.932000	342.923085	7226	7755	70723	338	12	2	8	2
6.811000	347.658243	18350	18711	186958	333	11	4	6	1
5.072000	348.714868	16873	17218	168524	341	11	3	7	1
1.965000	342.876261	6627	7217	61679	338	9	3	6	0
1.921000	343.836419	6911	7488	67920	339	10	2	7	1
2.085000	346.101128	7764	8310	73876	339	13	2	9	2
2.005000	344.002169	7619	8152	71862	337	13	2	9	2
2.461000	345.925042	7349	7882	70627	340	11	3	7	1
2.456000	345.971942	9117	9617	84276	340	13	2	9	2
2.284000	342.038382	8046	8577	66345	335	11	2	6	3
2.052000	345.132657	7566	8075	73357	337	13	2	10	1
5.763000	350.144281	17677	18089	182079	332	11	4	6	1
5.595000	348.157778	17375	17713	160576	340	11	2	8	1
3.310000	345.202148	12415	12758	110391	339	13	2	10	1
3.096000	348.983146	11785	12156	105578	342	14	2	10	2
3.149000	347.071268	10204	10634	92683	341	14	2	10	2
4.399000	349.115310	13298	13685	120484	338	15	2	11	2
1.988000	349.323998	8612	9091	82259	339	14	2	10	2
3.705000	347.708094	11690	12058	107526	336	15	2	11	2
2.306000	348.274008	7566	8075	74070	337	13	2	10	1
2.172000	346.330171	8383	8917	71226	338	13	2	8	3
6.530000	355.459479	17928	18307	185662	341	12	4	7	1
5.214000	354.658545	18019	18406	188995	337	12	5	6	1
5.785000	349.050021	17251	17599	163953	341	12	2	7	3
4.436000	350.959498	17198	17548	162445	343	11	2	5	4
4.304000	347.959007	13775	14173	121771	341	14	2	10	2
4.263000	347.733669	15705	16157	140366	341	14	2	10	2
2.584000	351.235837	9468	9927	89896	339	14	2	10	2
3.340000	350.638459	13200	13584	119438	344	16	2	12	2
1.946000	352.209356	7039	7589	73255	346	12	2	9	1
2.096000	350.205248	7154	7682	69779	337	11	4	7	0
6.345000	355.206805	18394	18743	192045	341	14	3	8	3
5.796000	356.771592	18608	18944	190943	343	14	4	9	1
5.188000	355.014874	17322	17711	174701	345	13	3	9	1
5.410000	359.660571	17491	17910	180895	342	11	3	6	2
2.183000	353.502778	8383	8917	66289	347	11	2	6	3
2.011000	355.104899	7534	8085	68771	342	10	4	6	0
1.963000	357.511056	8345	8855	82278	341	15	2	11	2
3.342000	353.861822	12521	12866	115632	344	16	2	12	2
2.847000	360.264132	7955	8457	80364	342	14	2	10	2

