0.008000	3.605551	0	0	0	1	0	0	0	0
0.003000	2.828427	0	0	0	1	0	0	0	0
0.001000	3.162278	0	0	0	1	0	0	0	0
0.001000	3.605551	0	0	0	1	0	0	0	0
0.001000	2.000000	0	0	0	1	0	0	0	0
0.001000	3.000000	0	0	0	1	0	0	0	0
0.001000	1.414214	0	0	0	1	0	0	0	0
0.001000	2.000000	0	0	0	1	0	0	0	0
0.001000	2.000000	0	0	0	1	0	0	0	0
0.001000	3.605551	0	0	0	1	0	0	0	0
0.001000	5.385165	0	0	0	1	0	0	0	0
0.001000	6.403124	0	0	0	1	0	0	0	0
0.001000	4.123106	0	0	0	1	0	0	0	0
0.001000	6.000000	0	0	0	1	0	0	0	0
0.001000	7.280110	0	0	0	1	0	0	0	0
0.001000	5.385165	0	0	0	1	0	0	0	0
0.000000	4.000000	0	0	0	1	0	0	0	0
0.001000	4.000000	0	0	0	1	0	0	0	0
0.000000	7.071068	0	0	0	1	0	0	0	0
0.001000	7.071068	0	0	0	1	0	0	0	0
0.001000	9.486833	0	0	0	1	0	0	0	0
0.001000	8.602325	0	0	0	1	0	0	0	0
0.001000	9.000000	0	0	0	1	0	0	0	0
0.001000	10.440307	0	0	0	1	0	0	0	0
0.001000	10.198039	0	0	0	1	0	0	0	0
0.001000	8.602325	0	0	0	1	0	0	0	0
0.001000	8.062258	0	0	0	1	0	0	0	0
0.001000	10.295630	0	0	0	1	0	0	0	0
0.001000	7.810250	0	0	0	1	0	0	0	0
0.000000	8.062258	0	0	0	1	0	0	0	0
0.001000	13.000000	0	0	0	1	0	0	0	0
0.001000	13.038405	0	0	0	1	0	0	0	0
0.002000	15.132746	0	0	0	1	0	0	0	0
0.001000	13.038405	0	0	0	1	0	0	0	0
0.001000	12.727922	0	0	0	1	0	0	0	0
0.001000	15.000000	0	0	0	1	0	0	0	0
0.001000	12.041595	0	0	0	1	0	0	0	0
0.001000	12.369317	0	0	0	1	0	0	0	0
0.001000	15.033296	0	0	0	1	0	0	0	0
0.001000	11.661904	0	0	0	1	0	0	0	0
0.001000	17.464249	0	0	0	1	0	0	0	0
0.042000	15.193485	5	27	36	44	1	0	1	0
0.002000	16.552945	0	0	0	1	0	0	0	0
0.002000	18.027756	0	0	0	1	0	0	0	0
0.001000	16.492423	0	0	0	1	0	0	0	0
0.001000	18.110770	0	0	0	1	0	0	0	0
0.033000	17.066689	9	30	60	49	2	0	2	0
0.026000	17.841397	5	24	32	43	1	0	1	0
0.002000	16.278821	0	0	0	1	0	0	0	0
0.002000	16.124515	0	0	0	1	0	0	0	0
0.038000	22.000330	5	16	18	25	1	0	1	0
0.034000	20.901047	5	26	36	38	2	0	2	0
0.001000	20.223748	0	0	0	1	0	0	0	0
0.001000	23.000000	0	0	0	1	0	0	0	0
0.000000	19.416488	0	0	0	1	0	0	0	0
0.002000	22.803509	0	0	0	1	0	0	0	0
0.001000	19.849433	0	0	0	1	0	0	0	0
0.027000	21.672538	7	27	48	33	2	0	2	0
0.002000	21.023796	0	0	0	1	0	0	0	0
0.049000	20.046897	5	30	48	45	1	0	1	0
0.061000	26.248931	3	58	59	64	1	0	1	0
0.031000	24.280110	5	36	42	43	1	0	1	0
0.040000	24.836419	6	51	37	62	2	0	2	0
0.001000	25.495098	0	0	0	1	0	0	0	0
0.001000	27.073973	0	0	0	1	0	0	0	0
0.001000	25.179357	0	0	0	1	0	0	0	0
0.001000	24.515301	0	0	0	1	0	0	0	0
0.001000	25.961510	0	0	0	1	0	0	0	0
0.002000	24.186773	0	0	0	1	0	0	0	0
0.001000	24.166092	0	0	0	1	0	0	0	0
0.000000	28.861739	0	0	0	1	0	0	0	0
0.000000	27.898009	13	36	57	82	3	0	3	0
0.000000	28.844410	0	0	0	1	0	0	0	0
0.034000	28.049245	5	50	40	63	1	0	1	0
0.001000	30.479501	0	0	0	1	0	0	0	0
0.029000	28.687354	6	51	62	70	2	0	2	0
0.045000	28.730919	6	43	68	82	1	0	1	0
0.028000	25.958217	9	37	47	63	3	0	3	0
0.001000	29.154759	0	0	0	1	0	0	0	0
0.001000	30.000000	0	0	0	1	0	0	0	0
0.028000	32.918896	5	50	48	65	1	0	1	0
0.023000	32.712377	8	37	46	68	3	0	3	0
0.001000	32.649655	0	0	0	1	0	0	0	0
0.033000	31.080305	12	47	93	88	3	0	3	0
0.001000	31.320920	0	0	0	1	0	0	0	0
0.020000	30.588614	8	33	56	51	1	0	1	0
0.001000	33.541020	0	0	0	1	0	0	0	0
0.001000	30.232433	0	0	0	1	0	0	0	0
0.018000	30.204055	10	34	63	46	3	0	3	0
0.001000	31.320920	0	0	0	1	0	0	0	0
0.002000	36.000000	0	0	0	1	0	0	0	0
0.035000	33.426847	12	49	109	87	3	0	3	0
0.001000	35.902646	0	0	0	1	0	0	0	0
0.025000	35.649886	9	47	59	74	2	0	2	0
0.001000	36.069378	0	0	0	1	0	0	0	0
0.033000	36.364649	5	61	74	70	1	0	1	0
0.019000	36.215648	8	30	54	48	1	0	1	0
0.001000	36.055513	0	0	0	1	0	0	0	0
0.017000	36.643317	7	32	63	46	1	0	1	0
0.033000	35.242008	6	59	72	75	1	0	1	0
0.012000	39.426739	8	23	23	30	3	0	3	0
0.032000	39.913676	9	47	79	82	3	0	3	0
0.024000	39.719321	12	47	79	77	2	0	2	0
0.001000	42.107007	0	0	0	1	0	0	0	0
0.025000	40.379448	8	42	76	58	1	0	1	0
0.000000	40.311289	0	0	0	1	0	0	0	0
0.026000	38.205635	6	39	61	57	2	0	2	0
0.016000	40.968982	7	33	53	49	1	0	1	0
0.019000	39.981209	5	25	42	44	2	0	2	0
0.029000	38.134553	10	48	89	78	4	0	4	0
0.024000	45.559804	18	40	102	70	1	0	1	0
0.019000	46.124784	7	41	50	52	1	0	1	0
0.032000	46.317351	8	57	82	85	1	0	1	0
0.001000	46.690470	0	0	0	1	0	0	0	0
0.026000	42.638498	12	43	95	74	2	0	2	0
0.036000	43.839688	10	48	108	109	2	0	2	0
0.021000	39.774893	12	40	78	70	3	0	3	0
0.001000	44.147480	0	0	0	1	0	0	0	0
0.025000	42.850566	6	55	44	63	1	0	1	0
0.029000	41.658272	5	53	56	62	1	0	1	0
0.018000	46.140523	16	31	43	45	4	0	4	0
0.015000	44.104847	13	31	40	40	4	0	4	0
0.002000	46.690470	0	0	0	1	0	0	0	0
0.029000	47.315154	8	51	99	84	2	0	1	1
0.018000	45.851037	9	38	48	54	2	0	2	0
0.018000	47.666829	13	36	89	55	2	0	1	1
0.020000	48.648694	12	46	68	66	3	0	2	1
0.019000	50.160453	12	46	68	66	1	0	1	0
0.025000	46.309969	8	54	54	65	2	0	1	1
0.028000	48.351424	6	46	51	55	1	0	1	0
0.020000	49.941211	14	35	44	49	4	0	4	0
0.018000	51.313723	5	29	52	38	1	0	1	0
0.027000	51.333715	5	58	48	64	1	0	1	0
0.023000	50.068884	8	48	57	59	1	0	1	0
0.024000	50.791941	9	43	83	54	1	0	1	0
0.028000	50.083218	9	57	64	71	2	0	2	0
0.029000	50.283733	10	62	78	79	1	0	1	0
0.020000	50.672425	11	41	75	61	1	0	1	0
0.024000	50.505406	18	49	106	80	2	0	2	0
0.028000	51.579739	10	55	78	74	3	0	3	0
0.021000	53.558296	10	34	38	48	4	0	4	0
0.022000	55.014095	12	43	51	58	3	0	3	0
0.002000	57.384667	0	0	0	1	0	0	0	0
0.035000	55.286447	18	65	100	105	3	0	3	0
0.002000	55.901699	0	0	0	1	0	0	0	0
0.028000	54.244289	21	52	120	96	1	0	1	0
0.022000	57.245158	12	45	90	66	1	0	1	0
0.033000	55.759833	7	67	65	84	1	0	1	0
0.029000	50.910216	16	55	71	95	2	0	2	0
0.001000	54.424259	0	0	0	1	0	0	0	0
0.027000	61.152946	13	52	133	88	1	0	1	0
0.001000	57.706152	0	0	0	1	0	0	0	0
0.030000	54.680701	11	55	98	90	5	0	5	0
0.024000	59.641062	10	50	82	80	2	0	2	0
0.032000	57.992438	14	49	80	101	5	0	5	0
0.022000	60.990966	7	42	59	59	2	0	2	0
0.048000	59.841698	5	47	56	65	1	0	1	0
0.039000	57.300072	13	65	97	93	1	0	1	0
0.033000	57.286434	17	59	100	101	3	0	3	0
0.002000	60.016664	0	0	0	1	0	0	0	0
0.035000	61.029648	9	53	99	106	1	0	1	0
0.034000	62.698291	12	46	89	79	2	0	2	0
0.021000	63.853721	10	38	53	58	1	0	1	0
0.001000	65.192024	0	0	0	1	0	0	0	0
0.023000	58.886419	22	45	113	87	4	0	4	0
0.031000	60.838760	10	70	88	85	2	0	2	0
0.002000	61.522354	0	0	0	1	0	0	0	0
0.030000	60.400593	26	57	171	115	4	0	4	0
0.035000	59.939280	21	53	121	101	2	0	2	0
0.036000	62.401618	12	53	68	93	4	0	4	0
0.029000	67.283776	13	52	70	76	5	0	5	0
0.002000	63.788714	0	0	0	1	0	0	0	0
0.035000	63.193112	12	69	94	105	3	0	3	0
0.022000	64.742948	10	41	63	62	3	0	2	1
0.021000	66.732605	11	40	78	68	1	0	1	0
0.021000	65.686720	15	42	93	80	2	0	2	0
0.026000	64.792164	13	51	114	75	3	0	3	0
0.002000	71.028163	0	0	0	1	0	0	0	0
0.026000	67.868843	18	50	104	89	1	0	1	0
0.023000	66.491377	7	41	60	59	3	0	3	0
0.027000	69.158821	12	60	64	76	3	0	2	1
0.012000	71.224146	15	56	134	87	2	0	2	0
0.001000	66.152439	26	65	106	126	4	0	4	0
0.047000	66.095217	22	69	126	133	5	0	5	0
0.029000	69.515291	14	55	120	81	2	0	1	1
0.001000	71.021124	0	0	0	1	0	0	0	0
0.032000	68.486342	19	64	116	100	3	0	3	0
0.052000	67.782808	25	78	160	154	4	0	4	0
0.041000	69.563835	26	82	135	143	2	0	2	0
0.014000	68.046955	8	42	45	51	2	0	2	0
0.000000	72.699018	11	49	43	62	5	0	5	0
0.000000	71.425595	23	71	205	144	6	0	5	1
0.000000	71.093393	17	59	127	108	7	0	7	0
0.003000	74.681329	16	53	123	82	2	0	2	0
0.025000	72.125584	8	47	64	73	2	0	2	0
0.014000	72.860028	9	30	55	40	2	0	2	0
0.022000	77.610767	9	46	58	71	3	0	3	0
0.046000	70.601386	34	75	120	143	4	0	4	0
0.021000	71.897034	16	45	125	72	2	0	2	0
0.002000	74.518454	0	0	0	1	0	0	0	0
0.030000	75.784061	17	58	67	92	3	0	3	0
0.021000	74.574762	13	50	27	62	6	0	6	0
0.022000	76.063679	14	44	76	64	2	0	2	0
0.020000	76.505192	15	42	81	68	3	0	2	1
0.042000	73.952566	24	73	126	123	6	0	6	0
0.017000	80.386830	8	43	65	58	2	0	2	0
0.040000	74.048286	36	79	170	152	4	0	4	0
0.037000	75.612708	45	75	178	158	7	0	7	0
0.026000	77.574009	23	57	141	87	4	0	3	1
0.035000	76.040652	7	56	75	65	2	0	2	0
0.022000	84.066144	5	36	36	56	1	0	1	0
0.039000	78.410343	30	70	210	150	6	0	5	1
0.031000	82.799335	15	62	111	105	4	0	4	0
0.019000	82.129336	13	45	89	59	3	0	3	0
0.038000	80.856600	13	71	94	110	3	0	3	0
0.038000	79.046509	50	81	212	158	6	0	6	0
0.031000	82.114773	18	56	123	106	4	0	3	1
0.024000	83.207956	8	49	71	73	2	0	2	0
0.029000	80.143670	13	63	103	82	2	0	2	0
0.036000	80.174130	29	61	147	135	4	0	4	0
0.026000	82.044332	13	54	37	72	3	0	3	0
0.021000	83.956520	24	41	94	77	7	0	7	0
0.026000	86.492864	17	47	123	96	3	0	2	1
0.055000	81.209989	38	92	306	204	6	0	4	2
0.024000	84.228230	17	51	94	87	4	0	4	0
0.024000	83.454428	15	50	97	88	6	0	6	0
0.046000	83.366562	58	94	258	203	6	0	6	0
0.026000	82.070090	22	59	134	100	6	0	6	0
0.023000	84.946969	20	55	133	86	1	0	1	0
0.020000	84.332970	13	40	84	56	2	0	2	0
0.016000	89.600518	9	38	25	41	1	0	1	0
0.025000	87.418596	9	50	28	55	2	0	1	1
0.017000	88.024955	20	37	69	64	9	0	9	0
0.025000	89.190901	12	51	87	66	2	0	2	0
0.035000	86.798774	26	70	157	151	6	0	5	1
0.030000	91.530385	11	52	55	84	4	0	4	0
0.023000	88.001426	18	50	116	79	4	0	4	0
0.028000	88.557335	19	55	118	102	3	0	3	0
0.040000	85.680291	33	85	233	175	5	0	5	0
0.031000	86.798179	13	58	88	92	3	0	3	0
0.021000	93.392828	9	42	27	48	5	0	4	1
0.014000	88.671377	16	33	44	52	7	0	7	0
0.002000	91.782351	0	0	0	1	0	0	0	0
0.083000	95.852298	30	87	217	234	5	0	4	1
0.018000	89.515002	12	34	72	52	4	0	2	2
0.017000	90.556570	13	35	67	52	3	0	3	0
0.031000	94.785413	9	57	94	72	4	0	3	1
0.047000	89.822664	26	72	179	129	8	0	8	0
0.057000	91.395725	47	106	227	209	4	0	4	0
0.027000	91.361679	22	58	148	84	3	0	2	1
0.055000	96.870574	25	71	208	177	3	0	2	1
0.055000	98.750568	7	67	77	81	2	0	1	1
0.031000	95.044767	18	61	161	103	3	0	3	0
0.040000	93.528205	22	70	110	127	3	0	3	0
0.055000	94.871125	38	93	164	155	5	0	4	1
0.035000	97.345930	10	60	91	79	3	0	1	2
0.033000	95.890183	24	66	143	114	4	0	4	0
0.043000	95.869570	44	88	188	158	5	0	4	1
0.032000	93.997938	27	61	189	101	4	0	1	3
0.033000	98.097909	24	61	127	115	4	0	4	0
0.015000	99.168255	9	32	28	36	5	0	4	1
0.017000	102.401754	9	42	37	50	2	0	2	0
0.073000	96.280999	46	102	373	246	6	0	5	1
0.052000	97.815968	26	72	158	171	5	0	4	1
0.029000	102.405793	16	59	130	95	3	0	3	0
0.062000	97.538912	38	97	236	219	4	0	4	0
0.032000	102.513745	19	59	143	107	4	0	4	0
0.045000	98.745128	22	78	129	123	3	0	3	0
0.014000	98.957197	70	106	282	260	6	0	6	0
0.047000	98.776859	45	85	192	160	5	0	4	1
0.032000	103.902324	22	46	101	69	5	0	4	1
0.019000	102.616709	18	36	45	51	6	0	6	0
0.003000	101.651365	0	0	0	1	0	0	0	0
0.073000	101.071669	48	96	308	240	6	0	4	2
0.050000	101.063157	42	84	283	202	8	0	5	3
0.030000	107.245585	19	59	135	109	4	0	4	0
0.048000	103.543616	39	92	278	191	5	0	4	1
0.033000	103.523440	11	62	85	88	4	0	3	1
0.041000	102.834063	38	81	223	132	5	0	3	2
0.035000	105.165835	27	69	164	109	4	0	4	0
0.016000	106.069378	17	34	35	50	6	0	6	0
0.018000	109.447115	8	52	41	57	3	0	3	0
0.069000	109.549538	38	75	259	207	3	0	3	0
0.064000	109.371105	63	84	303	243	5	0	5	0
0.035000	106.371624	24	65	148	157	4	0	3	1
0.060000	105.839046	69	107	287	206	4	0	4	0
0.045000	105.453050	38	88	234	189	7	0	7	0
0.030000	105.488608	27	69	162	113	5	0	4	1
0.036000	108.399876	29	71	188	127	4	0	4	0
0.034000	105.627992	39	76	208	127	6	0	6	0
0.043000	115.628123	19	61	76	100	6	0	6	0
0.043000	109.142275	9	56	83	86	1	0	1	0
0.039000	110.924732	18	73	126	123	5	0	4	1
0.062000	109.462764	69	111	267	213	4	0	4	0
0.041000	113.471251	19	81	119	115	6	0	6	0
0.062000	110.588144	60	115	265	244	4	0	4	0
0.052000	108.028415	52	91	246	158	5	0	2	3
0.065000	111.725719	63	116	251	214	3	0	3	0
0.071000	110.426708	81	124	345	270	4	0	4	0
0.056000	109.971005	81	115	384	241	4	0	3	1
0.023000	112.699897	24	46	78	74	5	0	4	1
0.042000	118.721422	32	71	138	127	5	0	5	0
0.024000	115.036974	24	48	80	82	5	0	5	0
0.035000	115.658576	8	65	74	99	1	0	1	0
0.056000	113.297672	52	83	290	237	3	0	3	0
0.037000	112.876770	20	64	106	113	4	0	3	1
0.045000	113.038110	34	85	128	137	3	0	3	0
0.056000	116.832385	67	98	270	189	5	0	5	0
0.039000	114.841281	15	81	129	132	3	0	1	2
0.065000	112.350748	62	115	281	258	4	0	4	0
0.016000	117.711463	23	42	78	66	7	0	6	1
0.039000	122.131945	21	71	112	114	4	0	4	0
0.026000	118.265240	17	57	58	87	5	0	5	0
0.018000	115.550268	13	39	30	46	7	0	7	0
0.095000	118.462831	66	108	498	252	7	0	6	1
0.032000	117.224908	19	75	196	108	5	0	4	1
0.041000	121.647073	17	81	110	119	6	0	5	1
0.043000	121.698128	36	93	178	151	6	0	5	1
0.034000	118.655578	11	76	101	98	3	0	2	1
0.058000	122.066817	68	99	279	230	5	0	4	1
0.023000	122.030713	15	41	45	53	4	0	4	0
0.023000	120.798695	19	46	68	65	4	0	4	0
0.038000	122.611028	25	56	119	96	7	0	7	0
0.021000	123.027748	24	50	105	88	8	0	7	1
0.043000	123.889063	19	91	140	140	5	0	5	0
0.038000	126.128237	14	75	76	105	3	0	3	0
0.037000	123.406427	44	70	249	124	4	0	4	0
0.047000	122.128808	50	90	250	209	5	0	4	1
0.029000	120.259508	27	67	190	110	5	0	4	1
0.038000	119.325466	38	95	251	173	6	0	5	1
0.024000	127.803563	28	53	120	93	10	0	9	1
0.037000	129.902111	26	74	113	122	4	0	4	0
0.000000	123.485975	19	38	43	51	4	0	3	1
0.000000	126.996355	22	56	100	88	8	0	8	0
0.000000	127.652729	34	77	152	155	8	0	7	1
0.000000	127.657866	20	65	87	115	4	0	2	2
0.001000	124.250278	30	110	224	192	7	0	7	0
0.021000	127.482943	25	77	214	127	5	0	4	1
0.060000	122.090147	55	104	267	222	4	0	4	0
0.070000	124.680731	81	114	341	249	6	0	4	2
0.039000	131.045770	19	60	76	94	5	0	4	1
0.035000	136.158292	15	67	71	102	3	0	3	0
0.043000	130.187274	21	96	168	145	6	0	6	0
0.035000	131.835015	14	82	109	103	6	0	5	1
0.044000	131.453945	39	92	203	160	5	0	4	1
0.066000	127.189711	65	116	397	250	6	0	5	1
0.062000	126.073570	63	107	301	277	5	0	5	0
0.066000	128.045694	79	117	333	292	4	0	4	0
0.042000	129.930354	35	98	211	139	5	0	3	2
0.071000	127.218013	79	121	323	247	5	0	5	0
0.028000	135.087270	19	45	73	65	4	0	4	0
0.026000	133.512549	28	56	97	97	6	0	5	1
0.044000	130.876427	21	73	98	119	4	0	3	1
0.042000	135.653435	18	76	95	118	4	0	4	0
0.049000	135.384140	36	97	212	158	5	0	4	1
0.034000	132.143549	35	74	222	125	5	0	5	0
0.045000	133.725751	56	94	250	195	6	0	5	1
0.050000	131.024263	61	102	312	223	6	0	6	0
0.039000	131.280932	29	77	193	120	4	0	1	3
0.050000	131.942192	37	95	188	193	3	0	2	1
0.037000	137.202097	43	78	161	138	6	0	6	0
0.046000	132.820149	21	38	48	53	5	0	4	1
0.046000	137.480365	28	61	127	107	8	0	8	0
0.046000	140.760743	28	65	134	120	7	0	6	1
0.026000	136.264434	22	42	64	65	9	0	8	1
0.043000	137.609497	16	62	75	87	3	0	2	1
0.035000	137.988644	12	54	114	77	4	0	4	0
0.104000	137.505504	111	144	577	359	8	0	8	0
0.036000	143.124511	22	84	127	126	5	0	4	1
0.035000	140.841168	36	72	224	148	5	0	4	1
0.034000	140.878969	31	67	114	117	8	0	7	1
0.036000	138.702068	36	76	143	128	6	0	5	1
0.029000	142.026206	33	66	120	114	6	0	5	1
0.030000	145.465353	8	53	41	59	2	0	1	1
0.066000	137.620094	73	111	440	274	7	0	6	1
0.040000	143.628338	17	82	136	128	5	0	5	0
0.052000	140.363612	34	87	215	133	5	0	5	0
0.099000	143.368437	125	168	680	416	8	0	7	1
0.047000	142.527796	33	103	200	168	4	0	4	0
0.040000	145.992668	38	81	198	146	5	0	2	3
0.022000	142.452208	25	47	80	66	7	0	7	0
0.019000	144.206631	24	50	73	69	6	0	6	0
0.024000	147.228297	19	45	73	65	4	0	4	0
0.034000	149.892594	31	72	145	115	3	0	3	0
0.010000	142.386327	42	76	165	129	7	0	7	0
0.007000	145.010970	32	61	134	107	5	0	4	1
0.024000	143.931364	24	60	121	91	10	0	9	1
0.043000	142.482522	19	91	161	137	5	0	5	0
0.040000	142.483361	36	87	202	179	4	0	4	0
0.045000	144.070833	52	101	313	188	7	0	6	1
0.032000	147.376080	39	75	155	119	6	0	6	0
0.029000	151.051209	28	67	163	105	6	0	5	1
0.049000	146.673805	17	69	81	97	3	0	1	2
0.029000	149.821466	8	55	36	61	4	0	3	1
0.037000	151.827812	20	75	135	119	5	0	5	0
0.045000	151.853242	23	97	157	148	6	0	6	0
0.030000	150.190768	17	62	117	96	6	0	5	1
0.065000	149.591203	79	120	399	301	5	0	5	0
0.040000	150.186895	37	95	260	163	6	0	5	1
0.048000	149.565190	62	113	387	220	7	0	6	1
0.047000	155.765419	16	68	73	93	5	0	5	0
0.032000	154.446674	26	69	155	108	8	0	7	1
0.031000	153.247458	29	75	172	115	7	0	6	1
0.023000	148.879387	26	63	121	98	10	0	9	1
0.039000	155.993991	13	63	141	104	4	0	4	0
0.059000	149.794697	66	104	315	202	9	0	9	0
0.050000	149.297888	49	85	266	233	5	0	5	0
0.043000	154.860804	46	86	319	173	6	0	5	1
0.066000	151.076355	63	126	378	238	7	0	6	1
0.051000	152.986637	78	99	298	192	5	0	3	2
0.030000	158.143376	25	65	143	102	8	0	8	0
0.032000	157.263689	35	72	188	124	8	0	7	1
0.033000	159.443019	19	58	74	89	3	0	1	2
0.046000	158.289790	25	73	204	157	5	0	5	0
0.025000	156.022231	16	54	117	80	6	0	5	1
0.019000	155.628906	16	51	118	75	7	0	6	1
0.059000	157.155398	70	120	434	241	8	0	7	1
0.028000	158.151195	13	51	101	72	5	0	3	2
0.100000	159.871882	111	156	563	430	5	0	4	1
0.025000	155.460755	27	56	169	88	6	0	2	4
0.025000	167.482874	17	50	84	84	3	0	3	0
0.030000	166.880457	17	57	70	86	6	0	5	1
0.041000	163.781027	52	83	262	159	7	0	7	0
0.063000	158.680540	71	125	468	272	7	0	6	1
0.047000	164.567583	61	90	315	172	7	0	7	0
0.040000	161.247341	39	84	290	158	6	0	5	1
0.082000	160.360054	91	147	453	335	6	0	5	1
0.078000	157.628714	89	144	509	328	6	0	5	1
0.058000	159.350529	81	131	441	268	8	0	5	3
0.053000	160.912860	61	100	312	189	6	0	6	0
0.033000	165.731773	35	70	188	122	9	0	8	1
0.593000	168.287536	36	75	188	123	8	0	8	0
0.037000	166.904212	27	71	125	113	8	0	7	1
0.057000	163.136402	84	124	342	247	8	0	6	2
0.057000	164.485788	85	127	332	250	8	0	7	1
0.076000	164.835581	109	141	498	341	6	0	4	2
0.032000	163.053454	27	70	159	103	4	0	3	1
0.077000	162.486672	88	140	512	339	7	0	6	1
0.068000	164.535610	85	126	515	286	8	0	7	1
0.494000	164.731476	108	142	466	346	6	0	4	2
0.075000	171.269819	50	110	314	232	7	0	7	0
0.040000	164.415107	33	65	183	105	6	0	4	2
0.049000	169.980489	33	86	190	141	7	0	6	1
0.081000	169.868580	54	92	343	256	6	0	5	1
0.090000	172.843952	66	94	379	290	5	0	5	0
0.073000	168.166893	86	128	341	261	8	0	7	1
0.027000	168.124499	18	57	135	86	6	0	4	2
0.111000	168.149783	142	187	728	505	8	0	7	1
0.082000	168.522962	105	151	559	363	6	0	5	1
0.088000	168.026018	105	150	510	350	6	0	5	1
0.039000	175.004938	47	77	218	145	8	0	8	0
0.031000	170.619236	47	75	259	132	8	0	7	1
0.031000	170.037186	39	68	183	119	5	0	4	1
0.038000	175.396948	24	72	111	111	4	0	2	2
0.029000	173.820510	21	63	122	107	5	0	5	0
0.039000	170.577745	39	75	177	125	6	0	5	1
0.070000	172.302237	49	89	320	242	5	0	5	0
0.046000	172.218052	28	74	206	157	5	0	4	1
0.116000	170.659321	158	190	788	525	9	0	8	1
0.036000	169.874725	21	74	167	140	4	0	3	1
0.035000	177.244413	39	73	191	131	5	0	5	0
0.035000	179.241621	46	80	227	149	6	0	6	0
0.066000	176.039934	62	110	323	262	7	0	6	1
0.039000	176.046455	35	81	182	137	6	0	5	1
0.037000	175.917446	22	65	96	104	4	0	1	3
0.033000	177.800607	41	72	178	132	7	0	7	0
0.036000	175.913667	18	68	86	96	6	0	5	1
0.058000	175.102406	51	106	298	242	10	0	10	0
0.057000	172.514115	79	117	378	243	11	0	10	1
0.108000	177.466769	142	176	683	466	8	0	7	1
0.050000	179.443700	37	95	204	153	7	0	6	1
0.056000	182.103108	52	99	260	224	6	0	5	1
0.061000	179.582376	61	107	358	250	6	0	6	0
0.031000	179.684592	38	73	202	126	10	0	8	2
0.033000	179.245874	40	72	180	118	7	0	5	2
0.032000	178.773425	46	72	217	131	7	0	4	3
0.034000	180.859984	18	73	80	102	4	0	3	1
0.060000	180.715795	62	112	292	252	10	0	9	1
0.054000	181.153560	67	91	350	183	9	0	8	1
0.044000	175.596046	59	87	350	183	7	0	6	1
0.064000	185.287997	62	111	319	261	6	0	5	1
0.028000	180.389099	38	67	184	103	6	0	5	1
0.036000	185.669197	20	71	109	102	6	0	5	1
0.056000	186.505109	52	105	281	230	4	0	3	1
0.059000	186.626843	84	118	400	236	8	0	8	0
0.026000	182.985363	87	118	343	243	9	0	9	0
0.000000	183.112202	44	93	293	162	6	0	4	2
0.040000	182.648036	59	83	296	167	5	0	5	0
0.053000	178.819815	78	112	343	238	9	0	8	1
0.066000	183.467335	49	86	282	255	6	0	6	0
0.036000	192.556072	20	77	98	109	7	0	7	0
0.028000	185.914900	37	63	174	100	8	0	5	3
0.058000	188.533320	55	100	298	240	7	0	6	1
0.059000	189.110591	53	84	311	240	7	0	6	1
0.055000	184.918091	82	107	424	224	8	0	7	1
0.043000	185.142323	53	93	312	158	7	0	4	3
0.045000	183.297768	57	88	297	165	6	0	4	2
0.035000	186.899974	29	66	178	109	5	0	3	2
0.051000	189.726514	57	94	362	188	6	0	4	2
0.063000	188.490804	68	92	330	263	5	0	5	0
0.068000	192.202098	58	118	387	269	7	0	7	0
0.039000	192.908463	25	87	125	122	6	0	6	0
0.038000	194.322677	28	93	144	132	6	0	6	0
0.084000	194.719115	120	152	596	372	7	0	6	1
0.051000	187.440643	72	100	391	195	7	0	6	1
0.057000	188.576166	52	83	282	160	5	0	3	2
0.058000	190.201699	44	108	361	223	9	0	9	0
0.032000	193.980331	25	68	158	118	8	0	6	2
0.049000	191.714405	49	97	317	167	6	0	4	2
0.058000	188.049162	81	126	365	257	10	0	8	2
0.083000	197.119112	78	122	414	308	9	0	9	0
0.058000	194.552263	46	106	295	210	6	0	5	1
0.044000	198.752731	37	81	208	177	7	0	7	0
0.042000	195.955901	25	69	103	109	5	0	3	2
0.044000	198.217763	29	93	147	150	5	0	4	1
0.065000	197.359225	68	115	346	264	7	0	5	2
0.054000	195.098533	53	102	277	223	4	0	3	1
0.051000	198.858100	52	98	267	225	7	0	6	1
0.040000	196.517441	21	81	127	116	5	0	4	1
0.076000	194.413524	71	107	417	295	5	0	5	0
0.041000	198.244109	22	74	103	116	5	0	3	2
0.051000	201.401796	48	87	273	207	7	0	7	0
0.048000	199.956756	67	95	293	194	8	0	8	0
0.042000	200.840035	23	76	158	126	7	0	7	0
0.094000	200.333606	120	153	616	390	4	0	4	0
0.083000	199.407184	78	117	442	301	5	0	5	0
0.106000	202.593009	138	163	775	409	7	0	6	1
0.092000	200.681950	115	140	625	375	9	0	8	1
0.053000	198.712655	47	107	362	220	8	0	6	2
0.053000	199.729583	73	101	384	200	10	0	8	2
0.050000	203.988530	32	99	164	153	4	0	3	1
0.038000	208.845044	22	84	122	117	7	0	7	0
0.087000	205.526634	105	138	518	343	7	0	6	1
0.053000	203.152716	67	101	290	203	10	0	10	0
0.034000	202.813159	19	75	84	100	5	0	4	1
0.067000	201.628987	74	98	394	279	5	0	5	0
0.021000	204.421478	96	127	514	316	10	0	9	1
0.042000	200.551627	73	99	368	188	8	0	6	2
0.054000	199.144656	64	106	366	221	8	0	5	3
0.058000	200.405996	84	112	395	213	8	0	6	2
0.051000	202.676598	69	104	356	214	10	0	6	4
0.070000	205.993355	87	110	387	253	6	0	4	2
0.049000	203.035090	59	94	330	180	6	0	4	2
0.075000	204.864306	108	151	498	334	10	0	8	2
0.064000	203.404059	82	116	400	260	7	0	5	2
0.063000	208.821290	84	132	437	244	7	0	6	1
0.086000	204.964825	107	147	585	360	9	0	8	1
0.054000	204.127599	72	103	378	200	9	0	8	1
0.087000	206.501000	104	151	586	366	8	0	7	1
0.085000	206.352449	103	145	648	353	8	0	8	0
0.070000	212.067837	70	110	404	289	10	0	10	0
0.097000	210.327065	135	168	743	412	9	0	7	2
0.099000	209.946116	119	147	619	385	9	0	8	1
0.092000	211.548596	130	161	703	399	8	0	6	2
0.088000	212.086503	110	137	570	347	8	0	7	1
0.086000	211.774116	112	152	578	353	8	0	7	1
0.058000	208.142422	92	117	431	241	8	0	7	1
0.000000	212.641552	122	156	660	396	7	0	6	1
0.074000	213.041464	120	154	654	378	6	0	4	2
0.095000	211.783658	124	147	641	388	9	0	9	0
0.045000	215.508961	18	73	87	97	5	0	4	1
0.033000	218.406762	21	73	105	105	4	0	3	1
0.044000	218.342109	30	86	178	146	6	0	6	0
0.100000	219.832004	134	160	604	392	7	0	7	0
0.092000	213.799059	131	168	613	414	9	0	7	2
0.098000	214.661519	123	162	711	391	8	0	6	2
0.091000	214.640562	115	145	614	363	9	0	8	1
0.084000	216.167270	104	137	494	339	8	0	7	1
0.054000	212.897867	76	106	361	202	8	0	8	0
0.089000	218.572229	119	155	605	359	6	0	4	2
0.106000	221.502293	138	166	754	406	7	0	7	0
0.038000	216.471459	46	83	255	141	7	0	4	3
0.042000	214.331131	51	91	288	144	8	0	5	3
0.088000	217.476503	117	143	658	371	7	0	5	2
0.092000	218.234006	134	159	730	396	8	0	6	2
0.138000	221.246474	203	234	1182	567	9	0	9	0
0.041000	216.689995	41	86	245	144	9	0	6	3
0.055000	218.519091	83	107	395	206	7	0	5	2
0.093000	218.249149	128	149	646	388	9	0	8	1
0.094000	219.081977	134	159	676	399	9	0	8	1
0.036000	224.298350	25	73	138	122	6	0	5	1
0.115000	223.598660	136	167	690	396	7	0	7	0
0.051000	221.050074	59	85	315	160	6	0	5	1
0.095000	222.077688	109	141	587	358	10	0	8	2
0.148000	223.340469	198	224	1054	541	9	0	7	2
0.080000	221.899843	104	132	527	326	11	0	10	1
0.092000	226.176313	120	152	595	372	9	0	8	1
0.083000	221.233450	112	147	571	347	9	0	8	1
0.071000	218.507716	87	117	379	284	8	0	6	2
0.073000	216.496215	78	110	353	252	6	0	4	2
0.098000	227.912354	135	157	647	383	10	0	10	0
0.118000	225.764440	193	210	1014	515	9	0	7	2
0.043000	223.781469	57	96	328	160	8	0	4	4
0.052000	220.596383	82	101	385	199	9	0	6	3
0.067000	223.616733	80	110	360	262	7	0	4	3
0.063000	224.635927	85	110	390	264	7	0	5	2
0.052000	222.309690	79	106	355	201	8	0	5	3
0.100000	225.052101	159	185	763	474	7	0	4	3
0.096000	223.881783	121	154	633	377	9	0	7	2
0.217000	228.383566	184	208	1089	491	8	0	8	0
0.098000	229.797810	131	163	631	406	10	0	8	2
0.092000	224.648361	113	147	553	383	8	0	6	2
0.064000	225.307675	83	107	375	264	7	0	4	3
0.088000	227.946032	105	146	570	354	8	0	7	1
0.098000	231.341346	131	156	694	410	8	0	7	1
0.098000	232.491891	138	165	733	405	7	0	7	0
0.061000	230.642900	87	122	385	243	8	0	8	0
0.045000	228.667585	67	93	347	172	8	0	7	1
0.066000	225.936089	80	105	402	211	10	0	7	3
0.084000	226.603839	96	144	591	346	9	0	7	2
0.043000	235.411014	31	80	156	137	9	0	8	1
0.103000	237.623661	148	173	786	422	6	0	6	0
0.125000	237.508727	174	217	967	530	10	0	10	0
0.000000	234.473877	133	156	660	384	11	0	10	1
0.063000	232.295696	109	135	534	355	11	0	10	1
0.098000	232.569760	151	176	704	426	8	0	7	1
0.101000	233.582763	117	152	583	360	9	0	7	2
0.100000	232.312271	132	154	660	404	8	0	7	1
0.121000	233.869709	188	214	1018	516	8	0	6	2
0.106000	236.626922	144	172	827	423	7	0	6	1
0.081000	237.009165	97	133	631	342	9	0	6	3
0.058000	237.233238	86	117	387	235	8	0	8	0
0.097000	237.041829	123	161	650	388	10	0	8	2
0.101000	239.043322	138	169	750	406	8	0	8	0
0.095000	237.152965	121	150	734	381	10	0	9	1
0.084000	235.936919	105	138	569	343	9	0	6	3
0.037000	233.763003	48	80	274	139	7	0	4	3
0.094000	236.717756	119	151	573	366	9	0	7	2
0.106000	239.574704	140	188	752	419	7	0	5	2
0.056000	235.014297	77	112	334	208	8	0	7	1
0.049000	245.850412	33	85	214	155	7	0	6	1
0.108000	242.471093	153	187	708	449	11	0	11	0
0.118000	242.110555	166	203	936	504	10	0	10	0
0.062000	242.122804	87	127	434	235	8	0	7	1
0.093000	242.480286	119	145	571	363	11	0	10	1
0.088000	245.462226	134	150	580	386	9	0	8	1
0.052000	237.361502	71	101	314	190	8	0	7	1
0.087000	242.554172	120	145	574	366	13	0	12	1
0.095000	239.321961	133	162	639	414	9	0	7	2
0.096000	239.724352	136	155	574	405	9	0	8	1
0.048000	242.678755	70	100	372	178	9	0	8	1
0.055000	246.326327	81	121	417	211	8	0	7	1
0.084000	246.691524	104	141	531	337	10	0	9	1
0.071000	240.353262	93	127	415	277	11	0	9	2
0.067000	242.677747	173	215	907	519	9	0	5	4
0.000000	245.561139	197	207	940	542	6	0	4	2
0.118000	244.882060	187	206	875	509	11	0	11	0
0.048000	244.460835	89	112	379	206	9	0	5	4
0.106000	245.917131	135	169	783	406	9	0	9	0
0.094000	247.193009	139	161	680	413	7	0	7	0
0.103000	250.365384	140	167	798	415	10	0	9	1
1.237000	249.983071	189	212	1111	516	9	0	8	1
0.086000	250.759150	103	141	550	335	10	0	9	1
0.099000	248.118782	129	150	558	404	9	0	7	2
0.089000	246.721042	115	148	533	384	10	0	7	3
0.003000	246.027229	113	148	536	392	10	0	8	2
0.000000	246.119271	90	114	367	218	10	0	6	4
0.000000	250.696057	201	230	1121	558	8	0	8	0
0.148000	248.911728	198	232	1057	569	10	0	10	0
0.112000	249.421415	157	204	1019	476	9	0	8	1
0.107000	253.524411	155	187	864	463	13	0	13	0
0.092000	252.138477	136	157	662	392	12	0	11	1
0.085000	254.400321	131	147	588	368	11	0	10	1
0.081000	253.657708	118	145	566	358	12	0	11	1
0.082000	252.446834	125	144	532	365	10	0	9	1
0.079000	250.829682	102	135	507	340	11	0	10	1
0.091000	249.728934	116	154	566	378	11	0	10	1
0.108000	256.125758	169	195	917	463	7	0	5	2
0.058000	253.008297	80	121	409	212	9	0	7	2
0.120000	252.965532	188	210	1051	503	9	0	7	2
0.068000	259.283749	60	99	326	259	9	0	9	0
0.143000	257.788816	219	234	1072	589	10	0	10	0
0.097000	255.258394	140	167	690	403	12	0	11	1
0.088000	257.236292	129	150	582	383	9	0	8	1
0.095000	253.904532	127	149	534	446	8	0	6	2
0.000000	253.805729	77	105	332	222	8	0	7	1
0.073000	255.548808	102	148	474	303	9	0	6	3
0.074000	254.740746	105	147	514	331	10	0	7	3
0.126000	254.038409	194	217	1088	519	9	0	6	3
0.106000	255.129956	105	140	549	331	11	0	10	1
0.116000	265.171909	86	121	468	306	12	0	12	0
0.085000	260.011746	90	132	468	243	8	0	7	1
0.457000	261.198727	105	134	534	330	12	0	11	1
0.073000	257.225239	92	112	421	213	10	0	7	3
0.102000	257.951853	123	153	642	418	9	0	7	2
0.049000	259.208654	72	102	366	189	11	0	10	1
0.087000	261.406955	108	140	560	351	10	0	9	1
0.074000	258.185098	93	123	399	304	11	0	9	2
0.093000	260.078890	109	145	580	376	11	0	10	1
0.065000	259.282065	92	134	477	244	9	0	7	2
0.101000	263.426849	143	166	674	420	14	0	14	0
0.132000	266.712385	203	228	1056	569	10	0	10	0
0.070000	262.429328	92	134	475	243	9	0	7	2
0.085000	262.253356	116	151	571	367	12	0	10	2
0.084000	261.648856	112	149	544	352	12	0	10	2
0.073000	262.889334	100	144	465	293	9	0	5	4
0.090000	260.584738	128	162	627	405	10	0	7	3
0.083000	263.351443	104	149	541	295	8	0	7	1
0.101000	267.402684	144	169	661	425	13	0	13	0
0.118000	262.247126	193	202	1004	494	9	0	6	3
0.079000	270.223691	79	113	430	303	8	0	7	1
0.091000	266.615201	110	143	560	350	13	0	12	1
0.080000	264.970937	112	145	539	333	9	0	6	3
0.087000	267.869245	117	150	563	377	10	0	9	1
0.068000	266.489882	95	139	493	255	9	0	7	2
0.112000	268.742998	177	204	954	478	11	0	9	2
0.106000	268.780224	189	206	1048	506	11	0	9	2
0.113000	268.216149	155	188	886	470	13	0	13	0
0.063000	268.243142	89	128	462	235	9	0	8	1
0.049000	267.346892	77	104	393	192	11	0	10	1
0.100000	273.885687	106	149	629	354	8	0	8	0
0.078000	274.008076	82	111	432	298	11	0	9	2
0.415000	271.448186	151	183	739	445	12	0	11	1
0.099000	272.257464	117	154	568	376	13	0	11	2
0.090000	272.166613	120	142	559	356	12	0	11	1
0.077000	269.787353	101	140	500	275	8	0	7	1
0.057000	269.617920	91	111	402	210	10	0	6	4
0.050000	272.085413	76	106	390	190	10	0	9	1
0.046000	270.178294	74	105	380	187	10	0	9	1
0.045000	271.345271	75	105	395	187	9	0	8	1
0.110000	275.227745	103	142	549	347	8	0	6	2
0.086000	275.647426	83	131	525	311	11	0	11	0
0.132000	276.732912	195	221	1156	529	11	0	11	0
0.112000	274.540704	156	189	880	478	13	0	13	0
0.055000	270.134231	89	99	377	193	10	0	6	4
0.075000	274.737779	107	144	516	292	9	0	7	2
0.130000	277.089712	195	225	1135	529	10	0	10	0
0.088000	279.278837	132	148	580	364	12	0	11	1
0.052000	273.555625	80	108	421	202	11	0	10	1
0.057000	274.951328	83	114	435	205	12	0	11	1
0.115000	284.432677	159	183	817	454	9	0	7	2
0.116000	284.423360	156	186	826	447	12	0	12	0
0.086000	280.084429	97	138	518	332	11	0	8	3
0.020000	280.588208	130	160	682	393	9	0	7	2
0.000000	279.685898	71	102	369	180	10	0	9	1
0.047000	278.962425	71	103	383	187	11	0	10	1
0.051000	281.048645	83	115	411	205	10	0	9	1
0.042000	279.663270	70	99	360	169	10	0	9	1
0.045000	278.360456	72	101	382	172	11	0	10	1
0.117000	280.722506	148	174	835	433	10	0	9	1
0.114000	283.323131	148	169	767	432	9	0	7	2
0.554000	286.713153	156	186	837	450	11	0	11	0
0.132000	284.166863	135	167	791	413	12	0	11	1
0.128000	286.921893	164	195	877	470	10	0	10	0
0.159000	285.665518	194	217	1160	516	10	0	10	0
0.070000	282.125119	80	106	395	194	11	0	10	1
0.059000	280.895276	72	105	362	183	10	0	9	1
0.072000	281.828762	92	127	464	238	9	0	8	1
0.173000	284.912865	195	217	1153	520	11	0	11	0
0.059000	282.501250	71	102	370	178	10	0	9	1
0.110000	288.894365	96	140	588	337	11	0	11	0
0.165000	290.338570	154	184	777	438	11	0	9	2
0.102000	287.365890	75	113	421	278	13	0	13	0
0.136000	289.605936	157	190	805	446	9	0	7	2
0.083000	285.078638	93	128	479	239	9	0	8	1
0.144000	288.324766	194	213	1056	505	10	0	8	2
0.141000	288.469789	195	218	1070	517	11	0	9	2
0.055000	285.946559	74	106	397	184	11	0	10	1
0.155000	291.463329	196	206	903	510	11	0	9	2
0.085000	285.135572	80	111	401	286	14	0	12	2
0.069000	292.679115	78	108	405	277	12	0	10	2
0.105000	292.144380	158	187	771	441	13	0	11	2
0.139000	289.233763	195	222	1140	526	11	0	11	0
0.049000	289.105764	79	104	413	191	11	0	10	1
0.044000	287.786385	73	105	388	179	11	0	10	1
0.114000	294.569995	150	176	805	434	11	0	11	0
0.046000	290.772307	152	182	804	439	12	0	12	0
0.090000	297.017852	165	192	896	476	9	0	9	0
0.090000	292.316098	106	145	573	350	10	0	8	2
0.121000	291.312825	145	171	811	417	9	0	8	1
0.092000	295.929177	114	150	696	365	12	0	12	0
0.102000	295.131422	145	171	805	415	9	0	8	1
0.451000	297.303571	152	179	877	439	10	0	9	1
0.112000	296.456220	147	163	752	405	9	0	6	3
0.140000	294.610602	136	160	723	395	12	0	9	3
0.126000	293.121760	147	174	809	424	13	0	12	1
0.110000	296.027159	146	168	821	420	11	0	10	1
0.144000	295.564273	202	217	950	536	9	0	8	1
0.110000	294.740935	148	173	865	430	10	0	9	1
0.125000	297.286729	187	208	900	499	8	0	7	1
0.114000	301.121924	155	187	816	451	10	0	10	0
0.120000	301.914978	175	201	887	488	11	0	11	0
0.098000	298.433214	133	157	717	389	11	0	8	3
0.099000	299.004978	145	161	729	401	10	0	7	3
0.118000	300.300457	154	184	807	446	9	0	9	0
0.108000	299.552440	150	181	765	436	11	0	11	0
0.102000	299.575304	154	176	768	434	12	0	12	0
0.095000	298.069762	128	154	696	381	11	0	9	2
0.120000	299.733079	153	188	818	446	12	0	12	0
0.112000	299.598385	158	183	882	453	9	0	9	0
0.105000	305.108882	148	170	794	424	10	0	9	1
0.127000	306.243669	196	215	864	519	10	0	9	1
0.044000	302.448633	147	170	773	420	13	0	12	1
0.128000	303.321014	196	215	906	516	8	0	7	1
0.134000	302.847092	196	215	905	515	8	0	7	1
0.098000	298.803498	143	163	730	403	13	0	10	3
0.123000	305.995135	197	209	925	506	11	0	9	2
0.059000	303.811808	44	90	255	210	10	0	9	1
0.052000	305.459200	43	91	254	213	10	0	9	1
0.051000	304.350084	39	86	236	167	9	0	8	1
0.132000	307.311497	194	214	912	511	9	0	7	2
0.131000	308.123922	201	220	929	534	9	0	8	1
0.131000	304.310819	183	205	832	486	10	0	9	1
0.119000	304.440038	147	171	802	424	12	0	12	0
0.139000	309.030892	194	218	944	520	10	0	9	1
0.272000	308.570726	195	211	908	505	8	0	7	1
0.060000	311.659313	47	93	284	217	9	0	8	1
0.041000	309.482078	33	75	174	144	9	0	7	2
0.057000	308.758780	47	96	294	224	10	0	9	1
0.378000	306.905188	130	170	787	472	13	0	12	1
0.124000	314.253452	160	187	830	457	8	0	8	0
0.109000	313.332183	149	171	786	425	12	0	11	1
0.129000	313.945860	167	194	901	479	9	0	9	0
0.108000	311.244291	151	177	802	428	8	0	8	0
0.123000	311.533290	188	206	941	506	12	0	11	1
0.128000	309.578978	194	209	884	502	13	0	11	2
0.127000	311.510701	202	215	982	529	9	0	8	1
0.120000	315.016563	195	207	914	500	9	0	8	1
0.098000	309.265884	141	159	713	397	13	0	10	3
0.138000	312.293771	200	214	889	524	13	0	11	2
0.134000	314.092554	192	211	862	501	11	0	10	1
0.137000	314.563604	169	193	825	463	13	0	12	1
0.124000	316.013611	197	212	879	513	12	0	11	1
0.125000	317.593993	197	213	940	512	12	0	10	2
0.146000	313.803442	193	216	880	512	12	0	11	1
0.106000	312.119085	148	169	786	419	13	0	12	1
0.124000	317.777413	178	208	905	485	11	0	10	1
0.154000	316.001378	191	215	969	526	11	0	10	1
0.129000	314.393684	186	210	959	505	11	0	10	1
0.127000	315.351512	196	212	875	508	12	0	10	2
0.117000	318.447868	148	164	797	416	13	0	11	2
0.128000	319.788420	184	211	893	499	11	0	10	1
0.130000	319.333762	196	216	965	528	12	0	11	1
0.111000	316.774864	154	176	765	433	12	0	11	1
0.172000	317.923677	197	216	865	517	9	0	8	1
0.132000	320.850359	200	213	881	521	9	0	8	1
0.176000	319.731925	197	212	879	508	13	0	11	2
0.074000	319.299072	42	92	251	212	10	0	9	1
0.092000	316.802225	59	101	381	297	9	0	8	1
0.073000	318.674847	51	95	324	241	12	0	11	1
0.069000	320.942063	197	214	882	516	12	0	11	1
0.162000	326.335169	196	205	845	506	10	0	9	1
0.140000	325.782266	196	206	839	499	9	0	8	1
0.120000	320.678898	184	208	856	497	13	0	12	1
0.123000	322.317143	197	215	838	516	12	0	11	1
0.130000	320.420546	196	215	849	513	12	0	11	1
0.121000	321.996120	185	209	909	506	12	0	11	1
0.119000	325.949280	198	214	932	514	10	0	9	1
0.079000	322.981627	81	106	434	352	13	0	12	1
0.046000	323.428354	39	79	200	157	13	0	12	1
0.125000	326.285519	187	210	876	512	12	0	11	1
0.123000	325.557574	192	207	870	494	11	0	10	1
0.118000	325.914447	193	207	859	495	11	0	10	1
0.123000	323.479569	179	202	849	483	14	0	13	1
0.104000	321.548344	144	161	749	406	12	0	11	1
0.120000	328.980354	187	207	859	489	11	0	10	1
0.143000	327.797963	196	211	879	504	8	0	7	1
0.120000	327.050157	194	206	850	496	9	0	8	1
0.078000	330.756101	83	113	485	321	12	0	11	1
0.320000	326.859466	42	90	248	173	10	0	9	1
0.129000	332.843984	192	212	916	505	14	0	13	1
0.128000	331.249144	202	216	967	536	12	0	11	1
0.122000	333.285280	200	213	886	520	10	0	9	1
0.118000	331.539026	205	216	880	528	10	0	9	1
0.117000	327.522010	185	206	870	493	13	0	12	1
0.033000	331.914339	203	215	985	531	11	0	10	1
0.059000	333.449202	51	95	299	210	12	0	11	1
0.067000	330.822938	66	103	390	290	11	0	9	2
0.090000	327.530090	110	142	668	381	13	0	12	1
0.000000	329.625704	64	103	372	299	10	0	8	2
0.083000	338.648920	197	205	815	501	10	0	9	1
0.133000	333.875888	199	212	871	506	10	0	8	2
0.122000	337.360533	199	208	933	510	11	0	10	1
0.114000	336.205291	188	203	834	488	11	0	10	1
0.114000	335.794075	181	205	839	485	11	0	10	1
0.128000	336.652170	191	216	963	523	12	0	11	1
0.135000	332.331224	187	210	927	505	11	0	10	1
0.351000	334.425460	188	207	866	494	11	0	10	1
0.102000	330.823778	122	156	704	405	12	0	10	2
0.086000	332.675499	111	130	541	383	15	0	14	1
0.134000	338.431879	196	213	858	502	9	0	8	1
0.117000	339.836032	186	208	854	487	13	0	12	1
0.126000	337.536703	191	216	931	526	12	0	11	1
0.074000	339.047400	94	114	453	294	12	0	10	2
0.070000	337.257825	59	100	356	281	10	0	8	2
0.042000	338.965399	40	78	199	153	12	0	10	2
0.070000	335.601427	92	104	412	316	13	0	11	2
0.044000	340.605892	41	80	186	164	11	0	10	1
0.073000	338.004342	89	111	431	341	14	0	13	1
0.048000	341.119974	54	88	248	207	13	0	12	1
0.141000	341.504063	193	217	979	523	12	0	11	1
0.120000	344.513631	188	209	858	496	12	0	11	1
0.045000	341.963582	41	79	187	163	11	0	10	1
0.041000	342.423196	42	79	194	166	12	0	11	1
0.052000	343.619136	49	84	227	191	13	0	12	1
0.044000	341.513989	49	83	230	190	13	0	12	1
0.040000	343.317490	46	79	209	171	13	0	12	1
0.064000	343.126077	81	102	381	305	13	0	12	1
0.064000	340.361445	66	98	303	302	12	0	10	2
0.049000	342.521143	57	90	280	219	14	0	13	1
0.716000	346.012891	186	206	910	495	12	0	11	1
0.132000	345.012200	200	211	827	510	13	0	11	2
0.087000	343.466564	100	119	499	330	14	0	13	1
0.094000	346.159055	94	112	434	323	14	0	13	1
0.073000	344.217695	90	105	416	315	14	0	13	1
0.086000	346.261737	119	142	560	402	15	0	14	1
0.070000	346.470425	80	104	401	329	14	0	13	1
0.076000	344.854520	105	123	499	366	15	0	14	1
0.062000	345.662494	57	90	275	217	14	0	13	1
0.057000	344.767744	57	89	261	279	13	0	11	2
0.128000	349.817310	186	211	878	510	13	0	12	1
0.122000	348.855412	185	210	876	504	14	0	13	1
0.121000	346.255276	194	203	799	488	11	0	10	1
0.115000	347.954707	198	207	835	498	9	0	8	1
0.094000	345.989064	124	157	656	403	14	0	13	1
0.110000	345.762485	158	188	875	493	14	0	13	1
0.078000	348.382264	95	114	445	347	14	0	13	1
0.073000	347.784886	103	128	528	330	16	0	15	1
0.038000	350.414367	39	78	197	143	14	0	13	1
0.037000	348.587853	41	80	181	146	13	0	12	1
0.123000	349.408900	183	206	871	493	13	0	12	1
0.124000	349.966076	196	211	889	514	15	0	14	1
0.114000	350.813636	187	208	826	488	14	0	13	1
0.114000	355.585707	181	201	868	480	12	0	11	1
0.137000	352.599808	57	89	256	261	11	0	9	2
0.050000	353.435731	52	91	232	198	12	0	11	1
0.047000	354.657482	51	87	236	204	15	0	14	1
0.071000	351.008249	101	119	486	331	16	0	15	1
0.042000	357.410558	49	84	224	178	14	0	13	1

