0.008000	3.605551	3	17	23	4	0	0	0	0
0.002000	2.828427	2	14	16	3	0	0	0	0
0.003000	3.162278	3	17	22	4	0	0	0	0
0.003000	3.605551	3	17	27	4	0	0	0	0
0.002000	2.000000	2	12	11	3	0	0	0	0
0.002000	3.000000	3	15	21	4	0	0	0	0
0.002000	1.414214	1	6	2	2	0	0	0	0
0.002000	2.000000	2	11	10	3	0	0	0	0
0.002000	2.000000	2	12	11	3	0	0	0	0
0.003000	3.605551	3	17	25	4	0	0	0	0
0.004000	5.385165	5	25	46	6	0	0	0	0
0.006000	6.403124	5	27	51	6	0	0	0	0
0.004000	4.123106	4	20	27	5	0	0	0	0
0.004000	6.000000	6	24	48	7	0	0	0	0
0.004000	7.280110	7	31	62	8	0	0	0	0
0.004000	5.385165	5	25	42	6	0	0	0	0
0.003000	4.000000	4	18	26	5	0	0	0	0
0.002000	4.000000	4	18	26	5	0	0	0	0
0.006000	7.071068	7	29	64	8	0	0	0	0
0.004000	7.071068	5	29	48	6	0	0	0	0
0.007000	9.486833	9	38	82	10	0	0	0	0
0.006000	8.602325	7	34	65	8	0	0	0	0
0.006000	9.000000	9	33	79	10	0	0	0	0
0.008000	10.440307	11	43	93	12	0	0	0	0
0.006000	10.198039	10	40	93	11	0	0	0	0
0.006000	8.602325	7	35	73	8	0	0	0	0
0.005000	8.062258	7	33	68	8	0	0	0	0
0.006000	10.295630	9	41	79	10	0	0	0	0
0.005000	7.810250	6	32	60	7	0	0	0	0
0.005000	8.062258	8	32	70	9	0	0	0	0
0.010000	13.000000	15	55	133	16	0	0	0	0
0.009000	13.038405	13	53	123	14	0	0	0	0
0.011000	15.132746	15	55	141	16	0	0	0	0
0.007000	13.038405	13	47	129	14	0	0	0	0
0.007000	12.727922	9	48	99	10	0	0	0	0
0.013000	15.000000	13	59	148	14	0	0	0	0
0.007000	12.041595	9	47	93	10	0	0	0	0
0.010000	12.369317	13	49	119	14	0	0	0	0
0.008000	15.033296	15	53	150	16	0	0	0	0
0.010000	11.661904	12	48	113	13	0	0	0	0
0.014000	17.464249	21	69	194	22	0	0	0	0
0.011000	15.193485	17	59	138	18	1	0	1	0
0.014000	16.552945	23	71	192	24	0	0	0	0
0.012000	18.027756	18	62	189	19	0	0	0	0
0.012000	16.492423	18	64	178	19	0	0	0	0
0.011000	18.110770	18	64	192	19	0	0	0	0
0.021000	17.066689	37	88	269	38	2	0	2	0
0.014000	17.841397	28	73	204	29	1	0	1	0
0.011000	16.278821	12	60	147	13	0	0	0	0
0.011000	16.124515	17	62	161	18	0	0	0	0
0.018000	22.000330	32	88	226	33	1	0	1	0
0.028000	21.163452	59	107	360	60	4	3	1	0
0.013000	20.223748	21	73	222	22	0	0	0	0
0.013000	23.000000	23	75	255	24	0	0	0	0
0.012000	19.416488	23	75	213	24	0	0	0	0
0.014000	22.803509	20	88	228	21	0	0	0	0
0.012000	19.849433	15	75	179	16	0	0	0	0
0.016000	21.711368	28	82	241	29	2	1	1	0
0.019000	21.023796	31	91	282	32	0	0	0	0
0.016000	20.046897	29	79	237	30	1	0	1	0
0.018000	26.248931	23	100	273	24	1	0	1	0
0.018000	24.280110	36	99	304	37	1	0	1	0
0.050000	24.836419	121	180	655	122	2	0	2	0
0.026000	25.495098	44	107	359	45	0	0	0	0
0.016000	27.073973	27	91	300	28	0	0	0	0
0.017000	25.179357	27	89	270	28	0	0	0	0
0.019000	24.515301	31	95	301	32	0	0	0	0
0.018000	25.961510	31	101	318	32	0	0	0	0
0.016000	24.186773	27	87	273	28	0	0	0	0
0.023000	24.166092	42	112	356	43	0	0	0	0
0.025000	28.861739	41	117	378	42	0	0	0	0
0.131000	27.898009	320	371	1584	321	3	0	3	0
0.024000	28.844410	32	116	343	33	0	0	0	0
0.038000	28.049245	79	155	562	80	1	0	1	0
0.026000	30.479501	25	115	336	26	0	0	0	0
0.036000	28.687354	80	147	453	81	2	0	2	0
0.021000	28.730919	29	108	304	30	1	0	1	0
0.045000	25.958217	127	188	570	128	3	0	3	0
0.030000	29.154759	49	131	427	50	0	0	0	0
0.019000	30.000000	30	96	356	31	0	0	0	0
0.042000	32.918896	85	168	576	86	1	0	1	0
0.077000	32.745264	190	254	939	191	3	1	2	0
0.029000	32.649655	51	142	482	52	0	0	0	0
0.121000	31.080305	338	438	1775	339	3	0	3	0
0.026000	31.320920	43	127	434	44	0	0	0	0
0.048000	30.533651	93	184	705	94	1	0	1	0
0.029000	33.541020	43	127	442	44	0	0	0	0
0.026000	30.232605	39	124	400	40	1	1	0	0
0.024000	30.204055	45	118	404	46	3	0	3	0
0.024000	31.320920	43	127	419	44	0	0	0	0
0.019000	36.000000	36	114	455	37	0	0	0	0
0.161000	33.426847	430	559	2322	431	3	0	3	0
0.032000	35.902646	55	147	539	56	0	0	0	0
0.095000	35.649886	263	341	1315	264	2	0	2	0
0.023000	36.069378	26	132	371	27	0	0	0	0
0.045000	36.364649	73	169	619	74	1	0	1	0
0.058000	36.215648	123	228	889	124	1	0	1	0
6.543000	36.055513	36	118	427	37	0	0	0	0
0.064000	36.643317	93	192	700	94	1	0	1	0
0.051000	35.393439	76	156	591	77	1	1	0	0
0.047000	39.426739	82	156	597	83	3	0	3	0
0.088000	40.078676	188	284	1177	189	3	2	1	0
0.245000	39.719321	398	542	2262	399	2	0	2	0
0.030000	42.107007	47	143	545	48	0	0	0	0
0.052000	40.379448	93	202	752	94	1	0	1	0
0.039000	40.311289	53	149	554	54	0	0	0	0
0.048000	38.205635	79	176	649	80	2	0	2	0
0.046000	40.968982	68	174	585	69	1	0	1	0
0.039000	39.981209	73	166	559	74	2	0	2	0
0.071000	38.287986	145	242	1085	146	5	1	4	0
0.040000	45.559804	65	171	655	66	1	0	1	0
0.070000	46.124784	135	255	1108	136	1	0	1	0
0.080000	46.317351	147	269	1160	148	1	0	1	0
0.028000	46.690470	34	170	531	35	0	0	0	0
0.061000	42.638498	150	246	901	151	2	0	2	0
0.064000	43.839688	122	231	968	123	2	0	2	0
0.135000	39.774893	356	495	2089	357	3	0	3	0
0.051000	44.147480	81	193	758	82	0	0	0	0
0.045000	42.850566	65	185	627	66	1	0	1	0
0.038000	41.658272	78	188	702	79	1	0	1	0
0.193000	46.140523	473	522	2752	474	4	0	4	0
0.127000	44.356886	371	415	2202	372	4	2	2	0
0.040000	46.690470	70	184	731	71	0	0	0	0
0.039000	47.314640	61	190	638	62	1	0	1	0
0.175000	45.851037	449	538	2392	450	2	0	2	0
0.060000	47.539457	109	232	918	110	1	0	1	0
0.227000	48.666335	541	662	3472	542	2	1	1	0
0.164000	50.160453	452	575	3000	453	1	0	1	0
0.093000	46.186126	199	309	1411	200	1	0	1	0
0.067000	48.351424	148	273	1137	149	1	0	1	0
0.149000	50.352810	413	471	2385	414	5	3	2	0
0.059000	51.313723	109	239	824	110	1	0	1	0
0.047000	51.333715	72	216	741	73	1	0	1	0
0.102000	50.068884	284	395	1860	285	1	0	1	0
0.085000	50.791941	171	299	1356	172	1	0	1	0
0.122000	50.536406	300	423	2093	301	2	1	1	0
0.064000	50.283733	169	301	1287	170	1	0	1	0
0.075000	50.672425	136	277	1158	137	1	0	1	0
0.048000	50.818734	99	217	862	100	2	1	1	0
0.145000	51.579739	372	478	1863	373	3	0	3	0
0.097000	53.578497	251	370	1843	252	4	0	3	1
0.099000	55.260297	278	369	1891	279	3	2	1	0
0.068000	57.384667	55	221	758	56	0	0	0	0
0.247000	55.286447	676	803	3523	677	3	0	3	0
0.054000	55.901699	87	223	926	88	0	0	0	0
0.056000	54.244289	102	234	951	103	1	0	1	0
0.091000	57.245158	178	290	1392	179	1	0	1	0
0.065000	55.767534	90	244	964	91	1	1	0	0
0.226000	50.910216	576	688	3058	577	2	0	2	0
0.071000	54.424259	115	261	1102	116	0	0	0	0
0.103000	61.152946	223	372	1598	224	1	0	1	0
0.058000	57.706152	99	236	992	100	0	0	0	0
0.175000	54.841804	513	629	2892	514	6	1	5	0
0.116000	59.641062	353	466	1916	354	2	0	2	0
1.874000	58.153541	642	754	3562	643	6	1	5	0
0.068000	60.990966	137	273	1109	138	2	0	2	0
0.094000	59.896599	130	296	1229	131	1	1	0	0
0.086000	57.300072	135	288	1229	136	1	0	1	0
0.255000	57.435868	577	713	3941	578	4	2	2	0
0.060000	60.016664	99	245	1015	100	0	0	0	0
0.118000	61.029648	170	336	1512	171	1	0	1	0
0.142000	62.698291	343	462	2149	344	2	0	2	0
0.108000	63.853721	326	447	2106	327	1	0	1	0
0.057000	65.192024	69	255	932	70	0	0	0	0
0.411000	59.004442	1071	1216	6062	1072	4	1	3	0
0.769000	61.177511	322	467	2342	323	2	1	1	0
0.066000	61.522354	95	239	1009	96	0	0	0	0
0.373000	60.528313	969	1097	5963	970	4	0	3	1
0.303000	59.939280	711	848	3937	712	2	0	2	0
0.137000	62.401618	428	572	2289	429	4	0	4	0
0.140000	67.283776	330	442	2192	331	5	0	5	0
0.081000	63.788714	135	295	1315	136	0	0	0	0
0.137000	63.193112	416	559	2262	417	3	0	3	0
0.166000	64.467080	390	537	2413	391	2	0	2	0
0.090000	66.732605	246	382	1666	247	1	0	1	0
0.154000	65.686720	472	628	2830	473	2	0	2	0
0.091000	64.792164	202	362	1519	203	3	0	3	0
0.042000	71.028163	71	221	936	72	0	0	0	0
0.353000	67.868843	692	844	4597	693	1	0	1	0
0.080000	66.491377	212	313	1603	213	3	0	3	0
0.130000	69.478379	320	441	2200	321	3	2	1	0
0.111000	71.224146	286	444	1855	287	2	0	2	0
0.428000	66.193690	1225	1409	7013	1226	4	1	3	0
0.060000	66.256320	867	1013	5077	868	6	1	5	0
0.000000	69.507122	167	348	1554	168	1	0	1	0
0.075000	71.021124	124	323	1337	125	0	0	0	0
0.279000	68.939530	784	916	5103	785	3	1	2	0
0.304000	67.782808	898	1056	5104	899	4	0	4	0
0.324000	69.563835	998	1191	5693	999	2	0	2	0
0.138000	68.046955	341	510	2262	342	2	0	2	0
0.168000	72.779704	434	565	3012	435	4	1	3	0
0.609000	71.717301	1600	1835	10343	1601	7	3	4	0
0.236000	71.407929	645	806	4022	646	9	2	7	0
0.132000	74.725775	371	517	2475	372	2	1	1	0
0.111000	72.125584	299	467	1998	300	2	0	2	0
0.170000	72.860028	342	534	2746	343	2	0	2	0
0.191000	77.610767	564	708	3365	565	3	0	3	0
0.555000	70.601386	1567	1784	9204	1568	4	0	4	0
0.487000	71.897034	183	369	1707	184	2	0	2	0
0.077000	74.518454	91	305	1138	92	0	0	0	0
0.150000	75.784061	364	499	2510	365	3	0	3	0
0.116000	74.589374	292	431	2066	293	6	1	5	0
0.220000	76.063679	544	708	3422	545	2	0	2	0
0.187000	76.394741	561	734	3449	562	2	0	2	0
0.380000	74.211900	1074	1256	6569	1075	8	3	5	0
0.098000	80.386830	169	390	1785	170	2	0	2	0
0.534000	74.048286	1322	1513	7863	1323	4	0	4	0
0.859000	75.612708	2205	2378	13423	2206	7	0	7	0
0.215000	77.242181	557	718	3854	558	2	0	2	0
0.077000	76.076843	145	351	1494	146	2	1	1	0
0.177000	84.066144	352	543	2917	353	1	0	1	0
0.406000	78.341371	1756	1999	11552	1757	5	0	5	0
0.439000	82.800300	489	670	2866	490	4	1	3	0
0.220000	82.129336	469	658	3100	470	3	0	3	0
0.181000	80.856600	487	673	2857	488	3	0	3	0
0.845000	79.046509	2179	2466	13575	2180	6	0	6	0
0.209000	82.008974	562	752	3475	563	3	0	3	0
0.109000	83.207956	252	445	1971	253	2	0	2	0
0.176000	80.605855	445	632	3345	446	2	1	1	0
0.145000	80.425896	1143	1349	6314	1144	4	1	3	0
0.189000	82.281416	403	553	2836	404	3	2	1	0
0.293000	83.956520	814	924	4800	815	7	0	7	0
0.256000	86.417464	776	963	5465	777	2	0	2	0
1.184000	80.827653	2088	2342	13647	2089	4	0	4	0
0.356000	84.228230	818	970	4506	819	4	0	4	0
0.241000	83.962477	628	822	3925	629	10	4	6	0
1.099000	83.366562	2356	2665	14886	2357	6	0	6	0
0.299000	82.231193	803	986	4771	804	7	1	6	0
0.183000	84.946969	456	634	3284	457	1	0	1	0
0.305000	85.007373	692	879	5026	693	2	1	1	0
0.136000	89.600518	310	459	2396	311	1	0	1	0
0.117000	87.417098	320	480	2474	321	2	0	1	1
0.288000	88.024955	792	882	4559	793	9	0	9	0
0.166000	89.243110	375	596	2641	376	3	1	2	0
0.000000	86.531376	1217	1501	7470	1218	6	0	6	0
0.149000	91.530385	428	628	2650	429	4	0	4	0
0.149000	88.001426	359	562	2615	360	4	0	4	0
0.196000	88.557335	556	735	3442	557	3	0	3	0
0.509000	85.680291	1551	1834	9542	1552	5	0	5	0
0.180000	86.798179	511	715	3044	512	3	0	3	0
0.142000	93.282529	354	537	2887	355	5	1	4	0
0.195000	88.725770	547	673	3403	548	8	0	7	1
0.120000	91.782351	196	418	2022	197	0	0	0	0
1.751000	95.132776	2764	2999	18706	2765	4	0	4	0
0.352000	89.448835	906	1088	6262	907	2	0	2	0
0.457000	90.031738	1251	1437	8479	1252	3	0	3	0
0.139000	94.750523	330	511	2405	331	3	0	3	0
0.415000	90.252295	1180	1394	7468	1181	10	3	7	0
0.769000	91.395725	2138	2379	13335	2139	4	0	4	0
0.128000	90.556076	276	495	2517	277	2	1	1	0
0.767000	96.464761	1787	1990	12594	1788	2	0	2	0
0.128000	97.610239	296	511	2637	297	1	0	1	0
0.220000	95.044767	592	795	3801	593	3	0	3	0
0.323000	93.528205	954	1208	5818	955	3	0	3	0
0.581000	94.083848	1525	1795	9465	1526	4	1	3	0
0.162000	97.131155	429	611	2951	430	2	0	2	0
0.346000	96.351805	905	1090	6223	906	4	1	3	0
0.730000	94.789305	2067	2319	12945	2068	4	0	4	0
0.197000	93.702301	317	541	2795	318	3	0	2	1
0.374000	98.097909	956	1137	5264	957	4	0	4	0
0.149000	99.113129	363	554	2992	364	5	0	4	1
0.090000	102.440307	235	433	2169	236	2	1	1	0
1.179000	96.175200	2927	3194	19758	2928	5	0	5	0
0.050000	97.853322	663	909	4169	664	5	1	4	0
0.229000	102.405793	714	880	4036	715	3	0	3	0
0.602000	97.538912	1467	1811	9615	1468	4	0	4	0
0.172000	102.513745	498	684	3408	499	4	0	4	0
0.322000	98.745128	939	1213	5775	940	3	0	3	0
2.061000	98.957197	3447	3639	20381	3448	6	0	6	0
0.815000	97.829966	2214	2432	13932	2215	5	1	4	0
0.241000	103.894178	632	823	4625	633	4	0	4	0
0.295000	102.616709	873	1016	5385	874	6	0	6	0
0.145000	101.651365	237	493	2397	238	0	0	0	0
1.249000	100.894734	3289	3572	22403	3290	4	0	4	0
0.990000	100.599234	2654	2953	17525	2655	5	0	5	0
0.213000	107.245585	599	774	3889	600	4	0	4	0
0.945000	103.437817	2489	2776	17398	2490	4	0	4	0
0.185000	103.452031	518	726	3468	519	3	0	3	0
0.210000	101.631960	1448	1645	10483	1449	4	0	4	0
0.455000	105.754183	1085	1301	7451	1086	4	0	3	1
0.456000	106.069378	1160	1244	6263	1161	6	0	6	0
0.096000	109.447115	220	432	2324	221	3	0	3	0
5.175000	109.549538	3707	3888	25123	3708	3	0	3	0
2.264000	109.371105	5500	5766	37896	5501	5	0	5	0
0.306000	106.370418	709	973	4556	710	4	1	3	0
1.669000	105.839046	3672	3987	24428	3673	4	0	4	0
0.611000	105.681530	1361	1627	8770	1362	9	2	7	0
0.556000	105.382809	1171	1411	7522	1172	4	0	4	0
0.330000	108.853064	840	1058	5767	841	4	1	3	0
0.674000	105.789095	1862	2101	12134	1863	7	1	6	0
0.693000	115.666837	1553	1739	11381	1554	6	2	4	0
0.373000	109.142275	665	926	5446	666	1	0	1	0
0.216000	110.926984	611	856	3902	612	5	1	3	1
1.781000	109.462764	3328	3705	22550	3329	4	0	4	0
0.553000	114.109243	1133	1363	6916	1134	7	3	4	0
1.075000	110.588144	2883	3162	18621	2884	4	0	4	0
0.945000	107.777379	2216	2395	15993	2217	4	0	3	1
1.008000	111.756299	3273	3503	20635	3274	4	1	3	0
1.547000	110.486634	3996	4241	25851	3997	5	1	4	0
2.199000	109.898886	4434	4702	28812	4435	3	0	3	0
0.404000	112.690292	927	1083	5534	928	4	0	4	0
0.719000	118.721422	1715	1916	12628	1716	5	0	5	0
0.200000	115.040453	744	977	4979	745	6	0	5	1
0.364000	115.658576	765	1012	5898	766	1	0	1	0
2.268000	113.626899	4415	4621	29905	4416	5	3	2	0
0.305000	112.663115	706	983	4627	707	3	0	3	0
0.698000	113.038110	1634	1968	10480	1635	3	0	3	0
1.646000	116.955682	3720	4044	25079	3721	5	2	3	0
0.283000	114.626506	542	783	4020	543	2	0	2	0
1.015000	112.350748	3025	3303	19565	3026	4	0	4	0
0.332000	117.496688	885	1037	5150	886	6	0	6	0
0.449000	122.131945	1131	1363	8634	1132	4	0	4	0
0.235000	118.453939	631	863	4876	632	7	2	3	2
0.185000	115.550268	471	722	3286	472	7	0	7	0
1.990000	118.409697	4123	4351	28952	4124	6	1	5	0
0.422000	117.119109	890	1174	6325	891	4	0	4	0
0.512000	121.748531	1232	1462	7827	1233	7	3	4	0
0.628000	121.483354	1682	1914	11010	1683	5	0	5	0
0.203000	118.440803	580	827	4028	581	2	0	2	0
1.089000	121.852042	2571	2839	16904	2572	4	0	4	0
0.243000	122.030713	620	864	4173	621	4	0	4	0
0.200000	120.798695	577	837	3899	578	4	0	4	0
0.323000	122.898482	796	1033	5594	797	8	2	6	0
0.446000	122.881423	1108	1311	6978	1109	7	0	7	0
0.282000	123.906607	650	914	4337	651	5	1	4	0
0.288000	126.128237	721	986	3985	722	3	0	3	0
0.500000	124.145187	1253	1513	8926	1254	4	1	3	0
0.649000	122.147417	1783	2125	11483	1784	5	1	4	0
0.332000	120.573467	901	1163	6092	902	5	2	3	0
0.864000	119.256494	2232	2600	15370	2233	5	0	5	0
0.447000	127.701683	1317	1476	7751	1318	9	1	8	0
0.490000	129.902111	1426	1656	10751	1427	4	0	4	0
0.000000	123.449300	964	1146	5835	965	3	0	3	0
0.208000	127.036657	522	778	3706	523	8	1	7	0
0.933000	127.470164	2191	2425	15701	2192	7	1	6	0
0.166000	127.459012	393	656	3412	394	3	1	2	0
1.867000	124.250278	3025	3318	20792	3026	7	0	7	0
0.331000	127.377144	1259	1542	9028	1260	4	0	4	0
0.925000	122.352037	2408	2799	16034	2409	4	1	3	0
1.499000	123.706257	4085	4248	26156	4086	5	0	4	1
0.338000	130.859598	1124	1385	8570	1125	5	1	4	0
0.197000	136.158292	702	1006	4027	703	3	0	3	0
0.313000	130.192716	859	1137	5965	860	6	2	4	0
0.577000	132.015382	1345	1643	9382	1346	8	3	5	0
0.553000	131.239170	1558	1842	10594	1559	4	0	4	0
1.543000	127.345802	3956	4323	28911	3957	5	1	4	0
1.469000	126.106329	2776	3166	18655	2777	6	1	5	0
1.819000	128.078453	3906	4222	26004	3907	5	1	4	0
0.529000	129.251957	1432	1706	10478	1433	4	0	3	1
1.427000	127.234153	4340	4542	27667	4341	6	1	5	0
0.244000	135.090748	655	951	4429	656	5	0	4	1
0.721000	133.512549	1790	2022	12950	1791	6	0	5	1
0.257000	130.749738	641	898	4958	642	4	2	2	0
0.269000	136.454114	701	976	5728	702	4	3	1	0
0.536000	135.169365	1483	1780	10084	1484	4	0	4	0
0.424000	132.314590	1139	1430	7969	1140	5	2	3	0
0.753000	134.069348	2435	2755	16069	2436	9	5	4	0
1.110000	131.185445	3001	3290	19564	3002	7	2	5	0
0.243000	130.241796	507	816	4426	508	3	0	2	1
0.515000	131.691156	1330	1608	9010	1331	2	0	2	0
1.198000	137.202097	3105	3299	20825	3106	6	0	6	0
0.361000	132.673823	1058	1247	6256	1059	4	0	4	0
0.953000	137.564613	1183	1437	8513	1184	8	1	7	0
0.660000	140.245713	1610	1868	11876	1611	6	0	6	0
0.146000	136.201601	1441	1611	8447	1442	7	2	5	0
0.272000	137.569635	664	934	5152	665	3	2	1	0
0.715000	138.003753	1674	1987	12562	1675	4	1	3	0
3.531000	137.505504	8150	8606	60615	8151	8	0	8	0
0.420000	142.909737	1232	1522	7667	1233	4	0	4	0
0.720000	141.188875	1884	2186	13900	1885	4	1	3	0
1.475000	141.049975	2640	2848	18495	2641	10	3	6	1
1.090000	138.503246	2671	2870	18470	2672	6	0	6	0
1.028000	141.959206	2642	2869	18528	2643	7	0	6	1
0.125000	145.469119	319	591	3034	320	2	1	1	0
2.119000	137.710375	5396	5715	37808	5397	8	2	5	1
0.278000	143.632920	614	924	4393	615	5	1	4	0
0.687000	140.606029	1469	1781	11234	1470	5	1	4	0
4.025000	143.292111	9375	9812	69549	9376	7	1	6	0
0.781000	142.527796	2080	2530	14798	2081	4	0	4	0
0.554000	142.494728	1506	1829	10315	1507	4	0	4	0
0.328000	142.614717	981	1218	6221	982	7	1	5	1
0.347000	144.148084	1034	1280	6638	1035	8	1	6	1
0.251000	147.231776	673	1004	4663	674	5	0	4	1
0.782000	149.892594	2148	2403	15705	2149	3	0	3	0
0.997000	142.497004	3287	3506	22606	3288	7	1	6	0
0.560000	145.010970	1417	1721	10595	1418	5	0	4	1
0.233000	143.951298	593	912	4456	594	9	1	8	0
1.007000	142.482522	1675	1973	11721	1676	5	0	5	0
1.161000	142.483361	2681	3112	19121	2682	4	0	4	0
1.166000	144.418541	3083	3452	22940	3084	6	1	5	0
0.782000	147.583389	2837	3093	19628	2838	6	1	5	0
0.258000	151.045516	656	968	4775	657	5	0	5	0
0.332000	146.741231	741	1011	5802	742	6	2	2	2
0.169000	149.798752	371	668	3609	372	4	1	3	0
0.395000	151.584848	996	1335	6310	997	4	1	3	0
0.840000	151.984877	1954	2433	14984	1955	5	1	4	0
0.319000	149.975993	881	1211	6123	882	5	0	5	0
2.002000	149.591203	4853	5279	35400	4854	5	0	5	0
0.632000	150.081096	1641	2002	11284	1642	5	0	5	0
1.359000	149.912897	3588	3995	26981	3589	6	1	5	0
0.360000	156.365169	913	1233	7856	914	5	3	2	0
0.406000	154.241703	1051	1365	8004	1052	7	1	6	0
0.288000	152.805714	763	1075	5859	764	7	1	6	0
0.278000	148.323783	727	1048	5623	728	9	1	8	0
1.012000	156.030385	1379	1697	10901	1380	4	2	2	0
1.559000	150.096325	3819	3953	25132	3820	11	2	9	0
1.530000	149.297888	3759	4141	27112	3760	5	0	5	0
0.482000	155.323606	2429	2763	18061	2430	5	2	3	0
1.353000	150.970556	3549	3949	25300	3550	6	0	6	0
2.198000	152.734254	3679	3966	24967	3680	3	0	3	0
0.384000	158.162456	951	1280	7087	952	8	1	7	0
0.425000	156.525357	1116	1426	8540	1117	7	1	6	0
0.223000	158.987475	512	825	4500	513	2	0	1	1
1.654000	157.628134	3479	3848	27320	3480	3	0	3	0
0.395000	155.807457	1031	1371	7502	1032	5	0	5	0
0.668000	155.475962	1274	1595	9483	1275	6	1	5	0
1.572000	157.164694	4981	5280	36485	4982	7	1	6	0
0.345000	157.873781	911	1242	7082	912	3	0	3	0
3.433000	159.657107	7102	7586	52446	7103	4	0	4	0
0.388000	155.012204	799	1203	7855	800	3	0	3	0
0.186000	168.309105	452	757	4007	453	3	2	1	0
0.102000	166.883741	393	709	3844	394	5	1	4	0
0.976000	163.781027	2507	2736	18061	2508	7	0	7	0
1.877000	158.701850	5819	6138	40639	5820	7	2	5	0
1.458000	164.777923	3790	4007	26034	3791	8	2	6	0
1.073000	161.856938	2230	2604	16622	2231	5	2	3	0
2.816000	160.519597	6795	7309	51487	6796	5	1	4	0
2.614000	157.522915	5752	6148	42735	5753	5	0	5	0
1.999000	158.849778	4426	4846	32159	4427	5	0	5	0
0.781000	161.073962	3269	3474	22733	3270	7	1	6	0
0.510000	164.358288	1281	1605	9769	1282	8	1	7	0
0.566000	168.287536	1515	1828	11521	1516	8	0	8	0
0.745000	167.248279	2031	2277	14666	2032	8	1	7	0
1.688000	161.741293	4485	4708	28510	4486	6	0	6	0
2.033000	164.379989	5247	5408	32003	5248	7	0	7	0
4.503000	163.824846	9099	9539	67676	9100	5	0	4	1
0.019000	162.658932	1014	1464	8310	1015	4	1	3	0
2.384000	162.399542	5953	6268	42031	5954	7	1	6	0
2.514000	164.561261	6472	6787	46699	6473	8	2	6	0
3.811000	164.426267	8615	9071	63825	8616	6	1	5	0
1.103000	172.012378	3152	3490	24090	3153	7	2	5	0
0.470000	164.158978	1274	1577	9883	1275	6	1	4	1
0.706000	170.324557	1925	2218	14516	1926	7	1	6	0
2.369000	169.144286	5554	5900	41419	5555	5	0	5	0
3.513000	172.182296	6424	6699	47907	6425	3	0	3	0
2.020000	168.023786	5105	5289	31587	5106	9	1	7	1
0.390000	167.774204	983	1360	7204	984	5	0	5	0
4.412000	168.172895	11363	11768	84910	11364	8	2	6	0
3.567000	168.417163	7429	7858	54931	7430	5	0	5	0
2.716000	167.987627	7641	8056	55522	7642	6	1	5	0
1.045000	175.005215	2952	3161	20209	2953	9	0	8	1
1.052000	170.344165	2007	2306	15298	2008	8	1	7	0
0.742000	170.388756	1755	2041	13356	1756	6	1	4	1
0.376000	173.004867	826	1178	7049	827	4	2	2	0
0.514000	174.286502	1275	1602	10876	1276	5	2	3	0
0.794000	170.808219	1960	2277	14536	1961	6	2	3	1
2.198000	172.302237	5186	5548	39116	5187	5	0	5	0
0.737000	172.195455	1920	2187	14347	1921	4	0	3	1
5.805000	170.590923	12200	12570	90554	12201	8	1	7	0
0.557000	169.789725	1306	1639	10330	1307	4	0	3	1
0.947000	177.262499	2324	2591	17002	2325	6	0	5	1
0.892000	179.241621	2334	2613	17197	2335	6	0	6	0
2.033000	176.059699	4862	5180	36295	4863	7	1	5	1
0.880000	176.390522	2126	2396	15897	2127	6	1	5	0
0.324000	175.609222	662	1008	5755	663	2	1	1	0
0.612000	177.855278	2670	2909	18660	2671	9	0	7	2
0.553000	176.024827	1244	1579	10906	1245	7	1	4	2
1.554000	175.805793	3859	4237	29609	3860	10	1	9	0
2.288000	172.515404	4431	4727	29812	4432	10	2	8	0
4.998000	177.377110	11828	12181	86998	11829	8	1	7	0
0.777000	179.787768	1946	2238	14289	1947	7	1	6	0
2.330000	182.563939	4177	4515	31525	4178	6	1	4	1
2.184000	180.285763	4928	5265	37398	4929	6	1	5	0
0.354000	178.909679	892	1272	6930	893	8	1	7	0
0.774000	179.240846	1949	2275	14473	1950	6	0	5	1
0.590000	178.241736	1487	1887	11605	1488	6	0	5	1
0.424000	181.001505	897	1254	7703	898	4	1	2	1
2.202000	180.850499	6114	6458	46430	6115	10	2	7	1
1.983000	181.130963	4490	4742	31822	4491	8	0	7	1
1.453000	175.573449	3676	3940	26641	3677	6	0	5	1
2.008000	185.287997	5256	5604	39756	5257	6	0	5	1
0.639000	180.596408	1648	2016	12208	1649	6	1	4	1
0.496000	185.187561	1203	1605	10789	1204	5	2	3	0
2.255000	186.505109	4255	4683	32953	4256	4	0	3	1
2.397000	186.787945	5716	5964	38909	5717	9	1	8	0
1.596000	183.425344	5045	5289	32030	5046	11	3	8	0
2.033000	182.900191	3466	3772	26012	3467	5	2	3	0
0.885000	182.809138	2869	3150	20589	2870	6	1	5	0
1.369000	178.714016	4086	4360	26026	4087	8	0	8	0
2.267000	183.467335	5429	5814	40822	5430	6	0	6	0
0.955000	192.862852	1409	1760	12101	1410	7	2	5	0
0.831000	185.636761	1753	2132	13280	1754	7	0	6	1
1.979000	188.547110	4675	5093	36776	4676	7	1	5	1
2.127000	188.783358	5515	5907	42088	5516	7	0	6	1
1.893000	185.325626	4985	5194	34183	4986	8	2	6	0
1.290000	184.930313	3454	3775	26716	3455	6	2	4	0
1.582000	183.390745	3920	4144	29587	3921	7	0	4	3
1.034000	186.648938	2582	2924	19532	2583	4	0	3	1
1.574000	189.051247	3962	4285	29391	3963	6	2	4	0
3.740000	188.490804	7292	7567	53370	7293	5	0	5	0
1.449000	192.912358	3964	4357	30790	3965	7	2	5	0
0.895000	193.204701	2700	3029	22202	2701	5	2	3	0
1.216000	194.589214	2955	3279	24907	2956	5	2	3	0
5.007000	194.034633	11360	11741	83347	11361	6	0	6	0
1.907000	187.858837	4698	4928	32475	4699	7	2	5	0
1.390000	187.900900	3363	3694	25045	3364	5	2	3	0
2.057000	190.222132	4761	5221	39319	4762	9	1	8	0
1.090000	193.623900	1771	2163	12821	1772	6	0	6	0
1.385000	191.502394	3342	3685	25159	3343	5	2	3	0
1.894000	187.874392	4352	4659	28442	4353	8	0	8	0
2.938000	197.676294	6485	6769	50194	6486	8	2	6	0
0.550000	194.896330	2220	2531	16789	2221	6	1	5	0
1.895000	198.805609	3251	3608	25840	3252	7	1	6	0
0.510000	195.920032	971	1381	8684	972	5	2	3	0
1.610000	198.751441	2496	2852	20519	2497	5	2	3	0
3.383000	197.194285	6434	6805	49472	6435	6	1	4	1
1.601000	195.098533	3854	4295	29549	3855	4	0	3	1
1.732000	198.938787	4575	5006	35664	4576	6	1	4	1
0.559000	196.615683	1261	1702	11301	1262	4	2	2	0
3.704000	194.042222	7042	7353	51460	7043	3	0	3	0
0.343000	198.050283	676	1108	6505	677	4	1	3	0
1.995000	201.401796	4025	4367	31199	4026	7	0	7	0
1.834000	199.957033	4470	4674	27564	4471	9	0	8	1
0.590000	200.985989	1317	1740	11647	1318	7	3	4	0
5.588000	200.333606	11833	12207	86257	11834	4	0	4	0
3.045000	199.407184	8326	8680	59987	8327	5	0	5	0
5.792000	202.208729	12947	13289	94421	12948	6	0	6	0
4.276000	200.659353	10028	10422	75833	10029	8	0	7	1
2.719000	198.356224	5304	5940	43846	5305	6	0	6	0
1.933000	199.779908	4697	4978	32857	4698	8	1	6	1
0.965000	203.891888	3542	3918	28590	3543	4	0	4	0
0.665000	208.951405	1651	2033	14402	1652	8	3	4	1
4.208000	205.487035	8979	9334	68269	8980	7	1	6	0
2.041000	203.152993	5205	5445	32187	5206	11	0	10	1
0.332000	202.855376	699	1109	6411	700	7	1	4	2
4.231000	201.607429	8293	8657	59995	8294	3	0	3	0
4.304000	204.250419	8881	9238	62665	8882	10	0	9	1
2.056000	201.040355	4704	4970	32264	4705	7	2	5	0
1.551000	198.605844	4019	4377	30511	4020	6	2	4	0
2.941000	199.618673	6922	7171	47360	6923	7	0	6	1
1.038000	202.409068	3389	3756	22490	3390	6	0	6	0
2.418000	205.145951	6112	6406	44542	6113	6	1	5	0
2.043000	202.359823	3867	4219	28879	3868	6	2	4	0
3.079000	204.689535	6857	7218	47523	6858	8	0	8	0
2.346000	203.126011	5981	6272	44390	5982	6	1	5	0
3.307000	208.617721	7003	7440	48624	7004	8	1	7	0
4.444000	204.761256	9787	10156	70588	9788	10	1	9	0
1.915000	204.042600	4842	5162	33998	4843	9	0	8	1
3.899000	206.297431	8673	9114	63119	8674	9	1	8	0
4.167000	206.352449	10236	10655	80112	10237	8	0	8	0
2.760000	211.423273	6224	6672	47926	6225	9	1	8	0
6.599000	210.049016	11796	12224	93103	11797	8	1	7	0
4.515000	209.872214	10378	10770	76199	10379	9	1	7	1
5.198000	211.270547	10620	11065	84910	10621	7	1	6	0
4.413000	211.915445	11291	11612	78490	11292	8	0	7	1
3.161000	211.603057	8484	8865	57595	8485	8	0	7	1
2.935000	208.189914	6530	6745	43208	6531	8	2	6	0
4.392000	212.437982	11179	11548	78092	11180	8	1	7	0
4.315000	212.194061	10717	11128	81035	10718	6	1	5	0
5.028000	211.783658	10796	11186	81986	10797	9	0	9	0
0.540000	215.465797	1034	1483	9380	1035	6	0	4	2
0.489000	218.344918	1049	1487	9409	1050	4	0	3	1
1.249000	218.846751	2809	3222	23399	2810	6	3	3	0
6.381000	219.832004	14047	14345	102332	14048	7	0	7	0
4.216000	213.745387	10511	10950	77811	10512	9	1	8	0
4.953000	214.383470	10221	10717	82206	10222	7	1	6	0
4.632000	214.469503	11400	11738	79235	11401	9	0	8	1
3.920000	215.996212	10566	10901	72596	10567	8	0	7	1
2.976000	212.651464	5818	6007	38214	5819	10	1	9	0
4.675000	217.724825	11617	12017	88098	11618	6	1	5	0
6.674000	221.502293	12855	13197	95293	12856	7	0	7	0
1.396000	215.872609	3764	4100	31021	3765	6	2	4	0
2.136000	214.346049	3497	3907	27801	3498	6	0	4	2
4.556000	216.629099	9565	10107	77153	9566	7	1	6	0
5.093000	217.386602	12073	12509	95541	12074	8	1	7	0
7.860000	220.582144	16934	17213	131299	16935	8	0	8	0
1.350000	216.667257	3466	3870	25868	3467	6	0	5	1
2.945000	217.571112	6804	7102	45491	6805	6	0	4	2
5.154000	218.045579	12399	12773	88644	12400	10	1	9	0
6.320000	218.878408	13492	13810	98348	13493	10	1	9	0
0.981000	224.010353	2211	2642	19092	2212	5	1	4	0
6.024000	223.598660	13274	13600	98055	13275	7	0	7	0
2.427000	220.331984	5163	5375	39780	5164	8	2	6	0
3.874000	221.557157	9626	10076	70478	9627	9	0	8	1
7.162000	223.062420	16575	16920	130865	16576	8	1	7	0
4.113000	221.728784	10134	10462	70232	10135	11	0	10	1
5.303000	226.005254	12004	12362	82596	12005	9	0	8	1
3.094000	221.062392	8105	8493	54992	8106	9	0	8	1
2.410000	218.598305	6566	6808	41635	6567	8	1	5	2
3.726000	216.496215	6069	6395	40062	6070	6	0	4	2
6.587000	227.959994	13040	13375	96799	13041	10	1	9	0
7.756000	225.486392	16942	17264	133204	16943	8	1	7	0
2.201000	222.950422	4032	4466	31482	4033	5	0	3	2
1.822000	220.297286	4845	5155	31474	4846	7	1	5	1
2.652000	223.323784	6457	6778	42014	6458	6	1	5	0
2.645000	224.389820	6946	7248	45464	6947	8	3	5	0
2.663000	220.950930	6023	6367	39762	6024	6	0	5	1
5.616000	224.204697	13862	14223	102513	13863	7	1	5	1
5.307000	222.767425	10665	11111	78713	10666	9	1	8	0
7.321000	228.383566	16090	16490	126514	16091	8	0	8	0
4.685000	228.119306	11595	11946	79907	11596	9	0	8	1
4.638000	224.713557	10520	10862	71277	10521	8	1	6	1
2.700000	225.014725	6636	6955	43107	6637	6	1	5	0
3.485000	227.742463	9202	9654	66177	9203	9	1	8	0
5.470000	231.137777	12037	12439	86689	12038	9	1	8	0
5.705000	232.539531	13318	13650	98483	13319	7	1	6	0
2.366000	230.396496	6891	7153	43243	6892	10	1	9	0
2.971000	228.006156	6141	6345	45663	6142	9	2	7	0
2.342000	225.447668	5990	6360	41264	5991	9	1	8	0
2.835000	226.389970	7798	8301	56502	7799	9	1	8	0
1.085000	234.896202	2403	2841	20903	2404	8	1	7	0
7.298000	237.623661	15480	15842	112530	15481	6	0	6	0
6.990000	237.508727	16118	16412	117533	16119	10	0	10	0
5.269000	234.302818	11933	12293	83751	11934	11	0	10	1
3.952000	232.172278	9929	10302	68767	9930	11	1	9	1
5.370000	232.398702	13552	13885	92886	13553	8	0	7	1
4.325000	232.717132	11224	11593	75544	11225	10	0	8	2
5.726000	232.108702	12388	12777	89484	12389	9	1	8	0
7.599000	233.022305	16948	17273	133618	16949	8	1	7	0
6.145000	236.372051	14368	14707	104937	14369	6	0	6	0
4.066000	236.987682	9148	9725	73481	9149	6	0	5	1
2.986000	236.855577	6760	7039	41449	6761	11	2	9	0
5.570000	236.194426	12052	12523	93315	12053	10	1	9	0
6.067000	239.043322	13571	13936	100493	13572	8	0	8	0
4.537000	237.119321	10693	11164	78582	10694	9	0	9	0
3.732000	234.746767	8186	8770	65394	8187	7	1	6	0
1.890000	232.975113	4368	4722	35241	4369	6	2	4	0
5.337000	235.691468	11348	11731	76204	11349	10	0	7	3
6.055000	238.727300	13181	13802	103963	13182	7	1	6	0
2.198000	233.749612	5256	5526	32477	5257	9	1	8	0
1.322000	246.652942	2937	3516	25765	2938	6	1	5	0
6.756000	242.471093	15744	16077	113714	15745	11	0	11	0
6.868000	242.110555	15216	15520	108291	15217	10	0	10	0
3.010000	241.583357	7622	7880	54613	7623	9	2	6	1
4.348000	242.309227	11522	11928	79321	11523	11	0	10	1
6.200000	245.291167	13767	14135	94396	13768	9	0	8	1
1.795000	237.097525	4966	5247	30797	4967	9	1	8	0
5.163000	242.383114	12322	12694	86576	12323	13	0	12	1
4.538000	238.255485	11628	12025	79105	11629	8	0	7	1
5.177000	239.553294	12425	12808	83988	12426	9	0	8	1
2.475000	242.090432	6362	6586	47005	6363	10	4	6	0
3.153000	245.655487	7226	7483	51959	7227	9	2	7	0
4.295000	246.520465	10604	10997	73599	10605	10	0	9	1
2.599000	240.152610	7129	7424	44643	7130	12	1	9	2
6.751000	241.552272	14291	14805	109283	14292	8	1	7	0
8.543000	244.713735	17208	17596	134132	17209	6	1	5	0
7.503000	244.882060	16805	17102	121493	16806	11	0	11	0
3.941000	243.613431	7710	8010	55511	7711	9	1	7	1
7.758000	245.917131	13210	13608	97034	13211	9	0	9	0
8.326000	247.231407	14339	14679	106178	14340	8	0	7	1
7.497000	249.981104	14397	14748	107807	14398	9	0	9	0
8.090000	247.183154	15029	15625	119980	15030	7	0	7	0
5.008000	250.693590	10631	11025	73075	10632	10	2	7	1
4.756000	247.131985	12011	12425	80712	12012	11	3	7	1
5.351000	245.624929	10713	11109	71570	10714	11	3	7	1
3.966000	245.173349	9561	9965	63771	9562	10	1	8	1
3.712000	245.271867	8204	8507	59283	8205	10	1	8	1
8.352000	250.696057	18053	18263	137194	18054	8	0	8	0
6.608000	248.911728	16548	16855	117291	16549	10	0	10	0
6.125000	248.092205	12881	13552	102588	12882	7	0	7	0
20.290000	253.524411	14536	14818	103543	14537	13	0	13	0
8.313000	251.967419	12941	13333	91151	12942	12	0	11	1
13.176000	254.229262	12367	12781	85668	12368	11	0	10	1
7.359000	253.486649	11710	12124	81162	11711	12	0	11	1
4.799000	252.275775	11888	12316	82029	11889	10	0	9	1
5.872000	250.658623	11271	11633	79253	11272	11	0	10	1
3.921000	249.557875	9329	9787	63376	9330	11	0	10	1
7.874000	255.325994	14988	15483	119509	14989	7	2	5	0
3.452000	252.176024	7051	7302	50779	7052	9	2	6	1
11.019000	252.118128	17163	17541	138131	17164	9	1	8	0
2.882000	259.744909	6765	7210	55710	6766	9	2	7	0
8.139000	257.788816	17132	17442	119847	17133	10	0	10	0
6.095000	255.087335	13121	13504	92309	13122	12	0	11	1
5.132000	257.077742	12024	12463	82469	12025	9	1	7	1
10.670000	253.866992	12079	12499	80472	12080	9	2	6	1
9.569000	253.101512	5510	5832	33717	5511	10	2	8	0
7.577000	254.701404	8193	8690	60223	8194	9	1	7	1
7.951000	253.893342	9580	10104	71963	9581	10	1	9	0
19.422000	253.129931	17940	18172	139977	17941	8	1	7	0
4.607000	254.958897	10868	11270	75119	10869	11	0	10	1
4.868000	265.335168	9334	9722	75536	9335	12	3	9	0
3.232000	259.340907	8326	8658	59170	8327	9	2	7	0
5.610000	261.027669	11617	11986	81638	11618	12	0	11	1
4.366000	256.377835	9179	9455	67771	9180	10	1	9	0
5.077000	257.104449	11225	11686	85361	11226	9	1	8	0
2.723000	258.572691	7457	7713	54555	7458	12	3	9	0
4.856000	261.235897	10009	10494	69659	10010	10	0	9	1
3.500000	258.325053	8087	8392	51394	8088	10	2	7	1
3.923000	260.020167	10458	10895	72754	10459	11	1	9	1
4.421000	258.370948	7995	8327	57729	7996	9	2	7	0
7.247000	263.426849	15073	15372	108331	15074	14	0	14	0
8.753000	266.712385	16509	16858	115924	16510	10	0	10	0
3.194000	261.235883	8010	8339	57399	8011	9	2	7	0
3.891000	260.574851	9607	10089	64949	9608	11	0	10	1
4.105000	260.483766	9532	9984	64165	9533	13	1	10	2
3.416000	262.041930	8084	8458	58517	8085	9	1	7	1
4.893000	259.737334	10680	11198	81394	10681	10	1	9	0
3.808000	262.687452	9354	9688	66162	9355	10	2	7	1
6.648000	267.402684	15589	15859	112288	15590	13	0	13	0
8.590000	261.341199	18071	18295	139396	18072	8	1	7	0
3.976000	270.154667	7613	8076	63032	7614	8	1	7	0
4.917000	266.444142	12208	12610	86526	12209	13	0	12	1
4.442000	263.363834	10086	10639	77153	10087	9	1	7	1
3.236000	267.698186	9950	10427	68695	9951	10	0	9	1
4.137000	265.062700	8429	8776	59895	8430	10	2	7	1
6.424000	267.961440	16075	16570	127669	16076	11	2	9	0
8.898000	267.954869	18266	18671	146045	18267	11	2	9	0
6.365000	268.216149	15532	15810	110653	15533	13	0	13	0
3.000000	267.572302	7491	7811	54368	7492	10	2	8	0
3.336000	266.710929	7927	8173	57709	7928	12	3	9	0
5.096000	274.028108	10663	11142	86047	10664	11	1	8	2
4.288000	273.694474	8538	9009	69741	8539	10	1	9	0
6.140000	271.277128	14342	14684	101041	14343	12	0	11	1
4.742000	271.019051	10048	10517	68215	10049	12	1	10	1
5.143000	272.083277	12720	13186	89448	12721	13	0	11	2
4.272000	269.123362	9003	9366	63628	9004	10	2	7	1
4.234000	268.836362	9120	9414	66915	9121	10	2	7	1
3.298000	271.449450	7142	7444	52477	7143	11	3	8	0
2.836000	269.542331	7137	7441	52381	7138	11	3	8	0
2.365000	270.853464	7205	7502	52742	7206	10	3	6	1
5.660000	274.914143	10269	10721	83520	10270	7	1	6	0
4.243000	275.850954	8389	8890	67508	8390	11	2	9	0
9.249000	276.924004	18672	18998	145445	18673	11	1	10	0
7.309000	274.540704	15511	15797	111169	15512	13	0	13	0
3.273000	269.286827	8849	9161	64962	8850	10	1	8	1
4.793000	273.082055	9498	9877	67181	9499	10	2	7	1
9.203000	277.089712	18262	18602	141356	18263	10	0	10	0
6.248000	279.107779	13697	14126	97276	13698	12	0	11	1
4.292000	272.894195	8456	8685	62365	8457	12	2	10	0
3.817000	274.301593	8759	8963	64649	8760	13	3	10	0
7.936000	284.105268	13944	14264	111948	13945	8	1	7	0
6.752000	284.462074	15204	15502	119269	15205	12	2	10	0
4.910000	279.487334	9454	9997	77584	9455	9	0	8	1
4.910000	280.287266	11209	11660	90934	11210	8	2	6	0
3.053000	279.049935	7596	7917	55718	7597	11	3	8	0
3.597000	278.515872	8039	8323	59455	8040	12	4	8	0
3.501000	280.330554	8690	8923	64684	8691	12	2	10	0
2.810000	279.027307	7602	7965	56180	7603	11	3	8	0
2.728000	278.021153	7959	8277	58736	7960	12	4	8	0
6.787000	280.241641	12406	12882	99735	12407	9	0	9	0
6.039000	282.995722	12460	12889	100615	12461	8	1	7	0
6.755000	286.717187	15245	15541	119113	15246	12	0	11	1
6.509000	284.088884	12042	12550	97414	12043	11	0	11	0
8.429000	286.921893	16440	16778	127310	16441	10	0	10	0
8.989000	285.665518	18355	18735	142116	18356	10	0	10	0
3.917000	281.463689	8476	8712	63059	8477	12	2	10	0
2.831000	280.259313	7525	7836	54924	7526	11	3	8	0
2.698000	281.164771	8033	8398	57955	8034	11	2	8	1
9.460000	284.951262	19434	19664	152711	19435	12	0	11	1
3.575000	281.865287	7831	8159	57882	7832	11	3	8	0
4.672000	288.950380	9651	10225	78777	9652	11	2	9	0
6.205000	290.049714	14075	14392	113150	14076	10	2	8	0
4.572000	287.404605	8636	9111	70088	8637	13	2	11	0
7.677000	289.407114	16071	16387	124910	16072	9	0	8	1
3.259000	284.414647	8089	8465	58129	8090	11	2	8	1
8.198000	287.477362	18650	19018	146157	18651	10	1	9	0
10.010000	287.763048	18885	19209	148926	18886	11	2	9	0
4.664000	285.498968	8146	8442	60336	8147	12	4	8	0
10.265000	291.168807	18139	18346	139778	18140	10	2	8	0
4.717000	284.821970	8691	9154	71202	8692	13	1	12	0
4.185000	292.362590	8859	9321	72563	8860	12	0	10	2
8.140000	291.966359	16037	16347	124982	16038	13	2	11	0
8.558000	289.233763	18793	19130	146391	18794	11	0	11	0
3.450000	288.444335	8514	8766	63073	8515	12	2	10	0
3.225000	287.217756	8135	8443	60561	8136	12	4	8	0
6.784000	294.569995	14455	14793	113922	14456	11	0	11	0
6.626000	290.772307	14422	14718	113228	14423	12	0	12	0
6.374000	297.227255	15688	16019	121036	15689	9	1	8	0
5.458000	292.191013	10530	11064	86081	10531	9	2	7	0
6.692000	290.349793	12847	13265	102848	12848	8	0	8	0
5.235000	296.077256	10680	11246	86627	10681	13	3	9	1
6.859000	294.531417	12774	13204	102219	12775	8	0	8	0
5.767000	296.933068	13001	13420	103842	13002	9	0	9	0
6.546000	294.883490	13358	13756	107164	13359	10	1	7	2
6.606000	294.091050	12303	12784	100271	12304	10	1	9	0
5.917000	292.248730	13412	13815	106576	13413	12	0	12	0
7.152000	295.262774	13918	14306	110563	13919	10	0	10	0
8.812000	295.602962	18608	18819	141282	18609	10	0	9	1
5.695000	294.869928	13171	13642	105327	13172	9	2	7	0
8.124000	297.325418	17056	17335	129933	17057	9	0	8	1
7.266000	301.121924	14674	14990	114337	14675	10	0	10	0
7.645000	301.914978	17157	17467	131154	17158	11	0	11	0
5.469000	298.141547	12057	12558	98337	12058	10	3	7	0
6.030000	298.619129	12905	13351	103685	12906	8	2	6	0
6.128000	300.498662	14838	15187	115796	14839	9	1	8	0
6.662000	299.552440	14663	14980	114706	14664	11	0	11	0
6.551000	299.585721	15655	15948	120930	15656	12	1	11	0
5.751000	297.853595	11902	12424	97298	11903	12	1	9	2
6.947000	299.733079	14542	14849	113846	14543	12	0	12	0
5.929000	299.598385	14643	15018	114437	14644	9	0	9	0
6.988000	304.244092	13902	14289	109971	13903	9	0	9	0
8.306000	306.282358	18540	18757	138678	18541	11	0	10	1
7.366000	301.626265	13823	14208	109560	13824	12	0	12	0
8.205000	303.359703	18595	18802	138513	18596	9	0	8	1
9.021000	302.885781	18523	18744	138195	18524	9	0	8	1
6.904000	298.291591	12736	13186	103405	12737	11	2	9	0
8.430000	305.475741	17941	18234	133688	17942	11	0	10	1
2.474000	303.721774	5665	6217	40772	5666	9	2	7	0
2.597000	305.415692	5866	6430	42256	5867	9	1	7	1
2.121000	304.221497	5066	5616	33545	5067	8	1	7	0
7.907000	307.057359	17351	17632	130876	17352	9	0	8	1
7.891000	308.162610	17936	18214	134299	17937	10	0	9	1
7.726000	304.349508	17155	17424	130606	17156	11	0	10	1
6.634000	304.440038	14181	14546	111828	14182	12	0	12	0
7.127000	309.069581	17007	17306	128439	17008	11	0	10	1
8.426000	308.609414	18550	18774	136974	18551	9	0	8	1
3.127000	311.530727	7575	8212	57284	7576	8	1	7	0
2.020000	309.392664	5676	6221	38392	5677	8	2	6	0
3.357000	308.668745	7026	7716	53020	7027	9	2	7	0
7.658000	306.776602	15204	15712	122404	15205	12	1	11	0
7.219000	314.253452	15706	16032	120714	15707	8	0	8	0
6.876000	312.375083	14248	14621	111801	14249	11	0	11	0
6.568000	313.945860	15580	15920	119670	15581	9	0	9	0
7.187000	311.244291	14539	14882	113681	14540	8	0	8	0
9.323000	311.827619	17312	17600	131001	17313	13	2	10	1
9.004000	309.381003	18935	19089	142957	18936	13	2	11	0
8.033000	311.758793	18889	19085	138717	18890	10	1	8	1
7.962000	315.055252	18702	18931	137377	18703	10	0	9	1
5.951000	308.966728	12728	13198	102436	12729	11	2	9	0
7.580000	312.098383	19066	19198	143954	19067	13	3	10	0
8.857000	314.131243	18068	18332	135172	18069	12	0	11	1
7.188000	314.679406	16643	16935	126623	16644	14	2	11	1
9.589000	316.090852	19110	19277	142235	19111	13	1	11	1
8.376000	316.760359	18339	18615	136068	18340	12	0	11	1
7.907000	313.842131	17530	17804	131622	17531	13	0	12	1
6.252000	311.057316	14234	14600	111987	14235	12	0	12	0
7.908000	317.816102	17379	17702	131530	17380	12	0	11	1
8.345000	316.040067	17868	18178	135983	17869	12	0	11	1
7.902000	314.701722	17572	17883	133305	17573	13	2	10	1
8.133000	314.924725	17332	17611	130532	17333	12	0	11	1
6.912000	317.878238	13944	14365	109968	13945	11	0	11	0
8.390000	320.128544	17067	17375	128739	17068	12	2	9	1
10.045000	319.372451	18249	18537	138928	18250	13	0	12	1
8.339000	314.639277	14974	15347	116192	14975	11	0	11	0
9.219000	318.172633	18651	18848	137908	18652	10	1	8	1
9.058000	320.889048	17429	17755	129504	17430	10	0	9	1
9.555000	319.551986	19011	19157	143359	19012	13	2	11	0
2.667000	319.312735	6402	7133	48581	6403	9	2	7	0
3.354000	316.666895	8204	8815	62427	8205	8	0	8	0
2.880000	318.546260	7968	8583	62214	7969	11	1	10	0
9.902000	320.980751	18708	18907	138230	18709	13	0	12	1
13.018000	326.373858	18719	18966	136504	18720	11	0	10	1
10.785000	325.820955	18666	18913	136252	18667	10	0	9	1
8.358000	320.717587	16798	17090	127042	16799	14	0	13	1
9.071000	322.355832	18943	19126	139509	18944	13	0	12	1
8.527000	320.459235	18483	18710	137427	18484	13	0	12	1
7.948000	322.192068	17901	18230	136114	17902	13	1	11	1
7.780000	326.035609	17394	17721	129274	17395	11	1	9	1
4.359000	322.853040	9937	10450	77033	9938	12	1	11	0
2.786000	323.338320	7018	7697	52002	7019	12	2	10	0
8.014000	326.527573	18225	18525	138734	18226	13	1	11	1
8.455000	325.596263	18484	18727	136200	18485	12	0	11	1
7.745000	325.953135	18347	18620	135518	18348	12	0	11	1
7.804000	323.565898	16996	17284	128226	16997	15	1	13	1
6.895000	321.004564	14327	14724	112478	14328	11	0	11	0
8.438000	329.019043	17356	17702	129845	17357	12	0	11	1
8.645000	327.836652	18579	18804	136207	18580	9	0	8	1
7.916000	327.088845	17491	17824	130079	17492	10	0	9	1
4.687000	330.712594	10136	10644	78422	10137	11	1	9	1
2.762000	326.815958	6303	6860	44422	6304	9	1	7	1
8.347000	332.882673	18351	18624	139329	18352	15	0	14	1
8.869000	331.287832	18969	19225	144872	18970	13	0	12	1
7.914000	333.581549	17456	17788	129767	17457	11	2	8	1
8.852000	331.591438	17918	18261	132573	17919	11	1	9	1
8.694000	327.560698	17900	18196	135848	17901	14	0	13	1
8.978000	331.953028	19086	19350	145853	19087	12	0	11	1
3.307000	333.325178	7640	8276	58167	7641	12	2	10	0
3.790000	330.656193	8900	9489	67416	8901	10	1	9	0
6.201000	327.401503	14723	15159	116002	14724	12	1	11	0
3.999000	329.504345	8500	9130	63704	8501	8	2	6	0
8.115000	338.687609	18698	18945	135506	18699	11	0	10	1
7.887000	333.842652	17922	18240	132167	17923	10	0	9	1
8.429000	337.399221	19363	19602	148006	19364	12	0	11	1
7.714000	336.243980	17353	17702	129329	17354	12	0	11	1
8.297000	335.832764	17595	17958	132362	17596	12	0	11	1
8.439000	337.052030	18232	18563	138828	18233	13	2	10	1
9.254000	332.380912	18344	18659	139754	18345	13	0	11	2
7.217000	334.731447	17117	17439	127866	17118	12	3	8	1
6.575000	330.634054	15294	15792	120222	15295	10	0	10	0
7.014000	332.546912	14286	14673	110996	14287	14	1	13	0
7.680000	338.470567	17501	17821	129428	17502	10	0	9	1
7.994000	339.955407	17228	17552	128773	17229	13	1	11	1
8.464000	337.764801	18250	18573	138798	18251	13	1	11	1
7.095000	338.857677	13878	14270	107459	13879	10	0	10	0
3.080000	337.104407	8503	9142	64105	8504	8	0	8	0
3.639000	339.442483	7874	8498	58307	7875	10	3	7	0
4.937000	335.588436	11937	12345	90951	11938	11	1	10	0
3.258000	340.515858	6972	7545	49137	6973	10	2	8	0
4.479000	337.875756	10463	10932	80006	10464	13	1	12	0
3.047000	340.999618	7488	8118	54930	7489	12	2	10	0
9.719000	342.012833	18457	18779	140665	18458	13	1	11	1
7.659000	344.552319	17321	17661	128555	17322	13	0	12	1
2.646000	342.152244	7021	7696	50547	7022	10	3	7	0
3.208000	343.000670	7879	8500	57990	7880	12	4	8	0
3.480000	343.490550	8599	9163	64650	8600	12	1	11	0
4.281000	341.385403	8682	9235	65433	8683	12	1	11	0
2.976000	343.275659	7550	8175	55315	7551	13	3	10	0
4.471000	343.082570	10535	11003	80009	10536	12	1	10	1
4.161000	340.232900	8400	9011	61903	8401	10	2	8	0
3.276000	342.483630	7668	8291	57159	7669	13	2	11	0
9.706000	346.599743	18353	18703	139328	18354	15	4	10	1
8.561000	345.051142	17909	18245	132049	17910	14	1	12	1
6.473000	343.517431	14213	14580	109496	14214	13	2	11	0
5.430000	346.030468	13298	13686	102359	13299	13	1	12	0
5.341000	344.089108	11489	11900	87967	11490	13	1	12	0
6.676000	346.133150	14915	15327	116074	14916	14	1	13	0
4.355000	346.341838	9678	10194	74105	9679	13	1	12	0
5.662000	344.725934	13172	13559	102635	13173	14	1	13	0
3.081000	345.624981	7668	8291	57418	7669	13	2	11	0
3.752000	344.614327	8652	9254	65328	8653	11	0	11	0
8.063000	350.022757	18266	18591	138358	18267	14	1	12	1
8.217000	349.158741	18352	18697	139753	18353	14	2	11	1
7.767000	346.293965	17796	18145	131175	17797	12	0	11	1
7.605000	347.993396	17735	18081	130213	17736	10	0	9	1
6.793000	346.032231	15895	16348	123543	15896	13	2	11	0
8.727000	345.806892	18212	18645	142335	18213	13	2	11	0
4.554000	348.338756	10911	11358	83822	10912	13	1	11	1
7.262000	347.656299	14834	15235	115241	14835	15	1	14	0
4.005000	350.300389	8194	8791	62552	8195	13	2	11	0
2.900000	348.497819	6803	7359	49543	6804	12	2	10	0
8.771000	349.447589	18492	18808	140493	18493	14	0	13	1
8.278000	350.004765	18700	19006	142207	18701	16	0	15	1
7.422000	350.852325	17540	17905	130970	17541	15	0	14	1
8.369000	355.889523	18180	18531	137234	18181	13	2	10	1
4.194000	352.549620	8653	9255	63834	8654	9	1	8	0
3.448000	353.359503	7358	8048	54702	7359	11	2	9	0
3.420000	354.528896	8796	9354	67273	8797	14	1	13	0
6.158000	350.879662	14241	14607	111194	14242	15	1	14	0
3.591000	357.281972	8276	8851	63258	8277	13	1	12	0

