0.016000	5.099020	5	21	40	32	0	0	0	0
0.010000	6.385165	6	25	50	40	1	0	1	0
0.006000	4.242641	3	18	18	21	0	0	0	0
0.008000	5.000000	6	22	27	35	1	0	1	0
0.007000	5.000000	5	16	19	23	1	0	1	0
0.009000	6.656854	6	25	46	35	1	0	0	1
0.009000	6.767829	7	27	40	40	1	0	1	0
0.007000	4.000000	4	18	27	27	0	0	0	0
0.006000	4.472136	4	17	29	24	0	0	0	0
0.005000	3.236068	3	15	18	20	1	0	1	0
0.008000	4.828427	7	19	23	31	3	0	3	0
0.010000	6.019765	10	27	49	48	2	0	2	0
0.010000	8.062258	8	30	62	51	0	0	0	0
0.014000	9.236068	14	41	90	70	2	0	2	0
0.013000	8.621233	12	35	77	63	2	0	2	0
0.014000	9.245165	13	33	75	62	2	0	2	0
0.009000	7.828427	9	29	53	46	3	0	2	1
0.013000	7.812559	15	38	75	69	3	0	3	0
0.011000	6.650282	12	31	57	52	2	0	2	0
0.013000	9.300563	11	36	79	57	3	0	3	0
0.021000	14.414214	22	54	128	106	3	0	3	0
0.017000	12.803264	16	48	115	85	2	0	1	1
0.023000	10.708204	27	55	139	111	2	0	2	0
0.021000	13.236068	18	50	123	97	1	1	0	0
0.018000	10.892922	21	51	124	89	4	0	4	0
0.029000	10.990705	47	75	219	162	4	0	4	0
0.022000	12.152982	30	54	149	112	5	0	5	0
0.015000	12.162278	21	43	92	83	3	0	3	0
0.022000	11.537319	37	57	144	124	3	0	3	0
0.030000	10.699597	44	69	180	154	4	0	4	0
0.022000	13.042019	25	54	129	108	4	1	3	0
0.033000	16.333231	37	76	227	162	2	0	2	0
0.029000	15.604339	41	62	176	138	4	0	3	1
0.026000	17.236068	27	65	187	139	1	1	0	0
0.055000	15.570276	86	124	369	301	5	0	5	0
0.062000	18.513233	96	143	505	333	2	1	1	0
0.037000	16.957417	50	90	258	186	5	1	3	1
0.042000	15.341660	55	98	359	239	4	0	4	0
0.043000	14.796691	72	101	346	236	4	0	4	0
0.059000	13.576491	93	134	432	332	5	0	5	0
0.036000	18.969501	48	82	219	188	3	0	3	0
0.038000	18.113122	58	93	304	209	8	0	6	2
0.040000	17.503938	56	100	334	222	4	0	4	0
0.054000	17.656104	85	118	384	293	6	0	6	0
0.033000	17.291268	49	80	184	173	6	0	6	0
0.040000	18.053212	68	97	252	214	4	0	4	0
0.049000	17.067020	71	111	399	252	5	0	5	0
0.072000	18.877054	123	164	545	407	7	0	7	0
0.025000	16.073950	26	67	181	129	5	0	4	1
0.036000	16.498474	52	88	216	190	6	0	6	0
0.052000	20.015340	79	121	400	288	8	0	8	0
0.053000	24.297232	73	127	465	296	5	0	4	1
0.074000	20.430241	57	110	325	234	6	0	5	1
0.034000	18.073856	39	85	229	164	5	0	5	0
0.067000	21.861875	106	139	441	343	6	0	6	0
0.036000	21.368629	56	98	299	219	6	0	5	1
0.083000	20.611938	145	200	794	486	7	0	7	0
0.049000	19.965542	76	113	363	259	6	0	6	0
0.042000	20.451308	62	108	340	244	4	0	4	0
0.078000	22.214999	131	165	641	437	5	0	5	0
0.079000	24.666309	123	175	680	431	5	0	4	1
0.053000	25.638311	72	128	432	288	6	0	5	1
0.145000	25.966401	286	345	1433	882	8	0	7	1
0.093000	23.874332	145	203	792	494	7	0	7	0
0.046000	25.242641	68	112	303	249	3	0	3	0
0.052000	22.009455	84	117	378	277	6	0	5	1
0.066000	23.011707	109	160	601	386	9	0	8	1
0.053000	23.487476	81	133	476	304	6	0	6	0
0.101000	25.355763	154	209	947	536	8	0	8	0
0.127000	25.761610	144	186	714	477	6	0	5	1
0.155000	28.375119	271	323	1203	853	7	0	6	1
0.106000	25.196698	191	238	947	571	6	0	5	1
0.065000	26.500998	105	143	511	351	7	0	7	0
0.177000	29.518041	315	387	1843	1030	9	0	8	1
0.088000	26.743903	156	195	725	485	11	0	11	0
0.129000	27.512156	216	273	1047	697	7	0	7	0
0.084000	26.687574	132	187	686	449	6	0	6	0
0.115000	27.368955	197	254	1108	644	10	0	9	1
0.052000	29.368908	68	125	460	280	5	1	4	0
0.052000	26.377277	88	129	337	299	6	0	6	0
0.111000	31.648978	191	248	1181	645	7	0	6	1
0.152000	30.908950	287	350	1378	904	8	0	8	0
0.108000	28.812719	186	240	877	598	9	1	8	0
0.108000	30.501356	201	248	847	639	6	0	5	1
0.066000	32.347957	103	145	526	344	7	0	7	0
0.064000	34.648816	92	157	621	377	5	0	5	0
0.130000	30.999472	225	298	1306	736	8	0	7	1
0.142000	30.174895	249	295	1242	774	10	0	9	1
0.072000	30.254978	122	162	480	388	8	0	8	0
0.098000	27.465035	161	217	955	535	8	1	5	2
0.204000	35.672069	370	447	1996	1157	10	0	9	1
0.154000	30.861151	283	342	1348	869	11	0	11	0
0.047000	34.895322	75	144	532	317	7	0	7	0
0.182000	39.494048	319	385	1883	987	6	2	4	0
0.226000	35.772574	416	463	2234	1245	8	0	8	0
0.145000	30.235540	254	315	1249	795	13	0	13	0
0.152000	33.000709	267	321	1511	838	10	0	9	1
0.102000	30.941549	176	224	845	557	13	0	13	0
0.092000	34.881993	147	219	894	521	10	0	10	0
0.081000	34.320130	133	180	781	437	8	0	8	0
0.154000	37.889204	258	329	1309	841	9	0	8	1
0.130000	38.893883	217	273	1150	689	12	0	11	1
0.240000	37.191039	430	503	2597	1371	11	1	10	0
0.151000	39.461355	247	334	1508	830	10	0	9	1
0.118000	39.615006	192	255	1031	636	8	0	8	0
0.194000	38.283747	366	432	2040	1114	11	0	11	0
0.246000	38.306213	432	517	2567	1332	8	0	8	0
0.128000	36.197884	214	267	1167	685	15	0	15	0
0.065000	37.888435	102	172	640	377	9	0	8	1
0.073000	38.834159	131	205	908	496	8	0	6	2
0.724000	39.832064	410	499	2396	1311	9	1	8	0
0.370000	41.831376	654	752	3504	1962	12	0	11	1
0.266000	41.155714	456	523	2270	1396	11	1	10	0
0.231000	42.230508	412	458	2180	1219	11	0	10	1
0.158000	40.213752	270	327	1314	842	11	0	10	1
0.157000	44.301756	262	321	1371	815	11	0	9	2
0.158000	41.550087	247	328	1604	842	8	0	7	1
0.339000	43.039602	579	650	3247	1739	11	0	11	0
0.135000	38.747536	233	288	1125	717	13	0	13	0
0.233000	38.366233	400	484	2181	1246	12	0	12	0
0.247000	45.442485	400	489	2694	1248	11	0	10	1
0.293000	46.426189	515	599	3074	1552	11	1	10	0
0.255000	45.862423	437	501	2134	1329	16	1	14	1
0.144000	45.569013	211	295	1140	741	9	0	9	0
0.444000	44.989006	787	878	4490	2381	10	0	10	0
0.210000	43.100101	374	437	1971	1170	14	0	13	1
0.290000	46.194347	531	607	2867	1568	11	0	11	0
0.242000	43.645731	296	364	1634	925	12	0	12	0
0.160000	43.037161	306	332	1244	861	14	0	14	0
0.347000	45.124829	606	684	3404	1859	11	0	10	1
0.270000	47.725429	448	520	2473	1398	9	0	8	1
0.453000	50.569355	823	901	4447	2444	8	0	8	0
0.345000	47.690058	618	711	3436	1865	7	0	7	0
0.302000	44.879123	542	581	2786	1586	14	0	13	1
0.372000	44.530676	651	754	4273	2027	15	0	15	0
0.223000	46.647559	391	462	2273	1206	9	0	9	0
0.251000	47.180328	463	537	2532	1371	14	0	13	1
0.369000	45.238090	658	774	4031	2018	12	0	12	0
0.207000	47.487117	359	428	2266	1114	12	0	11	1
0.175000	49.115646	312	384	1674	977	12	0	12	0
0.373000	49.376423	687	746	3502	2027	16	0	16	0
0.264000	53.482964	449	548	2847	1411	10	0	9	1
0.248000	46.796851	430	516	2521	1320	14	0	13	1
0.350000	50.543627	680	757	4015	2031	16	0	16	0
0.164000	52.733542	255	363	1806	908	11	0	9	2
0.275000	53.464046	484	581	2856	1507	14	0	14	0
0.164000	49.645347	286	349	1286	882	12	0	11	1
0.254000	50.551546	423	515	2607	1342	15	0	14	1
0.235000	53.004962	387	501	2668	1284	13	0	11	2
0.283000	51.973351	520	605	3193	1577	14	0	13	1
0.451000	56.033619	853	942	4570	2566	16	0	16	0
0.608000	54.174611	1107	1206	6727	3285	16	0	15	1
0.474000	52.253404	835	910	4422	2505	17	0	16	1
0.302000	52.597392	539	632	3308	1661	12	0	11	1
0.260000	53.464419	455	507	2443	1385	16	0	16	0
0.359000	53.673042	649	711	3724	1933	15	0	15	0
0.252000	53.480043	439	505	2254	1325	18	0	18	0
0.389000	50.649753	708	777	3937	2048	16	0	16	0
0.378000	53.801778	631	720	3202	1889	16	0	16	0
0.615000	54.489509	1090	1203	6759	3270	16	1	14	1
0.666000	58.507017	534	618	3172	1621	14	0	14	0
0.683000	56.341209	1191	1267	6721	3424	19	0	19	0
0.327000	56.266171	579	656	3530	1731	18	0	18	0
0.491000	54.257452	853	935	5161	2481	18	0	18	0
0.196000	58.548823	313	398	1780	989	17	0	15	2
0.396000	56.846778	685	824	4325	2128	17	0	15	2
0.548000	59.091195	952	1099	6164	2921	13	1	10	2
0.245000	57.454942	426	522	2307	1343	16	0	14	2
0.217000	53.926039	396	443	1507	1164	14	0	14	0
0.534000	58.338499	840	945	5390	2481	17	0	14	3
0.524000	61.921079	988	1056	5314	2872	20	0	19	1
0.465000	57.408809	831	914	5074	2482	13	0	13	0
0.364000	56.554358	665	756	4193	2001	17	0	16	1
0.287000	58.371985	460	567	2706	1458	16	0	15	1
0.652000	62.995111	746	821	4019	2159	15	1	13	1
0.376000	60.457447	634	738	3834	1975	20	0	18	2
0.315000	60.499870	555	644	3318	1666	17	0	16	1
0.632000	55.944592	846	920	4269	2426	20	1	18	1
0.405000	63.296266	734	861	4740	2249	15	0	14	1
0.340000	60.369932	616	701	3335	1833	21	0	19	2
0.497000	64.590757	884	975	5556	2626	21	0	21	0
0.641000	65.361057	1115	1244	7374	3312	14	0	13	1
0.314000	63.204230	543	643	3188	1668	20	0	19	1
0.252000	64.718501	473	529	2551	1393	14	0	12	2
0.572000	64.660410	880	991	5431	2591	18	0	15	3
0.795000	59.710775	1188	1312	6775	3466	18	0	18	0
0.372000	63.172350	692	770	3471	2003	16	0	16	0
0.332000	62.992324	580	664	3311	1787	15	1	12	2
0.435000	63.802669	774	899	4889	2386	13	0	13	0
0.737000	60.819841	1405	1524	7872	4084	18	0	17	1
0.550000	69.830643	920	1025	5966	2732	14	0	14	0
0.352000	68.914883	671	777	4279	2036	17	0	14	3
0.413000	67.539405	726	817	4401	2181	17	0	16	1
0.677000	68.691645	1052	1125	6810	3031	17	0	15	2
0.724000	66.862190	830	960	5004	2501	16	0	16	0
0.714000	67.589077	643	721	3864	1951	18	1	16	1
0.828000	69.411437	430	523	2711	1359	17	0	14	3
0.639000	68.407673	1124	1278	6747	3370	18	0	18	0
0.301000	69.000176	467	592	3233	1531	14	0	12	2
0.984000	69.883367	1708	1857	10842	5002	18	0	17	1
0.418000	72.906651	686	787	4699	2074	20	0	19	1
0.515000	73.868621	916	1018	5101	2731	19	0	19	0
0.635000	69.317878	1089	1166	6184	3127	19	0	19	0
0.380000	66.402527	617	723	3684	1899	20	0	20	0
1.179000	72.470992	2142	2280	12933	6200	19	0	18	1
0.441000	70.028634	757	875	4917	2301	24	0	22	2
0.393000	70.808872	664	745	3692	1963	17	0	16	1
0.483000	67.837561	860	946	5167	2648	20	0	19	1
0.331000	71.998704	599	692	2909	1797	19	2	17	0
0.559000	67.920509	1012	1103	5464	2952	16	0	16	0
0.391000	72.743375	680	767	4177	2020	22	0	19	3
0.323000	71.521607	550	647	3524	1690	16	0	16	0
0.326000	71.387561	557	661	2892	1724	19	0	19	0
0.572000	72.046793	1036	1140	6716	3104	22	1	20	1
0.496000	72.044922	825	975	5579	2525	24	0	24	0
0.584000	70.275958	983	1089	5433	2871	25	0	24	1
0.643000	71.109980	1140	1267	7332	3330	23	1	22	0
0.395000	75.746898	735	821	4137	2180	21	1	19	1
0.554000	76.725754	1007	1130	5180	2996	17	0	17	0
0.459000	72.343500	834	917	4996	2456	21	0	20	1
0.463000	78.470825	794	878	4791	2348	19	1	18	0
0.564000	79.261834	1007	1082	5377	2893	18	0	18	0
0.679000	80.427520	1126	1254	7550	3365	17	0	17	0
0.898000	75.538514	1181	1263	6008	3448	23	0	22	1
0.492000	78.986875	880	1026	5497	2663	23	0	20	3
1.184000	77.955302	1337	1465	9011	3982	18	0	17	1
0.505000	79.128504	882	1015	5234	2676	26	1	24	1
0.397000	75.536495	732	808	4363	2190	23	0	22	1
0.577000	75.308882	1060	1181	6889	3164	25	1	22	2
0.672000	77.888059	1263	1395	7577	3752	21	0	20	1
0.463000	81.754952	866	965	4892	2595	18	0	18	0
0.444000	82.109038	762	913	5285	2421	19	1	18	0
0.741000	79.574306	1292	1460	8526	3835	22	0	22	0
0.335000	79.297724	607	728	3120	1876	22	0	21	1
0.729000	84.042798	1345	1447	8457	3881	18	0	16	2
0.540000	80.309650	970	1082	5547	2929	22	0	22	0
0.992000	80.494346	1881	2026	11691	5514	26	2	23	1
0.875000	82.623293	1599	1722	9561	4705	22	0	20	2
0.672000	75.541127	1257	1365	7710	3683	21	0	21	0
0.697000	83.208541	1404	1475	7657	3977	19	0	18	1
1.808000	83.627990	2309	2493	14788	6753	26	1	24	1
0.851000	81.098337	1643	1765	10588	4733	24	1	22	1
0.511000	84.151221	885	1076	6133	2830	16	0	15	1
0.910000	84.391922	1675	1821	11459	4952	25	0	23	2
0.829000	79.192957	1581	1682	9286	4533	18	0	18	0
0.583000	82.709552	1098	1163	6050	3085	23	0	22	1
0.513000	84.403348	1007	1108	5891	2948	22	0	21	1
0.941000	83.255697	1929	2049	12508	5569	23	1	22	0
1.074000	89.054473	2037	2167	13016	5960	23	0	23	0
0.937000	84.524459	1757	1896	10983	5133	24	1	22	1
0.379000	85.429838	699	864	5101	2251	24	0	23	1
0.958000	87.511328	1986	2109	12777	5701	24	1	23	0
0.502000	84.640940	979	1052	4560	2804	25	0	24	1
1.379000	87.182452	1272	1398	7619	3782	23	0	23	0
0.864000	83.009413	1498	1596	8466	4369	28	0	28	0
0.691000	82.489871	1331	1464	8048	3875	25	0	24	1
0.941000	87.888950	1748	1869	11377	5143	21	0	20	1
1.040000	85.700081	1865	1984	12903	5387	20	0	20	0
0.695000	87.758637	1262	1391	8209	3758	23	0	22	1
0.872000	87.229690	1671	1787	10847	4870	22	0	22	0
1.132000	89.129581	2371	2479	14776	6846	24	0	24	0
0.656000	88.687031	775	882	4752	2316	23	0	23	0
2.054000	86.908608	1763	1894	11482	5119	22	0	19	3
0.992000	89.635719	1491	1623	9743	4394	23	1	20	2
1.111000	88.211023	1567	1709	9740	4648	32	0	28	4
0.959000	92.486978	1599	1763	9894	4783	23	0	21	2
1.221000	91.347588	1551	1687	10281	4614	23	0	21	2
1.093000	87.019793	1609	1695	10249	4544	30	1	28	1
0.741000	89.773331	1071	1160	5797	3094	24	0	21	3
1.409000	92.069727	2007	2143	13729	5834	24	0	23	1
1.546000	89.598350	2499	2602	15561	7162	27	0	26	1
1.461000	96.767204	2506	2646	13627	7244	25	1	23	1
0.885000	92.652383	1600	1715	9875	4688	23	1	20	2
1.547000	93.170396	2772	2924	16999	7901	21	0	19	2
0.812000	91.782683	1536	1616	8863	4413	28	0	28	0
0.607000	92.987627	957	1014	4645	2748	25	1	24	0
5.795000	96.352842	3501	3680	23266	10057	26	0	25	1
0.934000	95.348931	1766	1867	11339	5054	25	0	25	0
0.989000	93.111296	1901	2015	11084	5427	26	0	25	1
0.976000	96.025291	1748	1907	11583	5158	24	0	24	0
0.729000	97.485087	1260	1407	8957	3748	29	1	28	0
0.598000	93.190957	1086	1216	6800	3231	28	0	28	0
0.567000	96.934070	1074	1160	5752	3157	26	0	26	0
0.878000	93.023798	1586	1723	9306	4615	24	0	22	2
0.813000	92.380806	1587	1718	10005	4604	27	0	26	1
0.941000	94.384583	1733	1864	11651	5056	27	0	25	2
0.760000	96.122995	1563	1746	10280	4677	25	2	22	1
0.569000	91.992701	1004	1162	7071	3087	17	3	14	0
1.265000	94.509929	2538	2685	16551	7337	29	0	28	1
0.707000	96.091536	1519	1648	10576	4461	29	0	25	4
0.732000	96.977263	1331	1472	9194	4009	26	1	25	0
0.806000	100.697503	1506	1628	9837	4392	21	0	21	0
0.711000	99.012941	1308	1445	8064	3876	26	0	23	3
0.992000	101.966593	1910	2093	11325	5588	26	1	22	3
0.767000	97.800119	1376	1513	8453	4000	32	0	32	0
0.514000	100.771052	890	1035	5854	2764	25	1	23	1
0.603000	96.893955	1113	1225	6205	3254	25	0	24	1
0.587000	98.465976	1066	1249	6992	3221	22	0	21	1
1.341000	99.039098	2651	2747	16469	7493	28	0	27	1
1.151000	99.970531	2140	2368	14536	6324	26	1	24	1
0.834000	101.104028	1847	1971	11226	5305	25	0	24	1
1.142000	104.120274	2066	2306	13743	6218	30	0	30	0
1.598000	100.708393	3041	3209	18668	8731	30	0	29	1
1.190000	105.414714	2191	2348	14901	6359	25	0	24	1
0.794000	106.232471	1426	1557	8191	4236	27	0	24	3
1.501000	102.137806	2004	2110	11442	5770	31	1	30	0
1.022000	98.159851	898	979	4659	2585	28	0	27	1
1.326000	103.264138	1941	2066	11702	5540	29	1	28	0
1.084000	106.571132	2106	2182	12717	5963	21	0	18	3
1.013000	104.831669	1951	2080	11626	5700	26	0	24	2
1.244000	111.937130	2327	2489	15168	6835	26	1	25	0
1.256000	106.570153	2371	2494	15542	6823	25	1	23	1
1.527000	105.532790	2855	3030	18030	8245	30	1	29	0
1.103000	105.334925	2237	2377	15290	6509	29	0	26	3
3.357000	105.834829	3868	3996	24387	10998	29	1	28	0
2.123000	107.220306	3042	3181	19815	8733	35	0	35	0
2.176000	103.656786	2482	2679	16944	7206	32	0	31	1
2.010000	104.478556	2801	2972	19746	8183	28	0	28	0
2.397000	107.795973	3375	3542	22777	9744	27	0	23	4
1.283000	105.740851	1835	1941	12101	5317	29	0	29	0
2.382000	108.633189	3213	3435	21925	9374	27	1	24	2
0.697000	106.482350	1100	1221	6621	3289	30	0	30	0
1.104000	108.416065	1663	1885	12053	5051	29	2	27	0
1.338000	109.504272	2290	2450	15689	6776	32	0	30	2
0.632000	113.396735	1133	1308	7787	3448	24	0	18	6
0.750000	110.524103	1362	1487	8092	4006	33	0	32	1
1.322000	109.224892	2466	2588	16437	7073	26	1	23	2
1.300000	110.887196	2452	2648	18312	7220	30	0	29	1
1.015000	105.937952	1945	2041	10078	5537	33	0	33	0
1.113000	104.730167	2055	2262	13710	6042	31	0	29	2
1.077000	112.989313	2120	2223	13273	6143	31	1	30	0
0.654000	114.971567	1210	1344	7299	3564	29	1	25	3
1.066000	111.737972	1909	2094	12846	5741	29	1	26	2
1.371000	107.848406	2574	2693	15669	7387	31	0	31	0
1.225000	111.251394	2343	2429	13722	6650	32	0	31	1
1.699000	113.638064	3189	3295	21795	9084	32	1	31	0
0.906000	109.296647	1706	1847	11221	4996	31	0	30	1
0.880000	115.445549	1548	1704	10621	4656	30	1	27	2
1.024000	107.485680	1954	2064	12200	5675	29	0	28	1
1.384000	115.729484	2603	2793	18839	7645	31	1	28	2
0.958000	110.401371	1689	1875	10979	5008	32	1	28	3
1.628000	112.467558	3076	3272	19313	8922	33	0	31	2
1.584000	114.583552	2925	3110	21163	8456	33	0	32	1
1.709000	113.659539	3135	3300	22987	9004	31	0	30	1
1.139000	116.807324	2313	2488	15483	6807	27	1	25	1
1.089000	119.507154	1927	2139	12974	5757	30	1	28	1
1.162000	116.305967	2226	2324	13448	6377	30	0	28	2
1.127000	116.509014	2072	2281	14435	6084	29	0	25	4
1.324000	116.889369	2453	2650	17491	7228	34	2	30	2
1.285000	120.003881	2418	2621	14572	7104	30	0	29	1
1.723000	115.559110	3178	3340	20235	9129	29	0	29	0
1.441000	117.768441	2827	2950	17550	8064	38	0	37	1
0.803000	121.067827	1469	1660	9283	4465	34	2	31	1
1.339000	114.109793	2558	2700	14991	7316	29	0	29	0
1.469000	120.918132	2780	2925	19459	8059	32	0	31	1
0.798000	117.962923	1482	1617	8839	4373	32	0	29	3
1.698000	117.445213	3076	3292	21949	9023	31	0	31	0
0.892000	116.408436	1751	1829	10184	4937	29	0	28	1
0.979000	117.377079	1869	2003	11320	5349	34	1	31	2
0.862000	120.232526	1583	1712	9101	4643	32	0	32	0
1.572000	119.928950	2895	3049	18445	8268	33	0	33	0
1.109000	120.188267	2322	2426	12563	6757	36	0	35	1
1.044000	121.875550	2092	2207	11618	5967	34	0	32	2
1.539000	120.225167	2839	3027	18825	8188	35	0	34	1
1.027000	122.809534	1930	2060	11755	5524	33	0	31	2
1.571000	119.951103	2934	3069	17781	8353	36	0	35	1
0.873000	116.323626	1612	1756	11044	4707	34	0	29	5
0.824000	120.509260	1551	1660	8587	4540	36	0	34	2
1.872000	122.542169	3567	3764	26306	10213	30	1	26	3
1.358000	120.714961	2665	2750	16627	7558	33	1	31	1
2.416000	122.304320	4365	4574	31087	12593	36	1	34	1
1.300000	126.210559	2490	2601	16087	7159	33	1	29	3
1.473000	127.394431	2607	2802	18779	7715	27	0	26	1
2.360000	126.665704	4672	4890	30703	13373	37	0	35	2
1.917000	130.187886	3708	3840	23726	10521	33	0	32	1
1.951000	127.299826	3480	3656	23429	10001	33	1	31	1
1.426000	126.339339	2682	2817	16294	7714	39	0	34	5
1.221000	122.362922	2369	2524	14473	6819	38	0	37	1
1.139000	124.919013	2087	2247	14406	6116	34	1	33	0
1.408000	121.799544	2256	2335	13222	6431	41	0	40	1
2.950000	126.556859	3523	3644	22654	9978	37	1	35	1
1.395000	125.203568	2034	2172	12641	5831	35	0	34	1
1.883000	124.216386	2745	2908	16973	7918	42	0	41	1
1.224000	126.174086	1891	1969	9628	5326	33	1	31	1
1.210000	133.665209	1656	1848	11076	4954	31	1	29	1
1.299000	126.158234	2040	2176	11981	5923	38	0	37	1
2.952000	131.523457	4574	4856	34020	13241	35	0	32	3
1.355000	126.138657	2640	2760	14347	7438	39	1	38	0
1.329000	128.078755	2650	2741	15350	7515	32	2	29	1
2.160000	128.647603	4056	4215	25606	11646	36	0	36	0
1.492000	135.210646	2870	2998	17348	8128	34	1	32	1
1.709000	133.065720	3084	3229	20542	8828	36	1	32	3
2.161000	136.434283	4031	4189	26371	11591	36	0	35	1
1.894000	133.284068	3510	3704	22139	10068	37	0	35	2
1.451000	132.261408	2663	2825	18402	7707	35	1	33	1
1.032000	130.660681	2026	2180	11216	5874	41	0	39	2
1.099000	131.351743	2044	2175	12184	5916	35	0	33	2
1.388000	128.081291	2826	2966	19298	8144	40	1	38	1
1.598000	130.481463	2934	3104	20351	8360	41	1	37	3
2.254000	134.633567	3357	3508	23527	9561	34	2	32	0
2.446000	140.306614	2642	2835	17234	7770	38	0	36	2
3.430000	137.768770	4822	5064	32012	13903	32	1	30	1
2.402000	140.685544	4086	4288	30391	11776	35	1	33	1
3.012000	136.128730	5075	5219	35113	14329	41	1	39	1
2.727000	132.566827	4096	4329	27877	11846	37	0	36	1
1.446000	136.914965	2650	2814	16817	7639	38	0	37	1
1.336000	132.945254	2470	2575	15354	7037	38	1	37	0
1.721000	132.984238	3097	3238	22027	8816	38	2	36	0
1.982000	131.689267	3762	3924	21859	10730	40	0	40	0
1.156000	132.114133	2296	2525	15890	6772	39	0	38	1
1.724000	139.243226	3391	3519	21027	9584	36	0	35	1
1.124000	140.943997	2101	2281	13763	6146	38	1	34	3
2.109000	138.386914	3978	4140	25702	11380	42	0	42	0
1.726000	138.450583	3252	3471	24814	9544	42	0	39	3
1.100000	138.018251	2258	2420	15164	6511	45	1	42	2
5.691000	137.252228	3563	3793	25979	10319	41	1	40	0
2.097000	139.685290	2046	2151	12201	5843	33	0	33	0
1.982000	143.489802	3748	3908	25535	10700	34	0	31	3
1.503000	136.841758	2680	2860	17242	7767	35	1	33	1
2.671000	141.011577	5149	5284	34036	14624	40	1	38	1
2.373000	140.744448	4648	4776	27053	13032	41	0	40	1
1.312000	147.196410	2410	2602	16280	7038	36	1	34	1
1.124000	138.277533	2164	2245	12906	6101	35	1	32	2
1.554000	142.950734	2957	3054	19570	8386	37	1	33	3
2.728000	138.253280	5022	5256	34780	14425	50	2	46	2
3.446000	139.888004	3672	3829	24804	10437	47	1	45	1
1.815000	140.906870	3259	3493	24578	9442	34	0	34	0
1.579000	145.515930	2831	3036	19878	8290	36	0	33	3
2.458000	147.181870	4588	4798	32542	13196	37	0	33	4
1.563000	143.518287	2911	3103	21557	8489	40	0	37	3
2.463000	144.622650	4625	4797	30667	13265	39	0	39	0
2.103000	143.750306	3980	4126	25658	11334	36	2	33	1
1.528000	148.975547	2883	3091	19929	8393	37	1	35	1
2.094000	143.845539	4045	4195	25316	11535	37	0	36	1
2.792000	144.300757	4890	5061	30634	13875	41	0	41	0
2.543000	148.111439	3902	4174	29802	11427	37	1	35	1
1.897000	146.484617	2409	2650	18507	7162	42	0	40	2
2.437000	141.832142	3482	3645	22083	9900	38	0	37	1
2.041000	141.406499	3302	3489	21801	9592	48	2	43	3
2.037000	148.119480	3701	3881	23710	10597	38	0	35	3
3.466000	147.954548	6149	6354	42267	17642	42	1	41	0
2.632000	148.276552	4860	5019	35836	13764	42	0	40	2
1.155000	145.909287	2218	2317	13037	6280	36	1	33	2
2.434000	150.848613	4594	4884	32632	13424	43	0	41	2
1.829000	145.802922	3531	3641	21336	9977	41	0	40	1
2.109000	148.787835	3902	4036	25979	11087	41	1	40	0
2.960000	142.912292	5378	5565	37632	15293	48	0	47	1
2.811000	148.849593	5234	5425	36082	14780	40	0	39	1
2.260000	153.823223	4226	4406	27354	12148	33	0	32	1
1.542000	142.676280	3081	3172	16560	8713	38	0	37	1
2.238000	153.823618	4059	4241	25901	11712	46	2	42	2
1.790000	152.834505	3137	3341	20526	9154	38	0	35	3
1.983000	152.819286	3767	3967	24379	10856	41	0	37	4
3.522000	148.836081	6704	6891	44294	18898	39	0	38	1
1.826000	152.976529	3390	3566	21396	9745	44	1	43	0
1.762000	157.602644	3416	3585	22078	9838	41	0	36	5
1.784000	155.821392	3261	3394	19777	9280	46	1	41	4
2.578000	150.548101	4828	4984	34865	13672	41	0	39	2
1.148000	152.208554	2165	2328	13173	6329	47	0	44	3
1.969000	150.575162	3686	3805	22072	10528	40	2	36	2
2.741000	153.361357	4486	4663	27931	12718	39	0	39	0
2.414000	156.785213	4453	4629	30163	12763	42	0	40	2
3.016000	154.853361	5335	5488	35597	15189	42	0	42	0
4.190000	155.458935	7139	7312	46678	20151	39	0	38	1
1.988000	154.958936	3581	3798	24301	10390	45	0	43	2
3.058000	154.249318	5346	5577	37145	15359	42	0	37	5
3.166000	156.266376	5702	5970	44470	16466	37	1	32	4
3.768000	153.870308	6431	6664	46168	18301	43	0	43	0
3.392000	153.897029	6326	6510	41831	17817	40	0	40	0
2.655000	156.512711	4708	4858	27289	13346	38	0	38	0
1.810000	156.877520	3463	3525	21321	9706	48	1	44	3
1.607000	161.753134	2918	3093	17232	8405	35	1	33	1
1.762000	156.309496	3113	3349	21641	9167	41	0	38	3
2.478000	160.146803	4472	4649	28670	12770	46	0	43	3
1.946000	154.743623	3117	3274	19766	9038	43	0	43	0
2.189000	157.558372	3509	3725	23977	10149	40	0	39	1
2.617000	158.329601	4775	4945	30739	13611	44	2	41	1
3.994000	154.408367	5530	5687	38960	15715	53	0	51	2
2.233000	157.604022	3864	4004	25924	10936	41	0	40	1
3.005000	162.448960	5175	5354	37118	14737	37	3	34	0
2.245000	163.933957	4046	4216	27886	11572	44	1	42	1
3.203000	160.307223	6081	6245	40902	17244	46	0	45	1
3.021000	163.507840	5166	5373	36811	14885	48	0	46	2
2.828000	163.808881	4692	5004	37520	13661	47	2	40	5
5.411000	166.882061	9236	9494	62168	26163	43	0	40	3
2.123000	162.012295	3941	4150	27849	11355	43	2	40	1
1.704000	162.452454	3058	3264	20178	8851	48	0	43	5
4.815000	163.540514	8322	8513	54723	23482	50	2	47	1
2.581000	163.031770	4390	4613	33323	12708	40	0	39	1
3.503000	165.276956	4241	4489	28836	12290	46	1	44	1
3.173000	160.308737	5150	5313	35833	14691	44	1	43	0
1.853000	168.295107	3194	3378	21764	9195	36	0	35	1
2.363000	163.012170	4419	4599	28399	12558	46	0	46	0
3.651000	164.524593	6698	6870	44175	18947	50	0	47	3
1.670000	158.645319	3089	3237	20117	8819	50	0	48	2
3.280000	166.901542	5876	6069	42405	16766	44	1	41	2
2.714000	167.397373	4977	5120	35377	14115	41	1	37	3
1.691000	166.559563	3116	3287	19835	8869	51	2	45	4
3.919000	166.170062	6767	6984	48520	19314	44	1	41	2
1.930000	164.149517	3378	3573	21597	9772	42	0	41	1
4.921000	165.632764	8355	8533	61836	23616	49	0	44	5
6.375000	171.118032	8847	9128	61227	25197	43	0	41	2
3.130000	167.554917	5523	5729	39292	15747	48	1	44	3
2.857000	169.782665	4904	5124	33439	14073	47	1	45	1
3.756000	162.614937	6558	6757	45177	18723	47	0	46	1
2.387000	168.725057	3762	3901	23373	10656	49	0	48	1
3.042000	168.494774	5282	5539	39040	15216	44	0	41	3
3.190000	169.961474	5722	5903	38301	16213	43	1	41	1
2.685000	169.360265	4950	5133	32068	14078	44	1	40	3
3.633000	168.943093	6314	6526	41761	17893	45	0	43	2
2.475000	166.012693	4639	4845	34702	13266	57	0	54	3
2.906000	168.614402	5140	5362	33606	14657	46	1	43	2
4.539000	173.737533	6781	7028	50663	19292	45	0	41	4
3.146000	169.926116	5733	5923	39441	16428	45	0	44	1
2.473000	169.068313	4398	4601	30818	12533	50	1	49	0
3.031000	170.235340	5720	5870	39506	16321	51	0	48	3
2.846000	175.899800	5222	5504	39630	15053	46	0	45	1
3.018000	165.480643	5854	5985	38692	16400	45	0	43	2
5.218000	169.330959	6902	7069	46316	19440	49	0	49	0
3.087000	167.975647	4630	4879	33597	13398	46	0	45	1
4.033000	171.402510	5727	5930	41329	16259	51	1	47	3
3.104000	174.257448	4385	4547	29447	12432	44	0	41	3
3.922000	179.462967	5822	6031	43247	16601	47	1	44	2
4.369000	177.407608	7885	8061	56403	22355	46	1	41	4
2.184000	174.970036	3923	4231	26889	11457	47	0	45	2
2.473000	172.898522	4523	4761	32580	13044	46	0	44	2
2.622000	172.033431	4932	5074	32363	13821	45	1	42	2
4.665000	176.309463	5692	5861	35965	16111	47	0	46	1
3.467000	171.537566	4971	5139	34433	14114	50	0	48	2
4.078000	172.172056	4606	4725	28815	12901	47	0	46	1
4.696000	175.116147	6585	6727	49028	18681	52	0	49	3
2.943000	173.236168	4267	4427	27703	12178	52	0	52	0
3.765000	176.306776	6233	6410	43542	17659	59	0	58	1
3.490000	180.607551	6056	6319	47014	17365	49	2	44	3
1.936000	178.827938	3596	3748	20998	10255	51	1	49	1
2.836000	175.091830	5158	5417	38018	14880	47	0	44	3
2.262000	176.240604	4307	4537	28828	12401	53	1	51	1
2.016000	183.306773	3709	4044	25693	10926	45	0	42	3
3.665000	175.254286	6220	6459	42328	17702	44	0	43	1
4.577000	178.574299	8405	8600	62453	23741	48	1	47	0
1.515000	182.139555	2903	3056	18838	8360	37	2	33	2
3.255000	182.851829	5943	6120	42948	16889	47	0	45	2
2.265000	176.294247	4315	4399	24766	12143	51	0	50	1
2.571000	179.596585	5019	5143	31179	14172	56	0	56	0
3.947000	180.355343	7189	7420	53695	20513	54	1	51	2
3.059000	179.815917	5906	6028	36788	16598	51	0	51	0
2.605000	177.743455	4834	4983	31398	13735	53	1	50	2
2.767000	179.864406	5087	5236	33430	14320	47	1	45	1
3.425000	177.177723	6585	6775	43030	18620	51	0	51	0
1.922000	179.176670	3636	3754	20267	10315	51	1	49	1
5.101000	181.813012	8893	9168	65933	25257	51	0	51	0
1.299000	180.708944	2245	2418	14623	6604	47	1	42	4
2.084000	187.161557	3731	3984	28768	10834	41	0	39	2
2.355000	186.600876	4144	4415	30790	12066	51	1	44	6
2.140000	177.915692	4011	4203	27603	11514	59	0	58	1
5.171000	180.621183	9652	9861	70827	27263	53	0	49	4
3.486000	185.677011	6752	7013	49790	19295	51	0	50	1
3.862000	183.876204	6900	7151	49745	19540	45	1	42	2
3.966000	179.014960	7548	7738	51058	21357	55	0	53	2
3.058000	181.494376	5645	5860	41484	16054	51	0	47	4
3.678000	197.660035	6359	6514	49167	17990	50	4	45	1
3.198000	187.348665	5944	6089	41516	16783	53	0	50	3
1.947000	190.455344	3580	3778	25154	10337	41	2	37	2
4.059000	184.595880	7373	7603	50982	21034	58	0	58	0
5.959000	188.183516	7635	7787	50511	21537	52	0	50	2
3.869000	186.852702	5643	5844	35457	16033	51	0	49	2
7.506000	184.978680	9407	9602	61146	26394	48	0	45	3
3.895000	185.960782	5427	5651	40447	15543	54	3	49	2
6.664000	192.933978	10539	10800	75227	29808	52	1	49	2
2.604000	185.633424	4937	5124	30545	13968	53	0	51	2
5.107000	188.921163	9491	9720	70202	26733	54	0	52	2
3.616000	188.522095	6406	6712	45716	18435	57	1	55	1
4.915000	187.292209	9159	9305	64639	25770	50	0	48	2
2.693000	191.075952	4893	5184	35002	14103	50	0	46	4
5.844000	190.703390	9770	9998	62174	27622	49	0	49	0
5.293000	188.769479	9724	10034	67195	27674	52	1	50	1
7.451000	190.052301	9038	9254	65656	25484	51	1	47	3
4.341000	189.010745	6350	6527	41779	18007	57	0	56	1
2.820000	195.522005	4810	5029	31938	13842	53	1	51	1
4.229000	186.579909	7726	8011	52805	21934	55	0	54	1
4.228000	192.885202	8100	8283	61099	22795	51	0	49	2
7.359000	194.250371	8904	9213	67699	25292	54	2	49	3
3.549000	193.708754	5338	5524	33575	15175	49	0	48	1
3.084000	188.799130	5189	5427	33597	14813	55	1	53	1
5.252000	195.035618	9439	9699	66156	26830	48	1	45	2
2.954000	196.028612	5527	5744	37366	15718	51	0	49	2
2.992000	196.816362	5675	5906	36824	16299	58	1	56	1
4.037000	194.315562	7647	7861	50773	21599	60	0	56	4
3.369000	198.935315	6299	6495	44028	17965	49	0	48	1
5.303000	190.201705	9607	9850	70284	27158	50	1	46	3
3.012000	199.821591	5698	5863	38226	16177	51	1	48	2
3.758000	196.296220	6958	7189	46405	19824	55	0	52	3
4.319000	195.681532	8114	8355	57929	23189	51	0	48	3
3.119000	197.480470	6014	6166	39198	17041	51	0	48	3
4.454000	195.386303	8060	8316	56269	22717	53	0	50	3
4.652000	197.054027	8527	8743	60995	24188	54	0	51	3
3.313000	192.091823	6452	6683	38951	18296	59	0	56	3
2.659000	192.539789	4819	5013	32977	13786	61	1	59	1
6.153000	198.918305	7577	7958	59508	21836	53	0	49	4
5.453000	200.031482	7658	7881	54610	21819	56	1	55	0
3.979000	196.342453	6699	6839	45872	18880	56	0	55	1
4.798000	197.939693	8768	8973	56768	24678	52	0	52	0
3.787000	197.102139	6169	6330	39777	17334	50	0	50	0
4.428000	200.885830	7921	8142	58409	22437	60	0	57	3
7.221000	205.246321	12752	13020	91432	36024	54	0	53	1
3.855000	201.595714	4623	4809	29393	13193	53	0	52	1
3.361000	204.835702	5848	6058	39635	16638	54	1	50	3
4.143000	202.183524	7574	7897	56007	21697	54	1	51	2
2.748000	205.099137	2981	3241	20124	8646	45	3	36	6
8.369000	205.561479	11772	12053	85350	33343	55	2	51	2
3.621000	203.362776	6656	6787	43179	18728	57	1	55	1
5.718000	207.489811	10196	10482	76671	28774	55	1	53	1
4.416000	200.660295	8402	8550	51990	23569	58	0	57	1
2.374000	205.145420	4648	4784	26372	13142	63	0	63	0
3.775000	199.421019	7135	7358	49554	20363	64	0	62	2
4.346000	206.042523	8032	8195	56436	22653	53	0	53	0
7.081000	202.880822	13120	13378	98631	37045	56	1	53	2
4.239000	207.990793	7862	8133	56198	22457	58	1	54	3
4.956000	200.733292	9314	9525	69937	26360	54	1	51	2
4.574000	206.780471	8183	8517	60736	23557	54	0	50	4
4.054000	205.452952	7470	7704	50109	21208	52	0	49	3
6.090000	208.459068	8855	9087	66236	25182	58	0	55	3
4.803000	207.229567	6723	6954	48029	19178	57	0	55	2
5.939000	202.435746	9030	9228	62287	25353	59	1	57	1
4.079000	204.594703	8047	8226	47281	22651	55	0	55	0
2.289000	209.453869	4625	4776	26587	13112	52	0	52	0
5.560000	210.824597	9684	9919	71767	27429	48	0	47	1
4.787000	203.690574	8551	8824	62583	24187	54	2	48	4
6.378000	209.345756	11553	11891	88661	32890	52	0	51	1
5.017000	204.377622	8778	8999	65699	24753	56	1	54	1
3.970000	206.246723	7438	7606	50711	20960	59	0	58	1
2.277000	206.764759	4017	4183	25864	11424	57	1	52	4
6.494000	210.102925	8276	8558	57106	23582	54	1	52	1
6.762000	206.199468	10254	10485	71124	28900	66	1	65	0
3.294000	211.596758	5823	6115	44530	16744	51	1	49	1
3.986000	207.818211	7425	7637	49649	20970	58	2	55	1
2.176000	218.232279	4180	4371	27390	11939	47	1	42	4
4.883000	209.104577	8417	8742	62170	24175	60	0	58	2
3.042000	205.671822	5815	5909	36900	16345	63	1	62	0
2.486000	212.765390	4430	4671	32299	12749	57	0	51	6
2.894000	209.337924	5137	5350	35168	14609	46	0	45	1
5.175000	220.097771	9511	9730	69642	26914	52	1	50	1
3.593000	207.637761	6711	6847	44009	18976	63	0	61	2
7.189000	207.845114	13082	13337	95433	36981	63	0	62	1
5.512000	216.347805	10313	10442	68098	28903	59	1	57	1
5.282000	210.202053	8176	8428	54784	23247	60	0	57	3
7.133000	216.548523	10408	10690	76856	29426	58	0	56	2
3.514000	213.258846	6077	6291	42792	17390	56	0	56	0
5.956000	209.072380	10851	11062	80176	30585	66	0	65	1
4.514000	215.486579	8371	8703	63072	23805	58	1	56	1
5.622000	217.049773	10537	10719	71345	29671	56	1	54	1
4.668000	218.814089	8148	8252	59217	22850	62	1	56	5
7.064000	217.894533	9189	9351	59926	25974	57	0	53	4
5.008000	219.651949	7888	8104	53349	22338	57	1	54	2
5.692000	217.419081	9971	10275	73224	28254	63	2	60	1
5.014000	222.050318	9050	9336	70661	25729	55	2	48	5
4.551000	216.219141	5352	5531	34212	15195	61	0	57	4
7.002000	216.801901	9869	10100	75148	27979	63	0	59	4
3.039000	212.147736	5321	5539	36420	15111	60	0	55	5
2.127000	213.723819	4212	4394	26661	12027	55	1	51	3
3.760000	214.919295	6817	7113	47975	19479	66	0	64	2
6.352000	223.613038	11181	11570	85778	31911	58	1	54	3
7.281000	223.597089	11752	11891	86900	32887	58	3	54	1
6.459000	220.240383	8751	8934	62221	24685	64	1	61	2
4.732000	224.771258	7357	7501	53149	20769	59	2	55	2
3.307000	223.198921	6138	6262	41320	17226	57	1	52	4
2.745000	217.119517	5015	5159	32080	14137	59	1	56	2
4.676000	220.632520	8132	8401	61460	23209	61	0	59	2
5.264000	222.602128	9674	9993	72384	27580	60	0	55	5
7.084000	216.785365	12492	12701	95754	35212	66	0	66	0
5.433000	227.120079	9962	10198	70653	28135	52	1	49	2
5.508000	223.202567	10347	10657	80355	29468	60	0	56	4
3.215000	219.360469	6059	6228	41931	17160	60	0	58	2
6.638000	225.030745	12067	12280	88573	33931	59	0	57	2
5.812000	229.215671	10848	11065	76340	30837	61	0	58	3
5.269000	227.345400	10183	10494	78116	29026	60	1	56	3
9.203000	225.232267	13057	13411	100352	37055	62	0	61	1
3.856000	222.724993	5453	5705	39006	15675	56	0	55	1
4.747000	225.710292	7702	7894	58583	21759	58	2	51	5
6.497000	226.163988	11804	12155	83911	33498	62	0	59	3
6.964000	230.629389	12893	13106	94170	36377	60	1	54	5
3.080000	227.940439	6072	6313	39618	17276	61	1	57	3
4.926000	232.647592	8919	9239	66860	25363	53	2	48	3
2.757000	228.609587	5012	5217	32837	14328	64	1	57	6
5.548000	226.194606	10240	10445	68143	28802	64	1	63	0
4.231000	226.416138	7939	8170	55987	22693	63	0	60	3
3.952000	231.377148	7019	7319	52684	20039	61	2	54	5
4.834000	225.583387	9020	9315	63419	25520	63	1	61	1
8.015000	228.595680	14658	14895	107365	41185	58	1	51	6
5.108000	222.755069	6264	6502	43270	17797	69	0	66	3
7.612000	228.930260	10528	10891	82508	29901	62	0	58	4
4.624000	236.210431	8083	8340	59518	23100	56	1	54	1
4.243000	226.636947	8085	8184	52849	22622	71	1	70	0
6.450000	236.213755	11774	11971	86861	33135	63	0	62	1
10.008000	232.126572	18161	18654	133423	51578	61	1	59	1
7.580000	232.323767	13876	14067	103397	38924	62	1	61	0
7.306000	233.324362	13365	13638	105423	37847	62	2	59	1
4.159000	227.940839	7884	8129	56049	22201	66	0	64	2
3.115000	230.689526	5769	5933	35917	16348	60	0	59	1
3.102000	225.353650	6140	6319	39321	17490	65	2	57	6
5.069000	230.255161	9333	9661	70040	26445	62	0	60	2
7.740000	236.059941	13796	14078	98593	38919	68	1	64	3
4.297000	236.261160	7932	8209	59000	22617	66	0	65	1
6.292000	231.616491	11143	11513	84710	31651	62	0	58	4
3.941000	234.993054	7472	7670	52088	21229	65	1	64	0
6.340000	233.136919	11517	11814	92522	32641	65	2	61	2
8.020000	235.726959	12613	12857	94881	35561	58	1	56	1
6.032000	234.647074	8272	8600	59281	23690	65	0	61	4
4.979000	236.906881	7737	7934	53285	21904	64	1	60	3
6.776000	233.439598	12086	12370	91175	34130	66	1	64	1
4.659000	235.341463	8608	8817	61790	24287	62	1	59	2
6.043000	235.211820	11012	11354	76792	31212	62	1	59	2
7.631000	231.712944	13517	13702	90743	37874	67	0	65	2
6.027000	239.346401	10972	11314	77559	31097	60	0	57	3
5.296000	233.162240	6615	6939	48300	18850	70	1	68	1
10.852000	238.752684	15945	16343	120956	45085	62	1	55	6
7.622000	234.995482	14113	14402	106019	39913	68	0	66	2
7.538000	230.488631	10243	10508	74672	28975	68	0	67	1
5.216000	241.191995	7156	7435	55688	20620	54	2	49	3
6.242000	234.916213	10393	10657	82181	29403	67	2	63	2
4.501000	235.929853	8116	8310	52179	22845	67	1	65	1
8.889000	239.511268	15308	15612	118009	43226	70	2	65	3
8.670000	240.960224	15203	15512	110869	42915	65	1	61	3
7.753000	238.641256	14275	14511	99483	40176	63	0	60	3
9.216000	237.855837	16397	16728	117638	46207	60	0	60	0
4.675000	236.838388	6968	7134	45717	19734	66	3	61	2
6.329000	239.487490	8517	8720	65167	24094	67	0	62	5
7.991000	236.909546	14376	14641	102441	40434	67	1	62	4
6.773000	238.633927	12763	13070	90347	35901	61	2	56	3
3.977000	242.008489	6321	6548	42531	18125	65	0	62	3
3.694000	240.247820	6952	7233	45989	19826	66	0	63	3
5.732000	246.769840	10488	10823	79308	29844	69	0	63	6
3.956000	238.555504	7381	7532	46360	20756	74	0	71	3
6.200000	236.901704	11506	11737	82427	32329	73	1	69	3
5.894000	243.350277	11104	11366	79926	31364	68	2	64	2
7.057000	237.694890	13166	13372	93689	36871	72	0	70	2
4.848000	238.850742	9522	9792	70046	26913	64	2	59	3
5.332000	244.996382	9680	9968	73495	27589	76	2	69	5
8.750000	248.313971	11102	11372	81637	31394	59	1	55	3
9.328000	243.784303	14076	14363	99386	39780	65	0	64	1
4.449000	247.195159	7722	7995	56784	22055	66	2	61	3
5.498000	246.939944	9482	9752	75202	26898	64	1	61	2
6.741000	249.198546	12249	12508	94117	34566	63	1	58	4
3.368000	246.335650	6404	6619	42338	18060	68	0	67	1
4.465000	244.311155	8204	8488	58971	23235	73	0	71	2
3.756000	246.640617	6988	7229	50253	19914	65	0	64	1
8.454000	252.726999	12087	12353	82495	34099	61	0	58	3
8.612000	244.163391	13555	13881	101990	38360	77	0	75	2
4.281000	239.197307	8145	8347	53595	23005	73	1	71	1
3.976000	245.255360	7315	7606	49123	20772	67	1	62	4
7.805000	248.566681	14236	14554	101262	40240	68	0	65	3
4.946000	244.425577	9341	9540	60285	26335	76	1	71	4
9.529000	248.689416	12774	13069	93234	36029	74	0	71	3
4.273000	250.640308	6227	6407	36580	17675	71	3	67	1
8.712000	248.187851	14143	14350	101503	39804	72	0	70	2
5.178000	248.796425	9512	9604	63216	26629	75	0	72	3
3.672000	249.865422	7094	7291	40836	19929	66	1	64	1
4.930000	253.360239	8844	9192	66006	25142	67	2	65	0
7.438000	249.529571	12561	12876	89077	35624	68	0	67	1
8.825000	250.873955	14775	15111	118224	41809	65	1	63	1
4.537000	257.770222	7854	8077	55978	22173	65	3	59	3
6.777000	254.871608	11873	12171	88844	33615	64	1	62	1
6.904000	257.323943	12191	12445	89995	34248	62	1	57	4
4.581000	252.999060	8548	8685	54817	24045	74	1	71	2
5.023000	256.154231	9591	9870	62711	27098	67	2	62	3
7.798000	248.121463	14225	14477	102993	40146	74	1	70	3
5.690000	252.485668	10168	10391	76636	28513	66	0	62	4
4.012000	256.423943	7584	7826	57443	21554	66	0	63	3
6.459000	252.333632	11750	12043	87232	33128	70	2	65	3
5.309000	255.449382	9335	9652	70614	26618	71	2	64	5
3.281000	254.114638	5962	6155	39134	16886	74	0	69	5
5.786000	255.628439	9646	9975	74485	27467	67	1	65	1
6.112000	255.833597	10955	11177	81252	30919	66	0	64	2
9.514000	253.310557	16804	17246	125409	47664	70	0	69	1
6.146000	246.913098	11226	11366	73198	31537	75	0	73	2
5.942000	257.832656	10593	10828	78384	30002	70	0	64	6
5.624000	253.531881	8828	9028	60363	24842	71	1	68	2
11.168000	257.335276	15870	16095	126190	44629	67	2	64	1
9.103000	260.756218	16004	16239	121290	44998	66	0	62	4
9.612000	258.634483	17360	17673	131357	48876	64	0	64	0
3.905000	254.784364	7420	7576	45556	20901	72	2	69	1
6.622000	265.282969	11916	12268	93697	33858	65	0	61	4
3.311000	266.162245	6637	6773	41933	18714	67	3	60	4
6.371000	257.034749	11888	12117	82620	33349	77	1	71	5
9.952000	263.421504	14485	14807	113506	40943	67	2	63	2
7.636000	256.675539	10789	10942	81051	30348	74	1	69	4
5.068000	261.878406	9062	9212	57093	25408	74	0	71	3
3.951000	255.535608	7393	7607	50489	20861	80	1	74	5
3.909000	259.608498	6988	7408	51940	20194	72	1	70	1
6.696000	264.850091	12616	12810	93806	35474	65	1	60	4
7.160000	266.219026	13137	13424	96213	37129	76	1	72	3
7.955000	254.483380	14460	14753	110954	40813	77	1	74	2
5.912000	263.994966	11240	11574	82443	31976	75	2	72	1
3.790000	258.615054	7272	7462	49075	20620	71	2	66	3
7.193000	267.050856	12849	13217	99941	36611	61	2	55	4
7.238000	263.938492	10382	10723	82714	29486	71	0	69	2
5.542000	256.008434	8053	8275	56020	22730	73	1	70	2
6.566000	259.801084	9886	10267	80972	28163	78	1	74	3
5.015000	260.562550	9453	9675	66355	26715	74	0	68	6
4.996000	264.855559	8991	9251	67089	25521	73	0	71	2
3.954000	264.527593	7488	7799	53047	21360	73	2	66	5
6.015000	258.986554	10859	11181	80267	30719	80	0	78	2
6.500000	267.041819	10298	10544	73408	29249	75	0	72	3
8.413000	259.503584	14966	15237	110819	41995	76	2	68	6
5.550000	265.736434	10089	10515	77022	29041	76	0	72	4
6.865000	265.126679	10621	10926	76709	30071	69	1	65	3
5.488000	259.821515	9132	9344	58499	25660	70	2	67	1
9.420000	264.949728	14468	14685	105654	40561	70	1	68	1
8.014000	268.577874	14133	14557	105004	40067	69	0	65	4
5.611000	272.001007	10619	10890	75164	30220	73	1	70	2
7.437000	272.716632	13579	13832	106347	38311	72	0	72	0
6.522000	261.351967	9844	10111	70073	27974	78	1	74	3
10.228000	263.617373	14175	14444	98907	39799	81	0	78	3
4.439000	271.633857	7308	7585	50402	20847	70	2	66	2
5.226000	265.477147	9620	9929	68654	27372	71	0	70	1
8.211000	269.400276	15069	15356	114030	42471	76	1	74	1
6.019000	265.138695	10755	11033	80432	30360	83	0	79	4
3.620000	275.044564	7240	7351	47537	20364	70	1	66	3
5.259000	260.591689	9903	10110	71058	28035	84	0	82	2
6.381000	270.392107	11575	11914	88873	32936	68	1	66	1
7.763000	267.700876	12188	12509	97097	34748	83	4	75	4
8.228000	266.037996	15590	15723	113888	43690	74	0	72	2
7.025000	271.211645	12709	12984	95429	35883	81	1	79	1
3.886000	275.467439	7564	7756	50666	21417	77	2	72	3
9.842000	274.681938	13747	14075	97729	38798	73	0	73	0
9.767000	269.250587	16049	16291	106292	45200	75	0	73	2
9.851000	273.158103	17334	17710	125524	49053	66	0	65	1
4.073000	273.476822	7389	7667	57034	21023	76	0	75	1
5.997000	271.055909	11168	11451	77706	31438	74	1	72	1
3.465000	270.085850	6717	6862	37744	18963	82	1	78	3
8.771000	278.178727	14040	14265	95378	39424	79	0	78	1
8.410000	278.326357	14213	14534	105627	40259	74	1	69	4
10.679000	273.458943	15973	16235	117826	44764	73	0	70	3
9.299000	273.958970	16280	16643	132308	46013	73	0	69	4
10.425000	268.550096	16130	16387	117583	45149	78	0	78	0
6.530000	266.177814	9386	9605	62341	26383	80	0	77	3
10.500000	275.290621	16466	16721	123313	46233	75	0	73	2
14.741000	275.880331	21633	22018	175143	61041	80	0	79	1
8.180000	272.093701	15248	15419	104493	42511	78	1	76	1
7.287000	283.930820	13479	13834	108035	38242	77	1	71	5
7.306000	288.159908	13278	13481	96007	37262	66	2	60	4
9.385000	286.072953	15879	16435	129960	45337	67	1	62	4
8.986000	268.826240	16209	16458	117465	45529	86	1	84	1
8.085000	273.389603	11589	11911	86177	32758	86	1	83	2
11.316000	277.187241	17148	17411	132941	48287	76	0	75	1
10.867000	273.532276	18090	18331	128091	50927	81	1	78	2
8.977000	278.398696	13458	13759	97618	37937	81	0	76	5
10.072000	283.705113	14498	14697	97584	40614	71	0	70	1
6.369000	284.625368	10504	10661	69697	29512	70	3	65	2
3.886000	278.389393	7144	7323	47335	20191	81	2	78	1
7.339000	281.523147	13314	13592	97617	37544	79	1	74	4
8.698000	279.750620	15519	15837	115487	43735	78	0	76	2
7.574000	277.453865	13527	13837	103885	38206	75	0	73	2
7.103000	279.584599	12215	12556	90103	34550	74	1	71	2
7.239000	285.944453	13953	14145	102758	39264	77	1	74	2
11.056000	292.272831	19137	19522	146598	54073	69	0	66	3
9.269000	278.275233	16776	17135	127052	47239	72	1	68	3
5.539000	276.676234	10885	11078	70412	30588	79	1	77	1
4.977000	287.693507	9926	10066	66053	27855	79	3	75	1
4.401000	290.121196	8081	8493	64326	23321	73	2	68	3
9.017000	284.087890	12734	13129	101979	36286	78	0	76	2
9.342000	284.554292	12992	13420	104475	37070	79	1	78	0
8.025000	286.844830	14759	15085	107068	41676	79	0	79	0
9.362000	284.635537	17281	17630	128243	48516	77	0	76	1
6.553000	281.710899	11145	11344	72015	31234	77	1	76	0
7.495000	281.529591	12656	12957	95465	35648	86	0	83	3
7.297000	286.883100	13084	13426	100667	37050	83	0	77	6
10.107000	286.105968	17736	18078	133705	50185	75	1	72	2
12.053000	288.792050	18933	19156	135438	53108	80	1	78	1
7.685000	289.238360	13822	14023	95013	38757	68	0	66	2
5.124000	284.734024	9773	9971	69087	27578	88	2	78	8
9.938000	289.598919	12964	13339	97986	36628	77	2	72	3
6.174000	285.554514	9775	10027	68480	27768	78	2	75	1
10.660000	291.234298	18833	19229	149718	53076	82	1	75	6
9.095000	283.566159	16769	17067	115598	47081	75	0	72	3
8.991000	277.500056	16215	16522	115101	45385	81	0	77	4
8.682000	287.803547	12560	12778	94449	35456	90	1	83	6
5.941000	287.167057	9309	9406	53509	26008	74	0	72	2
11.250000	285.842790	20046	20282	150353	56403	77	1	74	2
8.140000	290.947018	14245	14652	116071	40428	76	0	74	2
5.301000	297.751661	10207	10379	65227	28731	77	1	73	3
8.947000	298.300398	12507	12796	91874	35449	73	0	68	5
7.483000	287.009041	10565	10811	77838	29887	90	1	84	5
10.265000	294.151171	16665	17146	132127	47330	75	1	70	4
11.627000	287.142124	17529	17757	123351	48961	79	0	76	3
13.239000	282.936734	22052	22362	164532	61854	86	1	81	4
14.908000	287.622953	21030	21287	160929	58974	81	0	79	2
7.295000	285.642668	12130	12412	90843	34176	89	0	86	3
12.893000	294.011547	22201	22723	176534	62890	87	2	82	3
7.862000	292.589254	14583	14981	106251	41504	81	1	76	4
10.551000	298.655624	17762	18276	133216	50349	74	1	70	3
4.166000	295.799468	7956	8223	53945	22762	86	0	82	4
9.895000	293.770432	18449	18839	137066	52290	79	1	78	0
10.597000	297.166314	13515	13885	104632	38169	79	0	75	4
7.457000	291.787329	12502	12788	97749	35155	81	2	72	7
8.392000	297.867948	14976	15300	117422	42243	81	1	76	4
8.100000	289.604256	14781	15047	104112	41443	76	1	72	3
7.661000	296.399304	14354	14586	104564	40607	84	0	80	4
10.426000	296.139945	18071	18468	141074	51179	80	0	76	4
14.086000	296.287773	21303	21824	163296	60317	81	0	79	2
11.323000	298.427463	16754	17064	126003	47167	87	0	84	3
7.885000	303.248987	14770	15057	112121	41677	75	0	71	4
12.179000	298.272435	21562	21928	168764	60648	79	0	78	1
8.054000	299.208815	14527	14784	107601	40882	80	0	76	4
5.308000	302.278808	9694	9948	71188	27498	78	2	74	2
8.652000	298.078181	14357	14675	112592	40640	86	2	81	3
8.741000	301.421623	16706	16928	110052	46744	75	0	73	2
10.102000	301.536556	17279	17737	141664	48997	80	1	77	2
10.008000	301.613056	14078	14411	103838	39783	73	0	69	4
11.794000	296.684622	18061	18372	141907	50829	85	1	79	5
9.332000	302.374071	17045	17379	129556	47872	78	0	67	11
8.888000	302.541780	16931	17124	119793	47560	88	1	84	3
14.434000	300.451671	22620	22974	173355	63766	87	1	85	1
11.581000	297.894357	16811	17109	128845	47332	93	1	91	1
8.923000	307.266153	16131	16646	132206	45834	75	0	71	4
12.732000	300.490651	21772	22247	178273	61595	93	0	92	1
5.877000	298.513589	10444	10846	79765	29807	88	0	84	4
8.901000	300.139315	13631	13859	85811	38411	87	1	84	2
6.406000	299.109683	9762	10041	65615	27527	93	0	90	3
8.431000	303.399735	13840	14089	98847	39000	81	1	76	4
8.229000	303.477839	14287	14515	101745	40078	86	0	84	2
3.680000	302.544238	7014	7248	43102	19937	79	0	72	7
6.126000	307.977988	11190	11478	87144	31710	79	0	77	2
10.071000	306.816129	19063	19456	140349	53666	82	0	77	5
13.896000	309.837070	24856	25107	186275	69784	83	0	80	3
14.202000	309.376794	24319	24603	179363	68136	81	1	79	1
13.479000	305.891419	20585	20997	168266	58136	81	2	77	2
9.958000	301.305865	15378	15620	104375	43363	77	1	73	3
7.885000	307.334646	14046	14281	105090	39440	80	2	76	2
13.813000	308.285642	24217	24591	179393	68298	75	1	74	0
5.277000	311.603030	9833	9988	73390	27640	79	2	71	6
11.638000	309.994325	20947	21319	168839	59076	86	0	82	4
5.046000	304.611730	9582	9759	66793	26981	85	3	76	6
11.253000	306.669743	14970	15274	113795	42362	86	1	80	5
9.017000	306.454720	15334	15620	113629	43136	86	2	82	2
10.637000	308.691235	18397	18809	150170	51907	85	2	81	2
5.883000	311.230657	10698	11016	81898	30414	85	1	80	4
9.880000	299.577841	17663	18144	135598	49977	96	1	93	2
11.848000	309.394335	21011	21360	158036	59088	85	1	82	2
9.323000	302.168232	16943	17272	123311	47780	97	0	96	1
7.392000	308.093577	13181	13474	98532	37047	80	2	76	2
5.936000	309.068351	10659	11169	81633	30763	89	0	87	2
12.230000	308.318549	21408	21788	173241	60172	89	1	80	8
10.093000	312.686722	17598	18048	141946	49946	87	1	82	4
11.669000	315.725588	16314	16614	118715	45872	79	1	74	4
10.131000	315.819243	16149	16246	114856	45055	82	1	79	2
10.448000	311.103817	14449	14808	115391	40897	93	1	89	3
5.243000	309.734871	8173	8400	53998	23178	89	2	81	6
7.782000	316.602791	13763	14107	101033	38906	78	4	70	4
19.194000	315.360840	27522	27922	217168	77299	81	2	75	4
9.656000	316.997866	17330	17559	131272	48441	81	1	76	4
15.644000	311.769608	26756	27204	219296	75288	92	0	90	2
14.546000	318.058708	19697	20236	156728	55768	92	1	89	2
9.252000	319.205173	15786	16172	128727	44620	87	1	84	2
10.692000	315.952442	15214	15573	121011	43055	80	0	77	3
8.198000	313.527784	13360	13678	97158	37897	87	1	84	2
6.929000	312.344758	12572	12872	93134	35728	102	2	97	3
13.366000	314.323799	22793	23286	178472	64259	84	1	83	0
13.245000	311.226665	17344	17841	139296	49199	86	1	82	3
13.541000	315.668396	23845	24183	185439	67142	82	0	80	2
10.252000	322.105936	14029	14312	103782	39652	80	3	74	3
5.535000	317.194044	8951	9302	61101	25532	85	0	81	4
14.114000	317.081792	23189	23543	179798	65331	92	1	88	3
5.053000	312.422354	9530	9725	62708	26889	94	1	89	4
10.373000	316.769313	15882	16162	111082	44589	90	0	86	4
6.412000	318.641161	9351	9471	58991	26208	90	0	88	2
11.172000	317.471531	18085	18487	145735	51111	92	1	88	3
9.989000	311.331373	17360	17689	122513	49042	85	0	83	2
17.107000	318.582064	27687	28129	222269	77853	86	2	76	8
8.823000	325.951366	15992	16473	130388	45485	80	0	75	5
13.584000	321.564483	23767	24160	179211	66654	86	1	81	4
8.450000	318.957392	14797	15080	113381	41650	89	3	85	1
6.865000	325.417492	12580	13065	97879	35860	81	0	76	5
6.741000	319.565365	12569	12849	88463	35314	96	0	90	6
4.489000	317.441530	9073	9295	58568	25515	102	0	100	2
8.631000	320.827484	15206	15642	120751	42997	85	0	79	6
8.718000	316.417721	15119	15463	117459	42781	94	0	90	4
6.469000	321.203091	12101	12298	83644	33907	85	2	73	10
9.461000	318.064931	15604	15888	117773	44039	93	3	89	1
14.581000	320.348703	25940	26216	190849	72594	91	0	88	3
7.731000	322.045731	12331	12510	78612	34479	87	1	84	2
14.160000	333.807470	25512	25851	198131	71562	82	0	77	5
9.615000	324.041827	14947	15347	117550	42298	94	1	87	6
13.749000	326.219391	19096	19413	149212	53723	84	0	79	5
12.721000	318.025847	21787	22224	168652	61345	98	2	93	3
9.243000	318.312655	16418	16742	129382	46283	88	1	83	4
9.414000	322.019383	14892	15321	112231	42202	92	0	92	0
6.724000	326.155754	10553	10717	64270	29689	87	1	85	1
9.863000	325.004606	17662	17996	133982	49702	90	1	85	4
11.884000	324.183485	21788	22008	169445	61039	94	1	88	5
9.091000	324.518127	16926	17094	119555	47295	92	0	88	4
13.474000	326.366327	19019	19455	148784	53833	87	1	77	9
9.909000	323.985731	11936	12380	89832	33932	102	3	94	5
7.627000	331.343623	12727	13097	100522	35986	94	3	89	2
13.958000	320.999913	20417	20664	143078	57412	98	2	96	0
11.254000	324.303801	18531	18964	142764	52483	96	0	93	3
5.130000	320.389285	8400	8579	56196	23673	98	3	94	1
12.198000	329.867537	17739	17976	134484	49598	83	2	78	3
9.087000	324.875925	15970	16368	121720	45204	89	1	84	4
11.378000	321.914289	20117	20670	155467	56899	98	1	94	3
12.347000	329.008258	19652	19850	142437	54969	91	0	87	4
9.348000	325.031844	17172	17535	131255	48304	94	0	91	3
20.330000	330.455853	30027	30346	240482	84236	90	0	88	2
8.203000	327.427004	13795	14122	102482	39073	100	2	96	2
7.938000	328.216986	14711	15090	102459	41594	93	0	90	3
6.976000	329.741239	13064	13330	98276	37044	95	2	89	4
14.781000	332.109715	22309	22698	179338	62667	92	2	81	9
13.912000	325.776931	20013	20412	163502	56596	92	2	87	3
8.380000	330.539384	14719	15041	111226	41388	91	1	87	3
9.853000	327.057417	16771	17321	133639	47806	103	1	98	4
8.173000	339.723203	14991	15419	110655	42723	92	0	88	4
10.865000	330.092612	19949	20217	140121	56052	97	0	96	1
14.889000	340.885210	25573	25913	210213	71809	84	0	81	3
13.001000	331.038454	17911	18202	133178	50457	90	2	85	3
12.396000	329.600338	21630	21976	165371	60652	98	0	95	3
5.730000	332.232973	10409	10717	73191	29376	95	0	91	4
12.414000	336.905153	21344	21737	172043	60158	81	0	78	3
21.365000	326.662139	32539	32783	246533	91013	104	0	102	2
16.334000	338.563817	28873	29317	216166	81252	79	0	79	0
9.322000	336.201009	13135	13301	90120	36789	92	3	85	4
10.670000	335.774127	17100	17480	136603	48435	91	3	86	2
15.435000	340.013925	26289	26590	213076	74027	82	1	79	2
10.513000	329.450788	16447	16738	111225	46317	101	0	100	1
10.110000	337.725059	14978	15280	116866	42470	96	3	88	5
6.928000	342.518149	12712	12900	96245	35674	85	2	75	8
14.344000	340.261752	21824	22087	174535	61344	89	1	83	5
9.444000	338.643717	15909	16214	110324	44800	92	0	87	5
16.395000	339.991617	28320	28764	229366	79649	87	1	82	4
11.879000	333.545715	15786	16158	121006	44652	91	1	88	2
10.084000	336.283882	16902	17167	132905	47556	91	1	89	1
11.350000	341.949939	19789	20139	157169	55887	85	1	81	3
5.501000	338.376303	10322	10513	70506	29125	102	1	100	1
13.318000	343.041018	21309	21631	162900	59713	84	1	79	4
7.412000	342.767783	11964	12300	79840	33914	100	1	95	4
14.247000	347.330836	21767	22085	160581	61050	93	0	90	3
11.692000	336.122135	19645	19948	157512	55333	103	1	96	6
12.492000	342.876407	19348	19667	149015	54330	91	1	83	7
9.675000	339.518741	14759	15012	101817	41352	90	2	84	4
8.574000	336.549510	15700	16131	118840	44488	100	0	100	0
9.323000	344.268088	17518	17792	130362	49393	93	0	89	4
8.988000	348.981677	15957	16445	127163	45356	85	1	80	4
12.360000	342.904537	19303	19663	145123	54355	91	1	89	1
9.764000	339.792814	17446	17827	134177	49261	90	0	87	3
15.852000	346.834411	21655	22156	180453	61173	96	1	91	4
8.509000	343.894627	14663	15126	107400	41794	94	0	90	4
18.561000	345.432162	33631	34044	260850	94506	95	0	93	2
9.694000	348.954448	16333	16699	124124	46229	81	1	79	1
13.565000	346.186965	18921	19262	147093	53349	89	1	87	1
18.960000	345.435961	32941	33317	268954	92432	97	0	95	2
11.313000	347.508933	20459	20705	151635	57422	97	1	93	3
9.740000	352.886277	12928	13068	92374	36248	93	1	88	4
7.218000	351.189444	11841	12190	77746	33573	101	0	97	4
10.817000	348.550560	18516	18890	143197	52106	96	2	90	4
11.238000	346.382638	20026	20393	162351	56561	99	2	93	4
7.149000	344.197737	9999	10197	66346	28232	103	0	102	1
13.412000	342.040359	20410	20692	149662	57158	96	1	93	2
11.324000	349.484548	19981	20345	159435	56387	97	1	88	8
12.725000	348.316270	22445	22814	183103	63327	90	0	86	4
16.966000	345.864525	28324	28720	230484	79716	88	1	85	2
6.605000	350.731955	12196	12559	93533	34660	103	3	96	4
15.109000	346.629585	23072	23409	191224	64816	91	0	87	4
14.815000	346.232455	21179	21455	159081	59264	101	1	93	7
19.527000	348.689313	30407	30933	240137	85754	99	0	96	3
10.245000	348.388717	18083	18500	140453	51120	95	1	92	2
15.931000	353.742485	28171	28435	214062	78837	98	0	97	1
13.212000	352.739279	21536	21860	164752	60522	102	0	100	2
12.002000	352.802179	20455	20927	158043	57936	94	0	89	5
10.121000	350.669271	17650	18036	143038	49852	99	2	95	2
7.354000	344.040783	13045	13519	99942	37088	106	3	99	4
15.625000	343.556941	23726	24145	188409	66738	97	0	90	7
11.717000	366.042771	18891	19453	155792	53538	85	0	80	5
15.230000	353.430511	26070	26555	213915	73505	92	0	87	5
9.290000	354.392738	16812	17105	118667	47365	97	2	93	2
10.133000	353.075779	13126	13462	86358	37254	98	1	92	5
13.992000	350.593293	24635	24967	185175	69293	103	2	100	1
8.585000	353.574006	15748	16087	113449	44420	101	2	96	3
12.647000	354.998002	21751	22089	170436	60967	97	1	92	4
23.477000	355.422683	33270	33830	278263	93688	100	0	96	4
14.521000	355.867100	21719	22117	176946	61235	95	3	89	3
18.103000	350.585663	28100	28476	230794	78996	98	2	89	7
7.668000	362.298981	13679	14053	106127	38814	91	0	86	5
8.600000	357.650267	15448	15869	120574	43902	101	1	97	3
14.814000	363.257084	19370	19817	158396	54973	89	1	82	6
18.690000	350.622853	25029	25280	180377	70306	106	0	104	2
11.065000	353.110007	18045	18608	145448	51307	108	0	104	4
21.252000	357.335097	36804	37315	280681	103448	98	0	95	3
6.603000	355.486959	12478	12723	89414	35095	101	1	93	7
17.637000	359.685245	27524	28023	215675	77659	99	0	95	4
19.010000	362.465449	31158	31683	247507	87705	92	1	88	3
18.374000	354.018343	25737	26089	202306	72237	94	1	91	2
4.247000	361.774280	8104	8304	49067	22909	97	4	92	1
7.669000	357.553054	14323	14599	95759	40196	91	1	83	7
10.961000	352.764013	20272	20529	156019	56762	104	0	96	8
20.763000	354.222582	30966	31252	234144	86785	102	0	101	1
13.719000	364.519084	20716	21124	167422	58489	94	0	92	2
9.962000	357.997454	18079	18447	130322	50938	93	0	90	3
10.464000	362.577961	18471	18786	140649	52035	95	0	85	10
10.502000	350.373820	19046	19302	145567	53649	104	0	101	3
10.891000	358.280590	20539	20766	143093	57574	96	0	91	5
6.439000	361.413380	12420	12628	76437	35084	103	0	101	2
19.367000	364.767321	31033	31406	237339	86919	93	0	92	1
15.017000	361.466490	23188	23491	182182	65183	109	0	101	8
17.175000	371.236084	31097	31356	237499	87028	100	1	94	5
19.389000	364.912703	28335	28810	227463	79558	99	0	99	0
12.171000	358.355556	20770	21101	156012	58071	100	2	94	4
20.872000	365.354456	30256	30562	222631	84810	92	0	91	1
9.347000	360.480418	17230	17558	120397	48573	99	0	95	4
16.230000	358.831129	24532	24976	195281	69241	105	0	104	1
17.337000	363.496513	28663	29083	231401	80413	101	1	98	2
6.870000	370.836715	12434	12568	89593	34829	92	2	88	2
10.470000	363.881715	18636	19061	151697	52777	99	4	91	4
24.755000	374.832690	35921	36394	299221	100923	92	3	84	5
11.678000	362.617608	21818	22085	166371	60970	95	0	88	7
16.892000	367.409686	29161	29617	237018	82262	101	1	95	5
12.662000	358.839951	22465	22723	166076	62827	99	2	91	6
4.718000	361.567006	8929	9109	59050	25175	112	1	110	1
15.594000	366.800537	28031	28411	217594	78710	102	0	97	5
10.238000	369.743595	15382	15705	112343	43318	96	2	93	1
15.448000	359.334506	23679	23985	185753	66465	115	0	110	5
9.822000	362.911390	18546	18814	128020	52105	110	1	107	2
13.419000	369.934495	24033	24474	189403	67438	104	1	98	5
9.395000	371.009665	17395	17664	128113	48840	101	2	94	5
12.016000	366.415804	21971	22223	151134	61464	104	0	99	5
15.778000	370.745339	22737	23115	174928	63810	97	1	90	6
16.582000	364.403738	25830	26139	199974	72435	103	0	95	8
17.350000	371.254246	27440	27892	214825	77161	92	1	86	5
14.739000	371.603896	23697	23999	184645	66558	101	0	97	4
6.753000	369.311689	12504	12840	88171	35518	107	1	102	4
9.340000	369.285947	13375	13532	88957	37384	98	2	94	2
17.010000	363.614411	28163	28522	221425	78970	102	0	98	4
7.359000	370.205327	13949	14104	92149	39120	109	1	106	2
22.000000	372.639726	31711	32085	238241	89166	115	2	108	5
12.881000	371.209924	21762	22460	174017	61988	95	1	91	3
17.564000	378.348973	30084	30398	235636	84123	100	0	95	5
13.027000	369.330648	22295	22629	176367	62668	114	1	108	5
15.302000	378.332759	24415	24928	195436	68958	94	0	91	3
22.533000	377.884387	34959	35455	284057	98389	99	0	96	3
11.999000	377.686799	20879	21250	168215	58691	101	0	98	3
14.246000	367.644309	22711	22983	159881	63559	111	0	105	6
13.671000	373.105280	21189	21580	167348	59728	105	0	102	3
9.532000	381.591340	17697	18050	124461	49931	97	0	93	4
11.764000	372.716874	22002	22249	152817	61531	109	0	106	3
7.612000	373.891496	13791	14169	97745	38843	101	2	92	7
10.648000	376.515847	19720	19976	137801	55292	109	0	105	4
18.600000	369.327780	28382	28753	239480	79671	115	0	107	8
9.573000	378.652627	16927	17325	134356	47915	96	0	93	3
12.553000	369.473433	22989	23238	161460	64290	108	1	105	2
18.181000	376.871689	31105	31402	262120	87185	104	1	98	5
23.035000	378.695964	33917	34237	263422	94898	105	4	96	5
12.218000	379.737446	21852	22203	178264	61479	89	0	87	2
13.980000	374.619235	25856	26103	192569	72030	101	0	96	5
19.957000	385.939138	34694	35174	289690	97384	102	0	97	5
10.797000	384.259852	19284	19572	144802	53937	103	2	95	6
11.998000	380.553750	22267	22520	172817	62470	110	2	104	4
15.328000	390.572379	27318	27707	227322	76695	98	0	95	3
14.869000	378.319828	22406	22854	181905	63273	105	3	96	6
25.918000	374.297794	34122	34584	261571	95863	104	0	100	4
14.206000	381.344475	23820	24247	191540	66986	102	1	94	7
19.380000	379.831476	32794	33097	266632	92036	99	0	94	5
14.811000	370.062437	21794	21991	149028	60854	100	1	96	3
19.872000	380.699415	34960	35398	277619	97951	100	1	94	5
17.415000	392.125322	25971	26308	194720	72667	101	0	99	2
27.068000	382.114222	41710	42137	319667	117097	103	0	101	2
12.858000	380.849170	22466	22807	175854	63183	110	1	107	2
17.467000	374.468633	27696	28217	219078	77982	107	0	105	2
17.760000	384.597178	26626	27104	219815	75065	109	1	104	4
24.554000	377.076672	35816	36292	297922	100424	111	0	107	4
11.297000	388.411888	19054	19427	141957	53756	106	1	99	6
14.295000	395.367583	24755	25365	210118	69949	97	0	91	6
10.936000	389.416375	20036	20337	158797	56485	95	0	91	4
12.697000	391.104626	20604	21001	162940	58411	101	0	98	3
13.202000	374.542053	20421	20667	141651	57012	119	0	117	2
13.305000	391.010125	20514	20891	158242	57828	94	4	83	7
13.820000	386.527357	21231	21464	156384	59402	108	0	105	3
9.188000	394.059264	15982	16306	124941	45102	91	3	82	6
11.323000	392.221199	17051	17416	136005	48011	99	1	92	6
24.938000	381.648586	35975	36418	287764	100996	117	1	114	2
12.115000	394.806842	20159	20536	152693	56911	103	1	97	5
17.134000	391.472913	27373	27830	224355	77209	101	0	92	9
21.308000	388.807707	29984	30616	256025	84675	100	0	95	5
8.411000	389.039430	14904	15266	114586	42263	107	1	103	3
13.119000	385.760536	17141	17579	135801	48597	113	2	104	7
19.741000	390.711081	33425	33928	276278	93971	110	2	102	6
23.304000	380.552535	38776	39184	319469	108711	113	3	105	5
22.415000	379.709696	36265	36596	285999	101552	122	0	118	4
17.558000	391.941702	24673	25289	202571	69661	106	3	97	6
8.243000	384.838645	14930	15296	108260	42206	116	1	112	3
19.179000	388.795808	34272	34745	276005	96397	105	0	103	2
13.931000	392.213863	25690	25970	187315	71804	103	0	101	2
18.484000	390.493610	31764	32129	262609	89063	103	0	97	6
13.779000	390.641941	21974	22387	163258	62030	109	1	106	2
19.117000	385.983522	30508	30958	247056	85688	109	2	103	4
10.898000	399.896348	17859	18328	143661	50678	110	2	103	5
23.008000	390.051363	33513	33914	282291	93959	107	0	105	2
19.113000	390.346382	30928	31305	251262	86733	111	0	109	2
20.206000	394.158266	34093	34544	270893	95862	109	0	106	3
14.824000	394.005590	25448	25753	192660	71339	106	0	101	5
11.400000	397.245174	15160	15468	111619	42773	105	0	101	4
17.937000	387.609690	30752	31138	248078	86288	114	0	111	3
12.256000	397.156494	16912	17431	136341	48282	98	0	94	4
25.539000	395.134538	41194	41566	332528	115309	112	1	106	5
20.095000	395.993182	32853	33246	251836	92216	101	0	98	3
9.036000	395.377482	14150	14343	92871	39688	118	3	112	3
8.060000	388.461475	15012	15463	106691	42463	110	0	106	4
11.585000	393.398482	19905	20321	161056	56266	110	0	105	5
18.593000	396.307702	27994	28376	217020	78501	107	1	104	2
12.612000	390.936377	22445	22721	169086	62876	109	1	103	5
13.698000	389.286024	24704	24916	179650	68895	109	2	101	6
13.929000	392.612823	24450	24825	188910	68758	109	2	105	2
9.421000	392.177595	17423	17786	131614	49046	108	1	106	1
28.818000	397.775967	41550	42093	348004	116475	114	0	112	2
18.965000	402.376553	30141	30527	245382	84623	108	3	100	5
19.163000	395.892436	33028	33634	261846	93096	102	2	96	4
16.982000	390.577837	27365	27632	200303	76399	114	1	108	5
16.054000	400.682847	25048	25496	193877	70752	106	0	101	5
13.841000	405.554294	19307	19752	157730	54558	99	0	94	5
6.966000	397.690396	13048	13257	86126	36617	115	0	113	2
18.088000	391.170386	32835	33252	254043	92445	111	0	109	2
16.778000	407.447620	23750	24130	165633	66588	107	3	102	2
11.497000	394.243272	20770	21205	164811	58403	121	2	111	8
16.969000	405.253156	28270	28813	235615	79715	109	2	96	11
11.202000	397.067969	20169	20644	156143	57070	127	1	125	1
16.512000	400.147346	22718	23426	182174	64409	115	2	107	6
11.101000	394.501699	18288	18585	135676	51620	110	1	105	4
11.631000	399.882262	20709	21106	164777	58510	116	2	111	3
11.952000	399.846495	21518	21881	163334	60546	111	1	107	3
10.746000	401.428242	15409	15799	115972	43659	112	4	107	1
20.221000	402.757535	32049	32410	268060	89975	100	3	91	6
18.755000	402.307425	28143	28484	232984	79134	101	1	97	3
17.979000	401.111961	29585	29996	242903	83066	109	1	105	3
13.222000	404.988014	20917	21192	169194	58895	122	2	113	7
15.216000	394.828504	27373	27957	216129	77207	116	1	109	6
16.394000	403.761096	23282	23747	176808	65505	109	1	104	4
19.650000	399.403406	34085	34534	279419	95649	117	0	114	3
17.596000	407.963158	31183	31587	224394	87464	105	0	103	2
9.421000	403.681187	17861	17929	119487	49713	113	1	110	2
11.471000	405.691661	19358	19623	134662	54302	115	1	112	2
16.466000	405.532515	25045	25364	202253	70461	115	0	111	4
16.754000	407.227112	30644	31032	227774	85797	107	0	105	2
22.013000	401.054745	37486	37902	303373	105060	120	0	119	1
24.798000	413.862244	37956	38412	315867	106308	112	1	109	2
12.646000	408.592662	19378	19553	129726	54160	117	0	111	6
21.775000	410.562511	38002	38461	296586	106613	118	2	114	2
14.312000	406.531490	23536	23889	168781	66073	106	1	102	3
23.655000	399.155366	37018	37474	309277	103857	117	1	111	5
15.242000	409.178131	27144	27453	190866	76195	107	0	103	4
10.530000	411.587019	15578	16052	118657	44112	113	5	101	7
14.504000	411.923937	19925	20356	157057	56516	117	3	110	4
22.746000	407.957935	37046	37301	301799	103320	116	2	110	4
6.773000	411.588293	12767	13039	86627	36045	114	0	111	3
14.224000	404.021705	24783	25093	176805	69665	117	0	114	3
17.461000	405.875055	27467	27809	193634	77171	124	1	121	2
18.088000	416.800064	31238	31654	252326	87916	102	2	93	7
12.918000	421.212445	23935	24177	183993	67210	114	0	106	8
24.954000	405.760668	37237	37572	286349	104221	122	2	120	0
16.287000	410.922699	28892	29139	236062	80871	110	1	103	6
18.186000	415.151686	29261	29458	218809	81838	109	2	105	2
16.327000	415.715796	25609	25800	195139	71649	118	2	110	6
18.767000	415.429962	31934	32556	273772	89954	107	1	98	8
20.064000	415.889249	34017	34467	280309	95545	113	0	107	6
14.768000	413.825876	27283	27622	196294	76436	113	0	110	3
14.859000	410.920748	21990	22342	170619	61838	118	2	110	6
8.350000	414.778320	13276	13647	93448	37643	110	1	106	3
12.623000	412.198578	22520	22835	174054	63248	115	0	111	4
15.055000	411.791350	26561	26921	210866	74622	123	0	120	3
12.341000	420.345569	21796	22361	163215	61817	108	0	101	7
15.394000	422.495566	21486	21797	163027	60290	110	4	99	7
25.524000	419.960603	38533	39182	325768	108501	104	1	94	9
22.509000	416.817411	32267	32636	271725	90392	116	1	109	6
26.444000	423.628850	40218	40612	336727	112474	109	0	104	5
19.803000	421.405806	28880	29361	240610	81456	106	1	100	5
15.567000	423.537328	23520	23928	183733	65915	109	0	107	2
12.314000	423.754160	22750	23008	156373	63894	114	0	112	2
21.158000	412.259727	37358	37691	295776	104536	122	0	119	3
15.550000	418.642144	27488	27722	212076	76643	112	3	103	6
23.454000	418.192274	34506	34912	267531	96920	111	0	108	3
14.256000	415.373322	26445	26739	188994	73947	118	5	109	4
11.496000	412.788597	20685	21087	167136	58541	125	2	118	5
18.130000	420.405554	31991	32376	244798	89834	108	1	101	6
15.155000	428.555906	23398	23766	178215	65728	111	3	102	6
14.120000	417.362542	22180	22461	175298	62410	124	2	120	2
16.952000	422.079566	26492	26913	216085	74506	118	1	113	4
15.699000	418.833364	26012	26452	197824	73096	116	0	114	2
21.870000	430.215568	32197	32616	273549	90485	104	2	95	7
19.959000	420.553027	34651	35049	266887	97242	123	2	121	0
13.127000	417.825291	23195	23679	175483	65398	120	0	112	8
11.571000	419.936280	15542	15874	106415	43819	122	0	118	4
17.358000	418.100104	29091	29510	233081	81717	121	1	115	5
8.840000	406.529005	16753	17031	115662	46908	133	0	130	3
23.194000	413.217521	33665	34100	270620	94344	128	0	121	7
29.624000	429.025756	44384	44924	366721	124694	115	0	110	5
20.169000	430.171070	29255	29732	237165	82364	100	0	96	4
21.446000	423.817540	37217	37553	302597	104339	119	1	117	1
9.631000	422.632485	17979	18331	124268	50754	122	0	119	3
15.787000	420.404329	27051	27426	217953	75961	118	1	109	8
13.498000	429.834903	22639	23127	182906	63965	107	2	100	5
13.293000	423.836066	23129	23681	183962	65331	120	1	112	7
32.602000	422.135805	49322	50015	408754	138477	127	0	124	3
14.734000	414.074319	27355	27559	193674	76346	122	1	118	3
16.910000	419.903596	29544	29919	239931	82882	123	0	122	1
19.270000	433.990101	29385	29806	243048	82814	110	0	107	3
33.019000	429.672948	49281	49695	409458	137916	121	1	115	5
13.787000	433.499715	23848	24290	186741	67094	119	2	111	6
24.735000	429.388297	36338	36878	306529	102077	116	1	111	4
31.215000	428.667081	45314	45739	360208	126952	101	1	96	4
20.314000	431.525365	29948	30362	247746	84299	120	2	112	6
10.304000	439.607873	17595	17928	136680	49702	103	3	95	5
18.589000	426.293738	25614	26018	205347	71943	122	1	116	5
11.900000	426.642721	20629	21018	161001	58174	118	1	112	5
17.118000	431.353917	30844	31124	230282	86107	120	3	114	3
11.867000	436.176625	22427	22679	165644	62833	118	3	110	5
18.613000	431.971023	26796	27369	224391	75833	119	3	111	5
28.686000	428.307947	41897	42441	348657	117429	118	1	113	4
19.673000	429.122139	34678	35141	281883	97415	122	0	117	5
18.163000	426.795674	31821	32104	236842	88987	122	1	117	4
11.323000	424.399011	20248	20672	149020	57198	125	1	121	3
13.974000	435.275668	26460	26784	202253	74473	120	1	114	5
8.773000	433.138324	16276	16580	120289	45729	118	1	110	7
17.774000	428.896775	32193	32500	246253	89905	127	0	124	3
