0.022000	5.099020	5	19	37	5	0	0	0	0
0.014000	6.385165	9	30	61	6	1	0	1	0
0.008000	4.242641	3	18	14	3	0	0	0	0
0.012000	5.000000	6	22	26	5	1	0	1	0
0.016000	5.000000	5	16	18	5	1	0	1	0
0.010000	6.656854	5	25	42	5	1	0	0	1
0.013000	6.767829	10	30	48	6	1	0	1	0
0.008000	4.000000	4	18	27	4	0	0	0	0
0.010000	4.472136	5	21	33	4	0	0	0	0
0.007000	3.236068	3	15	17	3	1	0	1	0
0.009000	4.828427	7	19	25	4	3	0	3	0
0.012000	6.019765	10	30	47	5	2	0	2	0
0.011000	8.062258	8	31	58	8	0	0	0	0
0.012000	9.236068	15	44	86	8	2	0	2	0
0.016000	8.621233	16	38	81	8	2	0	2	0
0.017000	9.404918	13	36	74	8	2	0	1	1
0.010000	7.828427	9	29	52	7	3	0	2	1
0.014000	7.990705	15	38	76	7	3	0	2	1
0.012000	6.650282	12	31	52	6	2	0	2	0
0.017000	9.300563	14	38	83	8	3	0	3	0
0.018000	14.414214	19	53	124	14	3	0	3	0
0.021000	12.803264	24	54	134	11	2	0	1	1
0.027000	10.708204	32	63	154	10	2	0	2	0
0.023000	13.236068	13	43	105	13	1	1	0	0
0.019000	11.071068	21	51	117	9	4	1	3	0
0.025000	10.990705	49	75	213	10	4	0	4	0
0.024000	12.404918	33	55	157	11	5	0	4	1
0.014000	12.162278	26	50	112	11	3	0	3	0
0.024000	11.537319	37	57	148	11	3	0	3	0
0.163000	10.699597	47	71	183	10	4	0	4	0
0.024000	13.042019	27	56	135	11	4	1	3	0
0.031000	16.333231	55	87	272	14	2	0	2	0
0.023000	15.604339	44	63	175	14	4	0	3	1
0.025000	17.236068	17	54	155	17	1	1	0	0
0.048000	15.570276	91	127	385	14	5	0	5	0
0.051000	18.359174	97	145	489	18	2	0	2	0
0.042000	16.957417	52	96	269	14	5	1	3	1
0.041000	15.656854	62	105	369	14	4	0	3	1
0.042000	14.796691	78	103	347	14	4	0	4	0
0.049000	13.576491	91	131	434	13	5	0	5	0
0.042000	18.969501	61	97	255	18	3	0	3	0
0.039000	18.469413	69	104	350	16	8	0	6	2
0.035000	17.755874	63	100	342	16	4	1	3	0
0.050000	17.862722	95	128	401	16	6	0	5	1
0.034000	17.469413	58	91	223	15	7	1	6	0
0.036000	18.053212	73	98	252	17	4	0	4	0
0.051000	17.067020	74	116	392	16	5	0	5	0
0.068000	18.877054	130	170	562	17	7	0	7	0
0.032000	16.029220	42	80	225	14	5	0	5	0
0.035000	16.543204	54	92	227	14	6	1	5	0
0.049000	20.549776	86	128	419	17	8	0	6	2
0.057000	24.297232	100	143	560	20	5	0	4	1
0.044000	20.648796	64	114	346	17	5	1	3	1
0.037000	18.252002	51	99	266	17	4	0	3	1
0.058000	22.139133	112	148	467	20	7	1	5	1
0.045000	21.344543	74	121	357	20	6	0	6	0
0.075000	20.877054	157	208	801	19	8	0	7	1
0.053000	20.395623	82	114	365	18	5	0	5	0
0.042000	20.586507	82	121	410	19	4	1	3	0
0.073000	22.286283	145	174	647	19	5	0	4	1
0.077000	24.844455	124	174	634	22	5	0	3	2
0.062000	26.498474	106	149	514	24	6	2	4	0
0.125000	26.409663	302	374	1517	23	8	0	6	2
0.088000	24.126268	157	215	831	22	7	0	6	1
0.038000	25.242641	67	110	275	24	3	0	3	0
0.052000	22.300563	91	121	378	21	6	1	4	1
0.058000	23.326901	117	169	595	20	9	0	8	1
0.064000	23.665621	112	166	608	20	7	0	6	1
0.092000	25.355763	163	219	906	22	8	0	8	0
0.081000	25.761610	155	202	739	23	6	0	5	1
0.133000	28.375119	291	351	1314	26	7	0	6	1
0.093000	25.207366	196	242	932	23	7	0	5	2
0.065000	26.734541	106	149	506	24	8	0	7	1
0.142000	30.126268	330	404	1912	26	9	2	7	0
0.082000	27.173984	169	205	779	24	11	1	9	1
0.113000	27.888497	230	287	1089	25	7	2	5	0
0.083000	27.242641	149	201	736	24	6	1	4	1
0.111000	27.977182	214	274	1163	24	9	2	6	1
0.069000	29.605162	95	152	547	28	6	1	5	0
0.047000	26.377277	99	143	361	24	6	0	6	0
0.105000	32.010827	227	292	1301	28	7	0	6	1
0.122000	30.908950	295	357	1418	27	8	0	8	0
0.092000	28.812719	196	243	893	26	9	1	8	0
0.089000	30.585946	206	250	882	28	8	0	6	2
0.075000	32.853140	129	177	609	31	7	2	5	0
0.084000	35.018988	134	199	793	34	5	1	3	1
0.126000	31.890200	245	318	1316	28	8	2	5	1
0.103000	30.531186	254	298	1222	25	11	0	11	0
0.063000	30.431953	130	169	492	28	9	0	7	2
0.089000	27.486255	212	275	1188	25	8	0	5	3
0.154000	35.672069	386	461	2023	30	10	0	9	1
0.111000	30.861151	283	341	1331	27	11	0	11	0
0.042000	35.404918	98	162	598	34	6	1	4	1
0.132000	39.618654	334	397	1805	37	6	1	4	1
0.168000	36.307136	420	468	2178	33	9	1	6	2
0.110000	30.235540	268	324	1276	27	13	0	13	0
0.127000	33.494048	287	341	1548	29	10	0	8	2
0.083000	31.193485	187	234	876	27	13	1	12	0
0.078000	35.312074	181	253	1020	30	10	1	8	1
0.069000	34.805609	145	192	767	30	9	0	6	3
0.133000	38.248276	283	358	1436	36	10	1	7	2
0.113000	39.473050	244	302	1165	36	11	2	8	1
0.178000	38.084373	469	532	2678	34	10	1	7	2
0.122000	39.461355	280	367	1647	34	10	0	9	1
0.091000	40.104025	222	269	1130	36	8	1	7	0
0.252000	39.209419	420	489	2256	35	11	1	8	2
0.346000	39.260345	472	569	2734	34	8	0	5	3
0.152000	36.376030	239	284	1207	33	14	1	13	0
0.069000	38.066580	153	231	909	35	9	1	7	1
0.078000	38.834159	187	280	1128	34	8	0	6	2
0.160000	40.478709	410	501	2273	39	8	2	5	1
0.261000	41.831376	702	790	3642	38	12	0	11	1
0.164000	41.890360	476	539	2281	36	12	2	8	2
0.156000	42.408653	416	461	2144	36	11	0	9	2
0.118000	40.657014	296	354	1416	37	10	1	8	1
0.228000	44.414719	296	357	1497	42	11	0	9	2
0.116000	42.696384	282	350	1608	39	8	0	6	2
0.221000	43.343888	620	683	3362	38	11	0	9	2
0.099000	39.281973	248	300	1168	36	13	0	11	2
0.168000	38.366233	438	524	2340	33	12	0	12	0
0.174000	46.282330	459	547	2854	41	12	1	8	3
0.358000	47.050086	551	626	3137	43	10	2	7	1
0.224000	46.785844	448	522	2154	43	15	3	11	1
0.177000	45.925304	264	345	1387	36	10	1	8	1
0.588000	45.770136	830	920	4515	40	12	1	10	1
0.188000	43.352037	397	454	2017	39	14	0	13	1
0.212000	46.761477	552	624	2926	41	10	0	8	2
0.116000	44.035663	303	366	1608	39	12	2	10	0
0.105000	43.290891	305	332	1226	36	14	1	13	0
0.223000	45.376765	629	700	3418	40	12	1	10	1
0.195000	48.323335	480	547	2568	42	10	0	7	3
0.297000	51.116972	830	911	4408	46	9	2	7	0
0.263000	47.690058	672	764	3647	40	7	0	7	0
0.214000	45.487350	554	597	2764	41	14	3	11	0
0.296000	45.140697	710	806	4468	39	14	2	12	0
0.150000	46.647559	395	461	2186	43	9	0	9	0
0.189000	47.511779	501	575	2684	43	14	0	12	2
0.257000	45.238090	665	770	3963	40	12	0	12	0
0.166000	48.534033	406	471	2307	41	13	4	8	1
0.144000	50.498384	359	431	1805	46	8	1	4	3
0.276000	49.732714	709	766	3535	46	17	1	15	1
0.223000	54.509593	496	608	2929	49	10	2	8	0
0.194000	47.153142	467	563	2632	44	14	0	13	1
0.251000	51.018439	717	798	4134	45	16	1	15	0
0.161000	52.870026	383	484	2309	48	12	1	8	3
0.230000	54.447284	538	630	3048	49	13	1	10	2
0.135000	49.645347	321	381	1382	44	12	0	11	1
0.220000	51.267762	494	590	2851	45	15	2	12	1
0.209000	53.952096	531	633	3203	48	13	2	10	1
0.246000	52.718627	526	610	3089	48	14	1	10	3
0.315000	56.526959	885	969	4718	48	16	2	14	0
0.439000	54.789411	1153	1249	6737	49	16	1	12	3
0.347000	52.570523	898	978	4665	46	18	2	16	0
0.218000	53.518889	577	667	3417	49	10	1	9	0
0.178000	53.871510	480	528	2414	49	16	2	14	0
0.358000	54.281269	667	743	3744	48	15	3	12	0
0.222000	53.945560	478	553	2392	48	18	1	16	1
0.236000	50.649753	709	770	3871	47	16	0	16	0
0.206000	54.305650	648	740	3237	49	16	0	14	2
0.394000	55.190266	1186	1294	7112	49	16	2	11	3
0.206000	58.960434	588	666	3301	53	15	0	13	2
0.395000	56.593145	1235	1303	6851	51	19	0	18	1
0.242000	57.544378	619	686	3466	52	18	2	13	3
0.411000	54.791889	911	998	5340	48	18	1	15	2
0.177000	59.842415	456	568	2596	53	16	3	10	3
0.325000	58.013854	830	974	5108	52	15	3	10	2
0.387000	59.977570	1108	1275	6990	50	13	2	8	3
0.180000	57.948282	460	546	2378	51	17	0	14	3
0.158000	54.327061	410	453	1581	49	13	0	12	1
0.318000	59.029399	900	995	5506	52	17	1	12	4
0.337000	62.535083	1019	1077	5256	54	20	1	16	3
0.292000	58.056208	853	937	5028	53	14	1	11	2
0.256000	56.975144	723	803	4252	52	17	0	14	3
0.204000	58.778466	533	621	2971	53	16	1	12	3
0.280000	63.927377	788	862	4081	59	16	2	12	2
0.320000	61.244331	742	842	4233	55	18	2	14	2
0.226000	60.790978	607	710	3476	56	17	0	15	2
0.302000	56.730964	883	957	4378	50	20	2	15	3
0.321000	64.030636	899	1021	5471	60	15	1	11	3
0.230000	61.289720	663	760	3492	54	19	1	14	4
0.333000	65.504206	939	1038	5684	60	19	3	15	1
0.445000	66.329208	1205	1323	7522	58	15	2	11	2
0.488000	63.427106	614	708	3462	56	19	1	16	2
0.170000	65.513481	504	547	2392	59	14	1	11	2
0.337000	65.924356	986	1078	5865	58	19	1	14	4
0.432000	60.747847	1274	1397	7142	54	20	1	17	2
0.241000	64.438836	730	800	3603	57	16	3	11	2
0.212000	63.591256	632	728	3402	53	14	2	11	1
0.294000	64.158960	837	959	4928	57	13	1	12	0
0.446000	60.997986	1444	1558	8054	54	17	0	15	2
0.397000	70.611992	1056	1187	6476	63	14	1	11	2
0.249000	69.205991	767	864	4621	63	17	1	13	3
0.262000	68.036501	788	866	4468	61	20	1	17	2
0.374000	70.123491	1119	1207	6784	65	16	1	13	2
0.331000	67.467011	950	1061	5470	57	19	1	14	4
0.311000	68.235161	726	806	4119	62	18	2	15	1
0.201000	69.932728	512	588	2941	65	17	2	11	4
0.425000	69.439929	1220	1359	7119	58	17	2	14	1
0.224000	69.294020	546	652	3231	60	14	1	10	3
0.631000	70.563039	1792	1940	11189	65	17	1	14	2
0.349000	74.907627	827	950	5159	69	19	2	14	3
0.343000	74.903221	1007	1137	5530	66	19	4	12	3
0.374000	69.920547	1145	1229	6319	64	19	1	17	1
0.235000	67.433563	681	800	3908	59	21	1	16	4
0.699000	72.956047	2187	2329	13095	67	19	2	15	2
0.324000	71.808616	909	1017	5582	63	26	1	18	7
0.256000	71.145399	736	819	3942	66	17	2	14	1
0.318000	68.900709	973	1084	5609	63	18	1	15	2
0.221000	72.650813	693	771	3315	64	21	4	14	3
0.332000	69.101609	1042	1137	5468	58	16	3	11	2
0.253000	73.175381	712	808	4097	67	20	0	15	5
0.214000	72.654976	615	703	3660	63	18	2	14	2
0.233000	72.355227	679	791	3457	67	17	1	16	0
0.350000	73.090138	1104	1220	6822	67	21	4	15	2
0.328000	72.874663	937	1062	5940	65	22	4	17	1
0.378000	72.034793	1151	1286	6473	62	24	2	18	4
0.446000	72.277239	1309	1433	8131	62	22	4	16	2
0.247000	76.605136	756	843	4073	68	21	2	16	3
0.344000	78.072703	1071	1193	5399	72	15	0	12	3
0.290000	72.941973	899	975	5017	66	22	0	19	3
0.281000	79.408578	831	905	4701	73	17	2	14	1
0.369000	80.293358	1044	1126	5478	74	16	1	12	3
0.415000	82.183009	1206	1327	7537	77	16	2	14	0
0.394000	77.382214	1259	1369	6318	67	21	2	14	5
0.335000	80.685763	1066	1189	6307	71	24	3	17	4
0.505000	78.678562	1470	1604	9251	69	19	1	15	3
0.338000	80.902977	985	1105	5626	70	25	3	17	5
0.277000	76.843927	789	869	4307	69	23	1	17	5
0.381000	76.383313	1136	1241	6912	67	25	1	19	5
0.453000	79.225911	1375	1511	8011	67	20	1	15	4
0.304000	82.504258	934	1032	5098	74	21	0	17	4
0.287000	83.657274	839	985	5307	70	17	4	12	1
0.477000	81.346592	1408	1595	8947	73	17	2	12	3
0.255000	80.213087	747	888	3968	73	21	0	17	4
0.478000	85.163127	1399	1508	8473	75	19	1	15	3
0.362000	81.185483	1048	1163	5749	71	23	2	20	1
0.645000	80.965659	2018	2144	12268	73	27	4	21	2
0.565000	83.193649	1693	1809	9910	76	23	2	18	3
0.404000	76.149355	1277	1378	7516	68	20	1	18	1
0.439000	84.408447	1438	1511	7702	75	21	2	15	4
0.767000	85.359933	2448	2650	15577	75	25	3	20	2
0.594000	82.684060	1816	1932	11188	73	26	3	17	6
0.365000	84.552243	1090	1273	7052	76	15	1	13	1
0.610000	85.598035	1843	1954	11828	74	24	0	18	6
0.548000	79.489338	1624	1723	9357	75	19	1	18	0
0.400000	83.591876	1130	1204	5975	76	23	1	20	2
0.365000	85.317015	1081	1177	6099	78	23	0	19	4
0.639000	84.195180	2024	2144	12706	75	20	4	13	3
0.670000	89.576286	2174	2263	13294	81	23	2	21	0
0.636000	85.491515	1945	2108	11953	80	23	3	19	1
0.332000	86.512301	989	1172	6622	78	24	2	18	4
0.619000	89.188200	2115	2248	13016	80	22	4	16	2
0.315000	86.213721	1021	1085	4663	76	27	2	21	4
0.455000	88.336029	1344	1463	7917	80	23	2	20	1
0.491000	84.471231	1544	1640	8487	75	25	3	20	2
0.476000	83.020368	1463	1584	8559	75	25	1	20	4
0.630000	88.914537	1873	1996	11764	79	22	1	18	3
0.655000	87.156854	1971	2083	13007	74	22	2	19	1
0.472000	88.831266	1397	1514	8592	79	24	2	20	2
0.564000	88.177130	1808	1928	11483	77	24	2	20	2
0.653000	89.352457	2439	2543	14784	81	24	1	23	0
0.318000	89.568422	983	1100	5852	79	24	1	20	3
0.656000	87.343264	1867	1993	11651	81	22	0	17	5
0.467000	90.637136	1577	1686	9830	78	25	2	20	3
1.265000	89.564525	1727	1870	10489	81	32	2	24	6
1.010000	93.913162	1729	1873	10282	85	23	4	16	3
0.740000	92.509144	1650	1753	10256	84	20	2	16	2
0.716000	87.663545	1684	1758	10253	79	27	3	23	1
0.477000	90.233977	1120	1223	5937	79	24	1	20	3
0.908000	93.944882	2135	2258	13874	84	23	5	17	1
1.072000	90.379511	2622	2732	16192	79	27	0	22	5
0.998000	98.144104	2621	2756	14169	91	23	1	18	4
0.700000	93.932721	1688	1805	10026	85	26	6	18	2
1.228000	93.707902	2923	3043	17544	85	25	1	19	5
0.623000	93.054097	1588	1665	8875	84	26	2	22	2
0.350000	94.571953	964	1015	4545	86	22	3	16	3
1.382000	97.563195	3638	3825	23789	90	31	1	26	4
0.727000	96.677099	1871	1996	11574	88	24	1	20	3
0.681000	93.891944	2011	2119	11566	82	24	0	21	3
0.680000	97.278162	1969	2140	12595	87	24	2	18	4
0.499000	98.770257	1389	1551	9227	89	26	3	21	2
0.428000	93.777571	1213	1359	7199	84	29	1	25	3
0.391000	98.958719	1179	1269	6166	86	26	2	17	7
0.553000	94.697548	1692	1817	9654	86	25	3	19	3
0.570000	93.022471	1752	1879	10577	84	26	1	22	3
0.784000	96.713871	1873	2024	12151	87	26	2	17	7
0.673000	96.301696	1701	1891	10817	86	27	3	22	2
0.422000	93.184754	1185	1331	7737	81	17	4	12	1
0.802000	95.583672	2711	2843	17039	84	28	1	24	3
0.494000	98.042361	1681	1823	11031	87	29	3	20	6
0.499000	98.846088	1441	1555	9165	89	27	6	20	1
0.538000	100.883194	1582	1703	9692	90	21	1	20	0
0.500000	101.483848	1502	1633	8714	89	29	4	22	3
0.701000	103.123958	2109	2309	12347	91	26	2	21	3
0.529000	99.530218	1550	1684	9431	86	31	2	26	3
0.421000	101.880473	1065	1201	6536	91	26	3	20	3
0.412000	97.793290	1186	1289	6483	86	22	2	18	2
0.452000	100.883729	1355	1513	8439	85	21	1	15	5
0.827000	100.098459	2737	2839	16431	91	28	2	23	3
0.831000	100.523011	2332	2558	15299	92	26	0	21	5
0.553000	102.337363	2021	2155	11972	95	26	3	20	3
0.844000	105.693795	2421	2664	15778	92	31	3	24	4
1.039000	102.993033	3257	3436	19701	91	30	4	19	7
0.756000	106.849485	2329	2489	15285	95	26	1	20	5
0.522000	107.366609	1640	1790	9215	96	27	3	19	5
0.636000	103.451343	2066	2176	11608	94	31	3	26	2
0.315000	98.411787	970	1048	4880	89	28	1	26	1
0.652000	104.113768	2006	2123	11781	94	29	3	25	1
0.696000	108.152422	2165	2241	12546	99	23	3	15	5
0.674000	105.479068	2090	2256	12290	97	25	1	23	1
0.873000	112.433050	2508	2676	15905	105	26	1	23	2
0.808000	108.352146	2430	2559	15196	97	27	2	22	3
1.001000	107.810168	2947	3115	18102	96	28	6	20	2
0.756000	106.477701	2500	2662	16380	95	32	2	24	6
1.270000	107.487327	3987	4091	24609	99	31	2	23	6
1.000000	108.746272	3145	3275	19868	97	32	3	27	2
0.864000	104.797451	2590	2761	16904	92	32	2	28	2
1.032000	106.720651	3095	3282	20977	96	27	2	19	6
1.184000	109.269397	3659	3833	23981	99	28	3	21	4
0.664000	107.971990	1946	2085	12309	97	28	3	19	6
1.106000	109.734789	3349	3560	22207	92	30	2	25	3
0.425000	107.988298	1255	1389	7252	97	31	3	25	3
0.600000	110.030508	1787	1984	12164	101	28	7	19	2
0.835000	110.981269	2516	2664	16611	99	30	1	25	4
1.013000	114.354598	1488	1696	9877	102	25	1	18	6
0.534000	112.301963	1615	1754	9496	100	33	2	24	7
0.876000	110.064671	2634	2774	16740	97	26	3	19	4
0.844000	112.141968	2602	2773	18058	103	29	2	25	2
0.612000	106.948722	1950	2042	9967	94	35	3	31	1
0.809000	105.234633	2403	2574	15298	95	32	1	27	4
0.695000	113.940686	2198	2318	13147	100	30	4	25	1
0.458000	116.386627	1401	1505	8059	105	28	3	21	4
0.754000	113.614725	2188	2375	14086	97	29	6	20	3
0.889000	108.792472	2650	2764	15753	96	31	1	27	3
0.759000	112.206225	2425	2516	13837	96	33	0	29	4
1.059000	115.634485	3261	3365	21088	102	33	2	26	5
0.641000	111.305161	1891	2037	11830	97	31	5	21	5
0.638000	116.612490	1841	1982	12096	101	31	4	22	5
1.034000	109.020927	2049	2164	12222	100	32	5	26	1
1.886000	116.843654	2952	3151	19896	106	30	5	24	1
0.858000	112.104581	1977	2175	12530	100	33	2	26	5
1.344000	113.128138	3349	3528	20684	98	33	1	29	3
1.304000	116.713765	3131	3285	21138	102	34	3	25	6
1.546000	116.015702	3506	3712	24903	101	31	4	24	3
0.906000	119.217925	2390	2555	15209	105	26	2	19	5
0.989000	121.104871	2257	2452	14656	108	27	5	21	1
0.776000	117.189107	2255	2373	13258	105	29	0	23	6
1.033000	117.577711	2604	2792	17395	107	29	2	22	5
0.988000	118.539538	2672	2873	17814	105	30	8	20	2
0.889000	121.824865	2675	2848	15738	108	33	2	26	5
1.134000	117.093325	3361	3518	21098	101	30	2	23	5
0.960000	119.690469	2933	3052	17610	106	39	3	31	5
0.578000	121.996690	1700	1867	10198	110	32	3	24	5
0.832000	114.584320	2630	2767	15137	107	30	2	28	0
1.009000	122.786945	3008	3133	19762	109	32	2	26	4
0.531000	119.216116	1581	1707	9016	104	30	2	24	4
1.072000	118.322795	3205	3425	21585	109	30	1	27	2
0.596000	117.817275	1845	1926	10271	108	31	5	24	2
0.646000	119.019463	2023	2163	11798	103	33	4	25	4
0.567000	122.052132	1711	1846	9524	107	33	3	26	4
1.452000	121.482548	3039	3222	18964	110	31	2	24	5
1.244000	121.217281	2368	2467	12528	108	36	2	30	4
0.926000	122.849046	2294	2415	12534	109	34	0	29	5
1.315000	121.897730	3075	3296	19931	106	33	5	25	3
0.857000	124.092129	2103	2222	12324	112	33	2	27	4
1.305000	121.486709	3116	3272	18666	107	38	4	29	5
0.803000	117.363729	1841	1997	11742	100	31	0	22	9
0.720000	121.764719	1655	1766	8976	107	36	3	30	3
1.666000	124.140430	3797	3987	26747	113	29	2	24	3
1.080000	122.851985	2716	2802	16509	109	32	5	26	1
1.951000	123.551042	4618	4828	31745	111	34	3	28	3
1.004000	127.155151	2647	2760	16284	113	33	1	26	6
1.122000	129.348888	2832	3019	19387	113	29	4	23	2
1.591000	128.382445	4952	5157	32040	117	39	2	33	4
1.250000	132.423806	3926	4085	24444	116	37	1	29	7
1.342000	128.961164	3995	4162	26000	118	36	1	27	8
0.915000	128.249491	2894	3011	17152	113	40	5	30	5
0.763000	124.837580	2555	2704	15189	107	39	4	30	5
0.770000	126.076009	2208	2343	14478	110	36	2	30	4
0.786000	123.404333	2349	2429	13110	111	40	1	34	5
1.152000	127.812969	3687	3822	22911	112	37	4	30	3
0.717000	126.158301	2157	2285	12853	113	36	2	31	3
0.908000	126.599361	2944	3098	17997	111	40	6	30	4
0.579000	127.118151	1920	1999	9486	113	32	3	27	2
0.699000	136.320389	1969	2158	12715	120	31	6	23	2
0.689000	128.187535	2165	2310	12295	112	37	4	29	4
1.688000	132.244646	5035	5298	36414	120	35	1	30	4
0.800000	127.827013	2713	2830	14609	111	38	2	32	4
0.811000	129.528752	2705	2786	15189	114	32	5	25	2
1.352000	130.254105	4405	4590	27185	118	35	6	28	1
0.961000	136.620036	2989	3117	17500	122	36	5	29	2
1.133000	134.651196	3338	3457	21599	120	37	6	26	5
1.398000	138.526122	4250	4387	26979	126	34	5	28	1
1.280000	134.976814	3733	3947	23322	117	38	4	29	5
0.942000	134.082029	2814	2979	18674	119	33	4	26	3
0.669000	132.556358	2151	2281	11441	118	41	3	34	4
0.718000	132.284134	2186	2332	12721	115	36	1	31	4
0.861000	129.060141	2938	3100	19365	113	41	2	35	4
1.078000	133.480933	3158	3334	20838	116	39	6	27	6
1.127000	136.258401	3530	3689	23825	124	34	3	25	6
1.047000	141.997490	3095	3267	19839	124	40	3	33	4
1.822000	139.097364	5269	5537	34424	124	31	5	23	3
1.452000	144.478719	4375	4559	30986	131	31	4	23	4
1.720000	137.754599	5327	5459	35359	122	43	3	34	6
1.437000	134.230747	4363	4593	28756	119	38	3	31	4
0.921000	139.129639	2854	3029	17608	119	37	4	30	3
0.825000	134.365047	2598	2716	15575	122	38	3	32	3
1.070000	134.561853	3246	3384	21615	118	36	3	31	2
1.232000	134.205697	3928	4070	22696	118	41	5	34	2
0.828000	133.988550	2706	2961	18066	118	38	4	30	4
1.212000	140.906613	3645	3810	21916	129	36	2	28	6
0.800000	142.448316	2391	2580	15154	129	38	3	26	9
1.332000	139.716798	4196	4348	26349	126	42	3	35	4
1.136000	140.240646	3585	3801	25690	126	42	4	30	8
0.737000	139.907070	2487	2602	15658	124	44	6	32	6
1.267000	138.715543	3793	4000	26411	127	38	3	32	3
0.665000	141.760410	2152	2248	12338	130	33	2	28	3
1.283000	146.499735	3944	4091	25824	128	32	7	22	3
0.993000	139.984200	2922	3084	18428	122	36	5	29	2
1.915000	142.861581	5300	5426	34007	127	38	1	30	7
1.532000	142.707192	4747	4870	27302	126	39	3	32	4
0.976000	148.982811	2706	2894	17708	130	35	2	29	4
0.728000	139.094173	2229	2306	12599	124	36	2	31	3
1.224000	144.731724	3091	3188	19481	130	39	4	29	6
1.894000	140.205621	5379	5619	36325	125	49	7	37	5
1.313000	141.853946	3925	4068	25458	126	46	4	37	5
1.221000	143.326073	3515	3708	24865	127	33	6	24	3
1.120000	147.596347	3244	3456	21602	135	34	2	26	6
1.787000	149.259367	4972	5134	34198	133	36	4	29	3
1.393000	145.847687	3746	4063	26482	130	42	4	34	4
1.707000	146.940432	5061	5249	32943	133	39	5	33	1
1.419000	145.227850	4148	4273	25734	133	38	4	27	7
1.094000	152.599350	3167	3391	20641	135	35	7	23	5
1.376000	145.158436	4224	4370	25879	129	41	0	35	6
1.635000	146.267366	5091	5228	31013	132	44	8	33	3
1.501000	150.255737	4338	4561	30981	132	34	5	27	2
1.842000	148.918342	2894	3100	21009	133	40	5	28	7
1.355000	145.033090	3678	3824	22760	127	34	5	28	1
1.216000	142.572624	3480	3664	22399	125	48	3	41	4
1.437000	150.043465	3968	4151	24851	136	42	4	33	5
2.152000	150.709504	6543	6779	44341	137	42	8	31	3
1.802000	150.456112	5325	5499	37347	136	41	2	32	7
0.750000	146.503051	2290	2380	12853	131	37	1	33	3
1.735000	153.471608	5272	5505	36425	140	43	8	32	3
1.118000	147.210450	3566	3675	20640	132	42	2	36	4
1.334000	150.319852	4064	4220	25902	130	42	3	34	5
2.094000	145.522225	5694	5907	38579	129	48	3	38	7
3.131000	150.725066	5640	5824	38222	138	42	2	34	6
2.040000	155.720472	4781	5018	30028	138	40	3	32	5
1.275000	143.621034	3125	3226	16490	129	42	2	36	4
1.774000	156.595491	4224	4407	26263	139	46	5	37	4
1.365000	154.990374	3435	3631	21644	139	36	4	26	6
1.546000	155.986047	4163	4361	26245	140	36	3	26	7
2.342000	150.964667	6908	7088	44778	137	39	3	32	4
1.247000	154.437498	3675	3843	22925	137	45	4	39	2
1.226000	160.174872	3790	3967	23453	141	39	3	27	9
1.159000	158.370025	3385	3517	19732	143	45	6	32	7
1.720000	153.227816	5221	5433	36572	134	42	6	32	4
0.880000	153.679331	2616	2788	15858	136	49	2	40	7
1.237000	151.240923	3821	3964	22733	135	40	5	32	3
1.521000	155.626263	4624	4831	28180	142	37	5	30	2
1.501000	158.823759	4631	4817	30163	139	42	4	33	5
1.558000	155.875027	5457	5595	35208	139	42	2	38	2
2.737000	156.903588	7363	7574	47455	139	42	0	35	7
1.920000	158.051265	3978	4175	25862	136	41	7	30	4
1.741000	156.501525	5639	5848	38002	138	42	3	33	6
1.915000	158.452508	6226	6527	46398	140	36	1	29	6
2.165000	155.842130	6649	6892	46351	140	47	3	39	5
2.211000	155.826773	6656	6855	43436	136	41	4	32	5
2.782000	157.767063	4978	5142	29097	142	40	2	34	4
1.407000	159.468481	3476	3533	20493	144	46	6	33	7
1.356000	164.003836	3226	3426	18805	148	39	6	29	4
1.612000	158.342977	3657	3884	23956	144	39	3	31	5
1.977000	162.170974	4667	4841	29436	141	45	6	33	6
1.373000	155.914266	3306	3475	20184	139	44	2	39	3
1.744000	159.871780	3885	4074	25739	141	38	1	31	6
2.076000	160.928820	5103	5269	32236	144	42	5	34	3
2.221000	156.740932	5926	6116	40389	137	51	3	40	8
1.350000	159.780455	4017	4161	25864	142	40	2	36	2
1.926000	165.077215	5505	5691	38249	146	39	5	28	6
1.427000	165.468831	4265	4461	28199	150	46	6	38	2
2.050000	162.458847	6366	6542	41637	146	46	3	37	6
1.802000	166.829883	5431	5627	37254	152	49	3	41	5
1.886000	166.501193	5436	5670	40596	150	44	6	33	5
3.163000	168.878059	9675	9926	64543	154	42	1	33	8
1.392000	164.249168	4362	4555	29608	147	44	8	33	3
1.121000	165.500361	3437	3599	21804	148	49	7	34	8
2.821000	165.232490	8587	8813	55893	148	49	6	37	6
1.612000	165.006517	4703	4913	33581	146	41	5	34	2
1.563000	168.554151	4776	5029	31698	150	47	8	35	4
1.780000	162.100321	5309	5457	35598	143	47	5	38	4
1.240000	169.004396	3566	3767	23239	153	38	0	35	3
1.470000	164.303577	4623	4809	28765	143	46	4	40	2
2.086000	166.114153	6978	7147	45042	148	47	4	40	3
1.005000	160.296860	3253	3446	20610	139	48	4	40	4
2.081000	168.357459	6240	6416	43039	153	43	2	35	6
1.692000	168.500177	5139	5283	34574	149	40	4	31	5
1.060000	169.354018	3357	3495	20322	146	48	4	35	9
2.504000	168.476468	7283	7495	51044	152	45	3	35	7
1.153000	165.758223	3578	3782	22134	150	41	1	33	7
2.925000	167.076025	8644	8821	61739	147	47	2	38	7
3.055000	173.271539	9459	9656	63891	152	45	4	34	7
1.897000	169.517879	5851	6042	39966	150	50	6	37	7
1.718000	172.340071	5236	5423	34260	150	46	7	34	5
2.186000	164.769628	6887	7049	46045	145	49	4	37	8
1.293000	170.242731	3960	4091	24365	157	50	3	42	5
1.989000	171.136188	5858	6103	41378	152	45	6	32	7
1.900000	171.998630	5931	6098	38490	155	41	4	33	4
1.715000	171.736203	5164	5365	32967	152	43	5	35	3
2.097000	171.716882	6598	6792	42739	153	52	3	42	7
2.920000	168.319808	4976	5155	35467	151	56	6	46	4
2.297000	170.857738	5419	5610	34502	155	43	4	33	6
3.151000	176.967890	7323	7584	52249	158	44	5	29	10
2.458000	172.060962	6085	6270	40879	156	48	4	41	3
1.834000	170.231889	4624	4836	30972	155	49	5	41	3
2.535000	172.477070	6067	6261	40774	152	51	2	39	10
2.130000	179.292282	5894	6184	42149	163	43	9	32	2
1.931000	166.765464	6056	6211	39155	151	48	2	40	6
2.682000	171.632774	7169	7344	47031	152	52	4	42	6
1.874000	171.197033	5006	5214	34273	148	47	5	35	7
2.343000	173.210092	6253	6492	43457	154	51	3	40	8
1.606000	176.469115	4600	4742	29697	154	47	3	37	7
2.122000	183.601632	6416	6652	45535	165	46	3	33	10
2.755000	179.626032	8428	8651	58810	160	48	5	33	10
1.504000	176.907292	4421	4742	29025	158	45	4	36	5
1.754000	176.476286	5174	5399	35703	158	44	4	31	9
1.719000	173.598633	5161	5317	32930	150	46	4	37	5
1.854000	179.367382	5891	6048	36516	156	44	6	31	7
1.746000	174.321368	5317	5486	35157	154	50	4	38	8
1.483000	173.682733	4765	4884	29122	156	46	2	39	5
2.272000	176.867038	6730	6841	47857	151	48	2	40	6
1.501000	175.194153	4551	4680	28698	159	50	5	42	3
3.724000	178.967916	6615	6823	44589	159	58	4	48	6
2.767000	183.873484	6447	6645	47681	162	47	5	33	9
1.510000	180.983484	3821	3950	21579	164	52	5	43	4
2.391000	177.428191	5679	5876	39583	159	49	6	36	7
1.708000	178.872069	4712	4872	30229	158	51	5	38	8
1.814000	185.801022	4975	5301	34227	164	45	0	34	11
2.146000	177.130785	6454	6670	42864	158	48	5	39	4
2.872000	182.109021	8645	8851	61494	158	45	7	33	5
1.062000	183.856738	3123	3261	19501	165	38	3	29	6
2.053000	186.566484	6218	6393	42871	168	46	6	34	6
1.331000	179.369468	4401	4492	24726	155	49	6	37	6
1.753000	181.285504	5369	5542	32808	160	55	2	48	5
2.535000	182.834605	7628	7851	54667	164	53	5	42	6
1.918000	182.584757	6045	6144	36386	161	52	4	40	8
1.571000	180.337563	4987	5113	31326	160	54	8	40	6
1.716000	181.113862	5247	5365	33620	162	45	3	39	3
2.187000	180.142829	6751	6921	43121	162	48	7	38	3
1.217000	180.941960	3898	4064	21701	162	54	7	41	6
3.158000	183.174313	9220	9522	66626	168	52	3	45	4
0.895000	182.819009	2671	2857	16925	162	48	3	35	10
1.559000	189.689533	4448	4658	32477	163	40	1	30	9
1.591000	189.522974	4752	4986	33223	170	53	3	40	10
1.473000	181.919817	4343	4523	28372	159	58	10	43	5
3.603000	183.265468	10017	10214	71192	160	53	4	41	8
2.340000	187.818529	7184	7428	50492	168	53	5	45	3
2.446000	184.771802	7345	7601	51362	168	45	1	38	6
2.504000	183.255356	7733	7885	50837	162	55	8	42	5
2.221000	184.576376	6141	6373	43270	161	51	3	38	10
2.460000	200.118892	6761	6917	49445	178	51	7	39	5
2.190000	190.098900	6189	6342	41176	171	54	7	40	7
1.318000	190.946732	3876	4072	25722	169	42	1	36	5
2.523000	187.378975	7646	7872	51435	169	54	3	46	5
3.211000	190.278987	7751	7900	50269	170	53	5	42	6
1.850000	189.897440	5903	6089	36501	166	47	6	34	7
2.959000	187.069344	9718	9913	62505	170	46	2	38	6
1.938000	187.982327	5716	5927	41054	168	51	4	44	3
4.876000	196.269846	11185	11427	78016	172	50	6	39	5
2.095000	187.949419	5205	5390	31535	169	54	4	46	4
3.863000	191.094743	9785	10015	70524	168	54	1	43	10
2.809000	191.455379	6871	7175	47584	172	56	7	43	6
3.370000	189.923753	9386	9538	64628	172	51	7	40	4
1.949000	193.709666	5550	5804	38655	165	50	4	37	9
3.169000	192.825378	10113	10305	63695	170	51	3	42	6
3.397000	190.966046	10122	10409	68560	168	49	7	39	3
3.107000	190.826842	9313	9525	65880	174	47	1	40	6
2.125000	191.844870	6570	6733	42534	166	54	6	41	7
1.703000	197.799435	5221	5450	33731	178	55	4	43	8
2.579000	189.655409	8001	8235	53251	171	53	5	40	8
2.748000	194.299241	8377	8545	59325	177	50	1	42	7
3.226000	197.274841	9435	9749	69373	172	57	3	41	13
1.663000	196.548901	5589	5771	34415	174	51	2	43	6
1.781000	191.681132	5533	5765	35271	171	52	4	41	7
3.281000	198.641472	9976	10201	67893	174	55	7	42	6
2.058000	197.876559	5913	6098	38338	181	52	4	42	6
1.988000	199.492172	6054	6307	38301	178	56	9	43	4
2.807000	197.331644	8375	8599	54826	175	61	4	49	8
2.327000	203.268509	6819	7073	46174	179	52	4	43	5
3.445000	193.636620	9839	10070	70003	177	53	2	43	8
1.964000	201.518572	5924	6086	38022	178	52	3	43	6
2.745000	197.319945	7233	7448	46863	179	55	4	46	5
3.354000	197.890895	8749	9018	60536	177	52	3	39	10
2.335000	200.808918	6288	6434	39956	181	52	7	35	10
3.064000	197.308767	8649	8925	59086	179	51	2	40	9
3.055000	197.746156	8830	9015	61355	178	54	1	49	4
2.277000	195.034067	6641	6838	39445	170	58	4	47	7
1.837000	195.772630	5190	5366	34154	173	59	7	46	6
3.465000	202.471157	8242	8618	62287	181	55	6	40	9
3.251000	201.871146	8091	8344	56035	176	52	4	44	4
2.582000	199.198870	6887	7025	45390	178	54	4	47	3
3.484000	200.138349	9044	9231	57646	178	52	3	39	10
2.086000	198.888071	6333	6502	39489	178	52	2	45	5
2.871000	203.602543	8195	8385	57782	185	59	6	42	11
6.169000	208.442995	13126	13379	91949	185	53	1	42	10
3.270000	203.886879	4957	5121	30507	180	54	4	45	5
2.498000	208.751113	6408	6638	42199	184	53	3	43	7
3.405000	205.505925	8337	8595	58719	182	50	3	40	7
2.356000	206.738172	3659	3993	24631	180	42	3	31	8
4.470000	208.154094	12841	13163	92108	182	52	5	40	7
2.992000	204.836565	7016	7219	44588	182	56	2	47	7
3.915000	210.898167	10773	11050	78390	191	54	6	39	9
2.759000	202.943531	8550	8702	52234	186	55	4	45	6
1.610000	208.883041	4858	4999	27223	184	62	7	48	7
2.665000	201.853430	7536	7800	51236	179	66	3	59	4
3.166000	208.539584	8304	8465	56641	181	53	4	40	9
4.875000	204.861458	13508	13779	98583	183	55	5	44	6
2.999000	211.135948	8373	8645	58221	190	56	6	40	10
3.670000	202.732979	9935	10154	71773	184	55	5	45	5
3.242000	208.794452	8813	9135	62582	182	55	3	44	8
2.857000	206.551421	7864	8083	51785	186	54	1	46	7
3.322000	210.598255	9140	9320	65780	187	58	4	48	6
2.875000	211.122539	7083	7282	48812	192	55	8	38	9
3.366000	206.003342	9241	9418	62145	186	55	5	44	6
2.747000	206.422732	8240	8402	48267	189	55	1	47	7
1.571000	211.793874	4960	5146	28003	189	55	1	44	10
3.822000	212.738461	9900	10092	70543	191	49	4	39	6
3.409000	206.688390	9232	9543	65662	185	53	4	41	8
4.789000	213.250452	12328	12637	91419	187	60	6	48	6
3.748000	206.594375	9159	9384	66346	184	53	5	43	5
3.012000	210.814514	7581	7703	49761	185	56	8	45	3
1.574000	208.610979	4485	4643	27924	189	55	1	44	10
3.413000	212.004693	8990	9242	60902	188	58	5	48	5
4.242000	208.260638	10756	10977	72930	186	66	5	56	5
2.318000	213.749449	6440	6698	45594	189	51	4	42	5
4.730000	210.475736	7903	8119	51952	187	57	7	45	5
1.729000	220.687425	4663	4855	29660	199	46	2	36	8
3.443000	211.926260	8866	9152	63627	189	61	6	48	7
2.010000	208.188613	5899	6014	36256	191	59	5	51	3
1.857000	215.520142	5055	5226	34475	192	60	7	44	9
2.205000	211.338314	5729	5957	38008	192	46	5	38	3
15.009000	221.541864	10072	10311	71413	196	50	2	45	3
2.440000	210.983185	6951	7135	44590	184	65	4	52	9
7.925000	211.013510	13428	13685	95921	190	58	6	45	7
4.306000	219.725682	10461	10605	67481	192	59	7	45	7
3.698000	212.993993	8524	8773	55320	189	62	4	49	9
4.596000	219.189012	10845	11129	77760	200	59	7	47	5
2.385000	216.610575	6510	6752	43782	192	59	3	48	8
4.605000	212.796130	11429	11606	82287	187	65	3	54	8
3.191000	218.511175	8862	9226	64285	196	60	10	43	7
5.787000	219.689690	10935	11148	72824	195	55	6	44	5
3.202000	223.144619	8331	8423	58022	198	62	7	49	6
4.165000	219.846246	9340	9495	59474	200	57	3	45	9
2.879000	221.305086	8277	8495	54321	195	56	2	49	5
5.923000	219.972284	10365	10667	73714	192	60	3	48	9
3.687000	225.667630	9672	9930	72326	198	51	4	38	9
1.876000	219.430485	5653	5802	34224	195	60	4	46	10
4.048000	220.277257	10268	10483	75049	198	63	5	51	7
2.131000	214.858606	5874	6058	38697	194	59	2	45	12
3.370000	215.727008	4619	4811	28170	196	56	3	44	9
4.118000	217.576674	7547	7794	51282	191	69	5	55	9
5.259000	226.301803	12361	12684	91775	197	55	4	42	9
7.277000	225.870639	11946	12100	84846	204	59	6	49	4
4.015000	223.972455	8976	9162	61506	196	62	7	50	5
2.834000	227.070484	7553	7701	51785	204	60	5	47	8
2.226000	225.102343	6385	6519	41250	204	58	1	45	12
1.771000	219.464902	5266	5422	32354	195	60	4	51	5
3.269000	223.408686	9357	9629	67227	196	60	6	46	8
3.531000	225.408528	10410	10702	76026	192	58	5	44	9
5.639000	220.266298	12948	13149	96390	197	66	5	54	7
3.752000	230.221034	10584	10852	72890	207	53	8	35	10
3.970000	226.017271	10960	11290	81717	205	58	5	43	10
2.343000	221.854119	6492	6683	43518	200	60	9	47	4
4.463000	227.766704	12482	12653	87863	203	67	4	53	10
3.740000	233.018481	11683	12000	80566	205	60	6	47	7
4.019000	231.052051	10643	10894	77839	204	57	11	40	6
6.136000	228.355535	13947	14283	103762	198	66	6	54	6
2.372000	225.522730	5746	5970	39571	195	55	3	44	8
3.180000	230.552289	8386	8614	61131	201	59	6	44	9
4.502000	228.571879	12504	12846	87118	202	59	5	49	5
4.449000	234.692183	13306	13535	94208	202	63	8	44	11
2.108000	230.670984	6464	6680	40606	212	60	2	47	11
3.232000	235.536434	9463	9767	68751	209	55	6	43	6
1.789000	230.795045	5487	5665	34923	206	64	5	50	9
3.645000	229.232476	10597	10790	68911	203	63	10	49	4
3.067000	229.635076	8682	8890	60169	205	63	4	49	10
2.701000	234.352685	7953	8240	56892	210	63	4	48	11
3.383000	229.305356	10031	10390	69594	204	65	6	46	13
5.984000	231.500229	15365	15631	110822	206	58	2	47	9
2.500000	225.658665	6747	6978	44956	201	67	7	53	7
3.903000	233.801032	11521	11890	86772	210	60	9	42	9
4.365000	239.623939	8686	8914	61146	211	56	8	41	7
3.359000	229.815697	8198	8305	52179	203	67	5	54	8
5.716000	240.808807	12424	12656	88600	215	61	5	47	9
6.806000	234.301941	19325	19753	140157	208	63	3	54	6
4.615000	236.352957	14325	14504	103292	211	60	7	46	7
4.971000	237.918327	14102	14423	106261	211	57	7	43	7
2.710000	231.668003	8487	8774	58371	202	63	7	47	9
1.963000	234.601612	6035	6186	36294	204	61	7	46	8
3.350000	227.424504	6427	6613	39869	205	65	3	52	10
4.594000	233.070638	10313	10586	74824	206	65	3	50	12
6.291000	239.024502	14604	14844	101654	212	69	6	54	9
3.381000	240.130280	8590	8808	60531	211	68	4	50	14
4.270000	234.964578	11652	11995	85658	208	59	7	47	5
2.665000	238.037809	7897	8102	53749	212	66	11	53	2
4.024000	237.913545	12269	12528	93817	211	63	9	48	6
4.374000	238.228574	13211	13465	95555	210	56	6	47	3
4.599000	237.913921	9039	9350	62625	212	66	7	53	6
3.423000	241.765183	8005	8208	53232	221	58	9	41	8
5.422000	236.721454	12743	13080	93432	209	65	3	50	12
3.330000	238.026501	9257	9502	64498	209	64	6	50	8
3.968000	235.574338	11667	12053	80056	210	63	2	57	4
4.377000	234.814236	13666	13856	89843	209	65	2	59	4
3.999000	241.848913	11967	12328	83922	215	59	3	48	8
2.495000	237.939901	7393	7664	51698	209	68	8	49	11
5.726000	240.792081	17046	17417	126420	220	61	4	46	11
4.814000	238.396095	14585	14848	106317	211	67	4	54	9
4.964000	234.395962	10945	11173	77898	206	65	4	53	8
2.847000	244.620831	7923	8196	58203	214	53	4	38	11
3.890000	239.074965	10938	11231	82390	212	66	8	53	5
2.778000	238.000325	8441	8665	53097	218	64	3	55	6
6.255000	244.608148	16044	16320	119276	214	69	5	53	11
6.753000	244.716786	16022	16355	115365	220	71	3	59	9
5.616000	242.689308	14683	14936	99556	215	61	6	45	10
7.243000	239.981944	17003	17361	121129	213	65	4	54	7
3.148000	239.326997	7161	7308	45246	210	63	7	50	6
3.914000	242.394160	8789	8964	63193	215	68	3	55	10
7.415000	239.363479	15175	15458	106166	210	71	3	54	14
4.629000	242.655985	13480	13727	94430	216	64	4	46	14
2.542000	244.826010	7059	7306	46493	222	64	6	53	5
2.907000	244.807730	7538	7797	48903	214	62	4	50	8
4.017000	249.528338	11429	11768	83573	224	71	4	56	11
3.025000	242.103837	7627	7769	46890	214	71	6	57	8
5.523000	240.757081	12007	12196	83855	215	77	7	62	8
4.096000	246.756466	11585	11807	80764	214	65	5	51	9
5.092000	241.444740	13557	13747	94279	215	77	5	64	8
3.787000	242.019682	10178	10493	72584	213	62	6	50	6
4.044000	247.709389	10294	10568	75061	219	75	6	57	12
4.445000	250.192240	11726	11950	83217	227	60	3	50	7
5.419000	247.285495	14563	14844	100115	223	64	8	49	7
3.185000	249.996943	8394	8722	59843	225	66	9	50	7
3.786000	249.492840	9776	10032	74031	220	65	6	53	6
4.826000	253.326794	12825	13097	94616	229	63	4	50	9
2.776000	250.466817	6775	7003	43223	218	66	7	49	10
3.511000	249.372333	9292	9588	65204	219	75	11	57	7
2.809000	250.326958	7639	7862	53189	218	63	8	45	10
6.534000	255.556996	13065	13313	87342	230	66	3	56	7
6.486000	248.368049	14315	14602	104636	220	73	7	59	7
2.853000	242.425540	8468	8651	54407	216	72	5	53	14
3.023000	248.755937	7814	8086	51299	222	64	7	49	8
5.573000	251.074291	14859	15077	102437	222	67	6	56	5
4.435000	247.057434	9726	9932	61557	217	74	5	61	8
5.598000	251.759414	13818	14134	98802	224	72	6	58	8
3.387000	253.688853	6340	6512	36274	232	67	8	52	7
5.917000	252.802387	14465	14650	101279	227	67	7	55	5
4.156000	251.650236	9641	9726	61718	225	78	5	67	6
5.136000	252.893395	7527	7739	43090	223	69	7	55	7
3.672000	255.960045	9537	9858	68079	226	68	7	56	5
5.166000	251.966383	13504	13827	94731	219	71	5	60	6
7.827000	255.312217	15866	16208	122030	228	66	11	48	7
3.192000	262.635213	8461	8644	57744	233	70	8	50	12
4.673000	258.609947	12722	13039	91967	233	59	6	47	6
6.551000	259.798312	12760	12976	91167	229	64	5	54	5
3.099000	257.002491	8889	8996	55443	230	70	9	53	8
4.009000	260.750551	10385	10677	67212	233	67	9	49	9
8.482000	251.558388	14862	15128	105781	226	72	10	58	4
4.899000	256.186144	10806	11056	78250	229	67	8	52	7
3.107000	260.763784	8168	8388	58682	232	69	7	53	9
5.226000	254.975414	12783	13123	92623	225	72	4	60	8
5.843000	260.280395	10490	10773	77082	227	66	8	48	10
2.137000	257.950387	6152	6338	38440	227	71	6	55	10
4.143000	259.201997	10798	11116	80164	234	69	7	54	8
6.012000	259.853570	11497	11751	82482	233	64	9	46	9
8.870000	256.172300	17820	18274	129939	227	67	3	55	9
4.187000	249.329538	11555	11719	74475	221	73	1	60	12
5.717000	261.417299	11154	11453	80372	227	68	3	52	13
3.232000	257.275980	9157	9332	60557	234	73	6	55	12
6.014000	262.076761	16544	16806	126439	236	72	6	50	16
6.047000	262.774393	16670	16909	123401	235	64	3	53	8
6.615000	262.677287	18054	18348	133058	235	67	5	50	12
2.529000	257.295112	7636	7764	45695	228	75	7	61	7
6.432000	268.678145	13187	13614	99816	237	63	8	49	6
2.332000	270.882573	6862	7009	41635	243	68	10	50	8
4.439000	260.553104	12241	12445	82484	235	78	4	60	14
6.099000	265.764169	15054	15370	113358	234	68	6	56	6
5.664000	259.118418	11226	11452	80227	227	78	5	62	11
3.068000	265.317287	9285	9433	56963	233	70	4	57	9
3.042000	257.937052	8103	8352	53773	235	79	4	62	13
3.189000	263.045673	8436	8951	62189	229	70	6	52	12
5.297000	267.975148	13452	13670	96991	240	66	4	53	9
4.622000	271.214769	13964	14249	99337	241	66	10	46	10
5.415000	258.174217	15150	15436	111992	233	74	6	58	10
5.993000	268.729059	12129	12528	86857	233	76	8	56	12
2.479000	261.962351	7580	7788	49621	237	71	6	55	10
4.848000	270.701836	13856	14213	103109	237	62	6	47	9
4.031000	268.578561	11572	11908	87723	240	70	7	55	8
3.370000	258.716178	8681	8919	58110	229	78	5	65	8
3.878000	263.544518	11079	11516	86283	233	76	7	58	11
3.225000	264.610487	9904	10083	66687	236	71	5	55	11
3.231000	267.983134	9432	9670	67199	235	66	8	52	6
2.691000	266.961469	8246	8537	56490	241	69	3	53	13
3.976000	263.434457	11815	12074	84220	232	76	11	58	7
3.542000	270.783653	10858	11047	74386	243	76	4	58	14
5.335000	262.262678	15754	15980	113270	234	76	6	61	9
4.042000	270.396671	11352	11699	84064	242	73	14	50	9
3.816000	268.268591	11481	11776	80481	242	71	5	57	9
3.012000	264.393480	9635	9885	61103	235	73	6	54	13
6.154000	269.096536	14989	15187	106433	237	69	7	56	6
5.198000	270.824192	15320	15728	111584	242	68	4	56	8
4.028000	276.714404	11347	11611	76844	246	72	12	55	5
4.633000	277.520285	14017	14288	105130	244	68	7	54	7
3.453000	263.864317	10384	10658	71408	241	76	4	63	9
6.557000	268.247835	14663	14955	100957	238	82	9	64	9
3.226000	273.883767	7635	7870	49826	243	68	3	57	8
4.504000	269.961707	10733	11069	75200	245	70	9	57	4
5.571000	272.724030	15663	16022	115595	248	71	5	54	12
3.961000	268.831809	11702	11981	84380	237	84	8	68	8
2.292000	280.252684	7404	7539	46131	248	68	10	51	7
3.431000	263.555958	10376	10572	72089	235	83	7	69	7
4.118000	274.798253	12123	12431	88266	245	67	6	50	11
6.437000	271.302401	13082	13413	100419	242	85	7	69	9
5.940000	269.485142	15849	16011	111629	240	77	6	61	10
4.751000	275.405666	13562	13890	98616	245	79	10	62	7
2.585000	279.052454	8205	8422	52785	247	72	6	55	11
5.003000	279.149950	15028	15412	104733	248	65	8	53	4
7.711000	273.223898	16637	16878	109243	240	71	6	56	9
7.404000	276.016412	18280	18626	130561	239	70	4	59	7
3.120000	278.942153	8399	8711	61081	248	70	7	53	10
3.952000	276.184508	12259	12564	83419	243	73	6	53	14
2.163000	274.047225	6822	6965	37640	247	77	8	59	10
4.696000	281.644043	14430	14644	96442	248	78	3	65	10
5.195000	282.383020	15223	15550	110253	254	77	7	64	6
5.463000	276.589758	16464	16724	118839	246	75	6	62	7
6.115000	278.094958	17004	17336	132080	249	71	10	49	12
5.507000	272.482650	16766	17040	119358	242	76	6	58	12
3.048000	270.262854	9698	9934	62967	244	81	6	65	10
6.168000	278.378277	17106	17365	124082	247	75	5	62	8
8.797000	279.706904	22638	22993	177938	248	77	6	63	8
5.191000	275.066108	15799	16005	106378	246	77	10	61	6
5.644000	286.938790	14684	15046	112203	260	75	7	57	11
4.694000	291.335746	13853	14106	97021	255	66	5	50	11
6.745000	289.838151	18446	18974	145778	262	70	10	50	10
5.841000	272.659508	17259	17592	122749	244	82	9	67	6
4.633000	278.467626	12657	13017	92393	247	85	9	65	11
8.275000	281.682584	17856	18085	133806	252	75	11	58	6
7.267000	276.721876	18602	18831	129415	247	83	7	68	8
4.814000	283.037511	14299	14543	100867	251	82	8	61	13
4.736000	287.214468	14764	14954	96956	254	73	6	59	8
3.349000	288.860231	10828	11020	69455	257	74	10	54	10
2.356000	282.696928	7348	7496	46428	254	79	9	63	7
4.684000	284.592390	13872	14052	97974	253	82	6	67	9
5.716000	282.537195	16480	16750	119187	256	83	7	67	9
4.919000	281.982914	14328	14584	106086	251	74	10	53	11
4.646000	283.532346	13572	13920	97920	253	73	5	58	10
4.733000	289.729328	14567	14830	103402	250	72	4	57	11
7.082000	294.942261	20253	20652	151839	263	72	5	61	6
5.819000	281.051843	17489	17793	129458	254	77	5	66	6
3.405000	280.629652	11305	11521	71453	247	79	6	65	8
2.896000	291.406786	10144	10297	65472	261	81	8	66	7
3.131000	294.702383	9106	9407	67550	268	72	12	54	6
4.783000	289.603301	13988	14356	107530	256	76	10	57	9
5.064000	289.014339	14412	14767	111293	255	79	11	59	9
5.020000	291.171184	15539	15828	110016	255	77	7	59	11
6.046000	288.796639	17999	18301	129977	262	76	7	59	10
3.645000	283.900160	11326	11510	71811	252	77	6	65	6
4.743000	286.898722	13803	14187	101858	254	85	9	65	11
4.865000	290.485650	14116	14448	104349	257	86	5	69	12
6.185000	291.080847	18659	18943	136724	259	74	9	57	8
6.284000	291.975454	19250	19480	134596	261	76	3	63	10
4.569000	292.443066	14140	14346	95099	260	68	5	56	7
3.361000	289.369378	10273	10422	70220	261	84	8	61	15
5.306000	293.132608	14257	14648	104640	262	81	5	67	9
3.372000	290.131392	10252	10473	69267	261	76	10	61	5
8.258000	295.701994	19492	19864	148738	265	82	10	62	10
7.344000	287.565687	17260	17547	116642	259	75	5	65	5
7.323000	280.180406	16879	17189	117613	251	85	7	70	8
4.791000	292.016616	13504	13758	97570	259	92	10	70	12
2.860000	290.549676	9401	9499	53201	261	74	5	57	12
6.802000	290.447890	20622	20862	150489	252	84	7	67	10
7.790000	296.094165	15756	16155	122914	264	74	8	55	11
3.410000	302.169903	10383	10538	64451	272	76	10	56	10
5.026000	302.226485	13724	14088	97968	268	73	6	56	11
3.959000	290.448191	10944	11164	76569	259	86	6	70	10
10.294000	298.507267	18219	18677	139785	269	75	8	54	13
6.411000	291.393782	18223	18476	126002	264	80	5	64	11
8.356000	286.225290	22789	23072	166020	257	85	6	68	11
10.271000	291.459318	21934	22233	163181	261	81	5	67	9
8.120000	291.397791	13240	13550	96148	256	88	14	66	8
8.789000	300.097957	24547	25067	190897	271	82	10	58	14
5.201000	297.103109	15998	16393	114509	266	79	12	60	7
6.626000	302.743305	19214	19665	140394	270	68	8	55	5
2.901000	299.174340	8774	8980	57811	269	84	7	70	7
6.377000	297.832417	19436	19762	140034	266	78	9	60	9
5.075000	303.574432	15053	15441	112899	269	76	10	54	12
4.407000	295.385712	12972	13177	95930	262	82	10	62	10
5.454000	302.228682	15981	16309	121583	271	81	7	61	13
5.159000	292.848354	15483	15756	106767	262	83	6	65	12
5.476000	300.724359	15206	15473	107826	263	81	8	63	10
6.599000	299.309942	18800	19134	140349	264	78	2	64	12
7.885000	298.750531	22595	23046	170114	267	82	5	71	6
6.262000	303.824624	17276	17594	126567	264	83	6	67	10
5.159000	306.753317	15307	15505	111034	273	77	4	60	13
7.991000	303.124839	22516	22880	170796	268	83	8	64	11
5.460000	303.360679	14998	15212	106683	270	86	3	73	10
3.461000	304.852630	10319	10563	72158	269	79	8	62	9
5.290000	301.801872	15314	15634	115766	270	89	7	68	14
5.547000	304.989114	17016	17238	110517	271	76	6	60	10
6.938000	306.974453	18998	19456	148711	271	80	10	60	10
5.045000	305.985798	14649	14918	104445	271	72	8	57	7
6.538000	299.377924	18977	19280	144659	268	84	5	69	10
6.315000	305.851447	18645	19026	138432	272	80	5	59	16
6.769000	308.030105	17422	17589	120223	267	82	9	60	13
8.038000	303.806897	23348	23728	174233	270	85	3	72	10
6.426000	302.303451	17668	17985	131605	269	89	7	72	10
7.045000	310.720479	18113	18608	142529	281	72	7	57	8
12.734000	306.146341	23485	23904	186354	271	89	9	70	10
4.312000	304.056972	11457	11768	83357	268	84	9	64	11
4.880000	304.345917	14175	14431	88035	269	85	7	67	11
3.676000	303.683323	10352	10630	67840	269	92	6	70	16
5.217000	306.909812	14421	14659	99852	269	82	6	63	13
9.945000	309.301093	14818	15016	102576	276	87	9	68	10
5.531000	305.652822	7623	7799	45370	270	83	4	67	12
6.115000	312.882361	12804	13202	96983	276	81	7	59	15
7.715000	309.848389	20421	20950	147924	281	85	4	70	11
8.580000	314.782578	25495	25733	186191	278	81	6	62	13
9.926000	313.601368	24801	25081	178518	281	84	7	66	11
8.107000	310.643986	22186	22630	174925	272	77	6	61	10
5.112000	305.704817	16024	16232	106749	272	83	8	66	9
5.172000	311.272625	14940	15156	108891	273	85	7	69	9
8.824000	310.661484	24950	25288	180733	276	83	5	71	7
3.539000	316.250278	10439	10665	74787	285	78	5	58	15
8.100000	314.305614	22310	22696	173037	275	92	6	77	9
3.385000	307.858267	10006	10158	67278	280	82	4	63	15
5.698000	310.207033	15585	15921	114637	279	86	9	67	10
5.726000	311.206139	16341	16630	117181	280	86	10	64	12
7.216000	313.829775	19788	20159	155064	284	85	7	64	14
4.454000	315.809848	11705	12028	86014	279	89	6	69	14
8.663000	303.709455	20100	20739	152941	269	92	8	76	8
8.398000	314.207957	21975	22409	160946	283	86	8	68	10
6.442000	307.368410	18114	18433	129932	272	96	9	70	17
4.778000	312.007146	14037	14334	101526	275	81	6	66	9
4.459000	314.143717	12173	12670	91267	275	91	9	70	12
8.230000	310.917912	22568	22904	174938	279	87	4	69	14
7.541000	317.610435	19369	19864	150112	287	82	8	63	11
7.349000	318.829558	16972	17276	118989	283	83	5	66	12
5.967000	319.881573	16292	16392	112190	287	84	9	65	10
6.086000	317.268468	15709	16072	120011	285	92	8	70	14
3.414000	313.076277	9027	9232	58132	282	90	5	70	15
6.024000	319.687075	14494	14813	102689	284	81	7	61	13
12.379000	317.597687	28541	28915	218970	283	80	5	68	7
7.062000	321.820943	17836	18062	130741	284	84	8	66	10
10.847000	316.164785	27895	28332	222222	282	89	7	72	10
8.032000	320.036975	20994	21497	161794	289	77	3	67	7
6.756000	325.906432	17723	18124	138547	292	86	13	64	9
5.864000	319.997704	16181	16499	123314	285	79	8	61	10
6.867000	317.136889	14164	14522	99972	285	86	11	69	6
4.674000	316.959731	13298	13589	95048	282	102	6	83	13
9.239000	318.970598	24116	24608	183704	281	82	8	60	14
8.232000	316.365169	19028	19409	146065	276	88	7	67	14
10.588000	321.149239	25508	25889	193707	289	82	11	64	7
6.035000	327.044130	14687	15009	105269	296	73	11	54	8
8.959000	320.957780	9645	9949	63823	284	81	5	65	11
9.123000	321.204863	24300	24692	183600	286	91	7	74	10
3.287000	318.103288	9932	10149	63274	281	92	9	68	15
5.678000	320.497854	16292	16561	111800	290	90	7	73	10
2.958000	324.063927	9428	9536	57104	290	87	8	68	11
7.455000	323.706805	19605	20034	152668	285	92	8	66	18
6.126000	314.856080	18194	18534	126320	284	84	2	71	11
10.835000	321.630972	29060	29413	226349	291	85	5	64	16
8.973000	329.037548	17772	18236	138405	298	78	7	60	11
9.169000	323.620453	24808	25238	182990	291	86	4	73	9
5.438000	325.341764	15382	15673	114151	288	87	13	67	7
6.186000	329.264564	14520	14864	109344	287	80	3	64	13
4.457000	324.249153	13286	13593	90121	288	92	11	71	10
7.745000	322.110628	9451	9680	59230	286	98	8	77	13
6.258000	325.959376	17599	18023	136052	289	89	6	69	14
5.886000	322.055144	16035	16392	119628	285	91	8	71	12
4.097000	324.246230	12410	12601	82682	292	83	6	66	11
6.891000	323.149030	16418	16730	119817	286	91	8	65	18
9.508000	323.166160	26490	26774	190682	287	92	3	77	12
4.175000	325.034905	12774	12940	80054	289	87	7	71	9
10.136000	335.922728	26750	27089	202462	298	83	5	71	7
5.960000	329.341729	16234	16584	123200	294	91	8	71	12
7.324000	331.308739	19903	20233	149400	299	80	12	54	14
8.791000	323.410432	23417	23823	176348	290	94	11	72	11
6.517000	323.349799	17446	17745	133188	289	83	10	60	13
6.313000	326.554986	15677	16058	114323	285	94	9	75	10
3.973000	330.922554	10761	10912	64031	295	89	8	73	8
7.215000	329.441616	18476	18773	136736	294	90	7	70	13
8.939000	328.815370	22324	22516	166269	289	90	7	72	11
6.629000	328.225504	17328	17468	118098	289	99	5	80	14
8.331000	329.268498	20565	20998	155123	300	85	4	67	14
6.014000	328.814913	14194	14663	105764	290	100	12	76	12
5.052000	336.890338	13887	14214	104621	303	91	9	72	10
8.716000	325.717962	21008	21268	144980	295	96	9	75	12
8.062000	329.220342	20442	20919	153557	294	96	9	77	10
2.787000	324.089623	8602	8777	54799	289	95	9	80	6
7.245000	333.681077	18195	18414	133691	297	82	7	66	9
6.700000	329.922627	17184	17555	126799	295	91	4	72	15
9.682000	325.861714	21780	22234	163340	288	93	7	76	10
7.913000	332.143287	20156	20363	142529	296	90	4	75	11
7.742000	330.782458	19471	19969	145431	293	99	13	75	11
13.756000	335.318966	31357	31611	244658	303	88	8	69	11
5.874000	334.215772	14681	14957	105298	298	102	11	70	21
5.255000	333.866380	15453	15833	105339	295	88	6	73	9
5.638000	334.260919	13916	14145	100790	302	94	6	76	12
9.946000	337.246117	23965	24437	186972	299	91	7	70	14
9.101000	329.223363	21250	21645	167476	295	94	8	74	12
6.461000	335.292089	15860	16185	117151	301	90	8	69	13
7.403000	331.922642	18953	19429	146495	294	100	12	79	9
6.531000	345.229732	16914	17326	123021	313	91	13	69	9
9.464000	335.541065	20897	21249	144774	302	101	11	78	12
11.252000	343.432715	26514	26864	209949	316	83	4	71	8
7.350000	334.793597	18595	18861	133864	302	90	5	70	15
9.238000	335.302436	22363	22653	165687	305	94	9	73	12
5.101000	336.987417	11283	11580	77255	295	90	8	72	10
9.547000	340.877618	22678	23155	177304	302	80	5	63	12
13.057000	331.553000	33460	33799	247564	297	105	11	85	9
13.802000	341.848310	30548	30991	226307	298	88	4	74	10
5.623000	340.543766	13585	13793	90348	305	94	9	68	17
8.949000	341.317519	18352	18737	140845	300	93	9	68	16
11.069000	344.244398	27331	27674	213927	302	83	4	62	17
7.997000	334.378733	17392	17713	116139	299	99	8	74	17
6.306000	342.521971	16223	16617	122318	307	96	10	76	10
4.882000	347.757225	13337	13530	95965	310	85	6	61	18
9.149000	345.773192	22827	23100	175972	305	96	10	73	13
6.379000	341.676485	16873	17192	115976	302	92	7	78	7
12.772000	346.743642	30356	30725	238286	310	86	9	65	12
6.110000	338.879075	16802	17154	124917	294	86	11	63	12
6.560000	341.239039	17470	17678	131119	300	98	9	76	13
7.911000	346.621366	20910	21219	160809	305	85	3	73	9
3.568000	343.175321	10554	10753	69192	306	103	15	82	6
8.117000	349.208276	22460	22766	166894	309	91	10	70	11
4.278000	347.394120	12863	13200	84313	309	93	8	70	15
7.969000	352.299775	22560	22822	161165	312	94	8	73	13
7.375000	341.219905	20332	20611	155452	305	98	13	72	13
7.879000	345.625514	20885	21295	155818	307	92	6	72	14
5.321000	345.410211	15369	15569	103728	306	95	6	71	18
5.978000	341.263258	16657	17035	121995	297	102	10	82	10
6.380000	348.801356	18491	18766	132828	306	89	4	71	14
6.739000	353.465024	18219	18706	141896	312	85	8	66	11
7.885000	347.162419	20333	20722	150064	310	92	6	70	16
6.549000	345.981659	18712	19129	138037	308	91	13	64	14
9.415000	352.126623	24072	24694	194113	313	95	12	70	13
5.746000	348.290006	16388	16804	117667	315	93	11	74	8
12.541000	351.258019	35232	35687	267487	313	98	11	76	11
7.420000	352.610160	17545	17846	129000	312	81	4	65	12
7.513000	350.272020	19481	19784	144615	313	89	8	75	6
14.100000	351.421177	34576	34911	272680	311	101	11	79	11
7.597000	354.462587	21253	21472	152008	316	93	10	69	14
4.581000	357.156583	13088	13244	89646	316	96	6	79	11
4.189000	355.880642	12637	12970	81605	314	95	7	71	17
7.655000	354.990948	19482	19858	145204	315	91	11	67	13
8.354000	351.225270	21113	21501	165119	313	95	6	79	10
3.482000	349.440039	10313	10533	66061	310	100	10	79	11
7.529000	346.294682	20799	21102	148532	307	93	8	75	10
7.975000	353.810914	21485	21812	164977	314	98	8	78	12
8.792000	352.273814	23492	23824	184022	311	93	5	77	11
10.999000	350.074156	29267	29575	227912	305	87	3	67	17
4.790000	356.684609	13593	13936	99993	319	96	14	70	12
9.358000	351.925971	24302	24608	192691	315	91	12	65	14
8.304000	350.664240	22044	22302	160622	312	99	7	79	13
12.593000	353.203495	32533	33032	250154	316	97	6	77	14
7.074000	354.126197	18913	19303	141793	310	89	11	65	13
10.910000	359.537862	29120	29496	217201	322	96	7	79	10
8.225000	358.187146	22400	22741	165691	314	102	6	84	12
8.208000	357.939414	22164	22527	165696	320	91	11	67	13
7.129000	353.936177	19282	19634	149527	315	101	12	77	12
6.030000	349.433702	15863	16427	120337	312	103	14	78	11
9.284000	348.614415	24922	25242	190358	306	98	6	76	16
7.955000	370.117489	21267	21780	168922	327	85	6	65	14
10.187000	359.227571	27434	27757	215410	323	90	12	65	13
6.436000	357.984147	17725	18040	123066	315	98	9	81	8
5.419000	356.986136	14017	14308	90809	319	99	7	79	13
10.285000	355.051277	26173	26536	192310	317	99	9	81	9
5.809000	358.869139	16660	16947	116062	315	102	11	78	13
8.668000	361.585456	22875	23271	173771	320	94	9	70	15
15.132000	359.934657	35072	35653	283687	317	101	9	82	10
9.281000	362.577748	23128	23491	181765	320	90	12	67	11
11.622000	354.602583	29500	29925	233083	318	93	6	72	15
5.650000	365.994680	15506	15954	116710	319	90	4	73	13
6.089000	363.585027	16633	17039	124504	323	105	10	76	19
8.128000	369.552770	21063	21500	165362	327	89	5	66	18
8.799000	354.647752	25940	26166	183311	317	106	8	88	10
7.459000	358.196631	20100	20520	156594	319	100	8	80	12
14.998000	360.994737	38748	39185	292064	320	109	5	91	13
4.629000	360.112587	13335	13571	91091	325	102	5	78	19
11.017000	363.871574	29108	29597	221605	326	99	4	80	15
13.254000	365.432287	32984	33460	255050	324	96	7	81	8
11.151000	358.525351	26984	27360	206130	316	98	6	78	14
2.768000	366.044885	8386	8578	49206	325	100	9	79	12
4.923000	360.940335	14841	15081	96340	322	98	7	77	14
7.728000	357.584293	21156	21412	157149	319	103	9	83	11
11.486000	358.428186	31607	31864	233075	322	101	6	88	7
8.862000	369.696546	22944	23453	179320	327	96	7	80	9
6.951000	362.582401	19281	19694	136607	325	93	5	76	12
8.523000	367.791362	19287	19599	141215	315	96	9	73	14
7.918000	356.180495	19748	20019	145079	317	101	13	77	11
7.684000	362.420842	21258	21483	143847	323	98	7	78	13
4.271000	367.454493	12755	12975	76883	332	99	14	73	12
12.115000	369.939934	32468	32912	243048	327	98	7	78	13
9.351000	366.351456	24302	24601	184596	328	103	9	80	14
11.440000	377.477744	31652	31927	234255	336	96	12	71	13
12.044000	370.107926	29892	30406	233650	332	101	5	82	14
8.331000	362.091247	22506	22891	166025	327	99	9	77	13
11.662000	369.364948	31150	31459	226046	330	99	7	83	9
6.315000	365.551373	17795	18131	120887	326	95	12	70	13
9.738000	365.012690	25649	26035	197430	318	103	7	87	9
11.486000	367.860148	29666	30094	232693	327	102	10	83	9
4.536000	375.237946	12658	12809	86558	334	96	8	78	10
7.480000	368.033808	19650	20124	153945	330	101	10	84	7
14.440000	377.858697	37741	38252	304550	340	91	9	72	10
8.110000	367.488239	22457	22698	163391	326	99	4	77	18
11.641000	373.188469	30628	31086	239286	334	101	14	73	14
8.073000	363.394644	23105	23321	166216	327	96	9	76	11
2.874000	366.511092	9123	9277	57685	325	108	10	90	8
11.614000	372.228021	29267	29636	221251	332	100	10	77	13
6.932000	375.706969	16369	16638	114895	338	97	9	77	11
8.813000	365.450489	24980	25300	189251	324	115	14	89	12
6.177000	367.430331	19091	19319	128523	327	107	8	84	15
9.177000	375.345606	26056	26610	199099	335	106	11	82	13
6.092000	377.247062	18178	18404	129795	333	99	8	75	16
7.410000	372.284365	22338	22576	150405	334	103	9	85	9
8.367000	375.060144	24296	24632	181863	335	100	6	80	14
9.163000	368.504271	26699	27009	199623	332	102	5	86	11
10.039000	375.272629	28651	29096	219629	343	96	7	82	7
8.274000	376.078256	24372	24708	183914	333	99	7	82	10
4.507000	374.756876	13443	13711	91761	331	106	11	77	18
4.102000	373.676372	13598	13742	87999	339	102	9	82	11
10.190000	368.073002	29413	29793	224095	330	105	5	87	13
4.636000	375.856877	14238	14361	91106	332	108	9	85	14
11.495000	377.955857	33061	33515	244562	337	109	11	83	15
11.687000	375.693019	24672	25247	191614	335	99	8	78	13
11.219000	384.287424	31455	31726	239896	339	100	8	75	17
8.184000	374.533637	23623	23967	179971	332	111	13	86	12
9.236000	381.030915	26265	26752	203148	342	96	4	82	10
16.304000	383.364919	36964	37467	291138	345	95	9	72	14
7.953000	382.503047	22283	22636	171569	338	103	9	80	14
7.841000	371.884344	23294	23556	159756	338	108	9	82	17
7.664000	379.890436	22546	22868	172096	333	104	8	79	17
6.045000	386.531911	18613	18976	127030	344	100	8	80	12
7.539000	377.394931	22696	22959	154074	338	104	10	82	12
5.071000	377.995938	15121	15448	104648	339	101	8	77	16
6.587000	381.545806	20201	20447	137015	338	108	9	85	14
11.044000	374.425312	30674	31065	247604	336	110	10	85	15
6.249000	384.097026	18198	18556	138427	340	94	9	73	12
7.764000	373.825763	23842	24083	164320	334	105	10	85	10
11.721000	382.624585	32691	33090	263774	340	105	9	82	14
14.049000	383.587707	35045	35344	266462	339	110	6	88	16
9.784000	384.753622	23865	24225	186200	341	85	5	64	16
8.758000	378.992181	26519	26774	190968	338	105	5	82	18
13.147000	391.300851	36392	36802	294151	347	99	9	78	12
6.727000	388.165198	20121	20352	146568	346	106	10	86	10
7.758000	387.463438	23266	23532	173576	340	102	13	80	9
10.539000	396.290452	28941	29415	230296	357	94	12	71	11
8.424000	383.347652	23935	24353	186824	343	103	10	76	17
12.541000	378.336740	35710	36099	267706	334	114	5	92	17
12.121000	386.711686	25694	26127	199555	350	102	6	82	14
12.168000	383.712843	33489	33774	261734	332	98	4	77	17
8.259000	373.076557	22146	22319	148633	334	108	6	89	13
14.857000	384.854050	36312	36657	280575	348	102	5	81	16
9.211000	397.791308	27423	27780	199319	351	101	9	77	15
16.353000	387.857193	43166	43535	325590	345	104	14	78	12
9.547000	386.923941	23174	23533	174076	338	112	7	91	14
10.675000	379.851765	30145	30653	233571	339	114	10	90	14
12.217000	390.529373	28459	28890	226413	345	104	12	80	12
17.486000	383.187114	37940	38476	306481	341	113	12	89	12
8.470000	392.632612	20873	21217	151467	349	109	11	89	9
10.158000	402.068047	28033	28662	227801	356	95	10	71	14
7.447000	393.562355	21820	22198	166682	355	96	10	76	10
7.828000	397.301921	22821	23239	173942	358	101	12	75	14
6.716000	381.467651	21163	21443	143152	340	120	13	97	10
7.865000	395.010275	22149	22566	166483	348	95	7	76	12
7.358000	391.823588	21623	21840	154019	351	105	10	84	11
5.786000	398.108875	16736	17011	125055	351	90	4	73	13
8.197000	398.565678	18400	18806	138054	354	100	10	76	14
15.002000	388.126714	37798	38220	294486	345	113	12	91	10
7.291000	399.735500	21792	22135	158517	351	103	2	82	19
10.713000	396.722829	29401	29930	232812	353	98	4	75	19
11.385000	394.391730	32316	32899	264936	347	99	10	78	11
5.762000	394.104880	16603	17060	123784	355	105	9	88	8
7.927000	392.197749	19941	20450	154633	350	113	14	85	14
13.985000	398.030976	35856	36347	288036	352	112	15	89	8
14.805000	385.468381	40219	40626	320398	346	111	10	87	14
12.710000	385.301848	36909	37219	282511	340	122	12	100	10
13.747000	396.815575	28014	28632	222973	354	108	14	79	15
5.554000	390.258414	15855	16242	112290	350	115	15	91	9
12.271000	395.491751	36201	36610	283078	357	105	12	83	10
9.825000	397.460758	26312	26563	186517	354	103	10	83	10
11.765000	395.257297	33256	33599	264632	349	105	9	82	14
7.639000	395.424361	22999	23453	165803	353	109	14	89	6
14.560000	391.851479	32480	32969	253923	347	109	8	88	13
6.910000	406.687381	19771	20230	151286	364	107	17	78	12
12.887000	395.638056	35297	35796	286853	354	105	12	81	12
13.103000	396.323843	32212	32582	252417	354	113	11	91	11
13.934000	399.091372	35797	36277	278353	354	105	6	89	10
9.254000	400.428761	26947	27287	198174	360	104	9	82	13
5.398000	402.470599	16079	16403	113623	357	105	9	83	13
11.279000	394.327737	32020	32475	249158	346	111	11	87	13
8.706000	402.071656	19355	19815	148819	356	97	5	77	15
16.624000	399.423182	42621	43013	336571	352	121	6	102	13
12.123000	402.690098	34282	34750	256338	360	106	13	79	14
4.957000	400.940160	14487	14624	92209	354	116	10	89	17
5.702000	394.678536	16725	17113	116711	355	111	10	87	14
8.794000	400.994191	21588	22036	168095	355	107	14	81	12
10.026000	401.877296	29798	30175	224430	353	111	9	85	17
7.618000	396.403362	23260	23561	168155	352	112	6	88	18
9.727000	394.797169	25624	25843	182001	350	114	10	88	16
8.646000	398.695146	25715	26074	193207	353	113	12	89	12
6.234000	397.810120	19061	19483	139239	353	112	8	91	13
19.506000	403.876008	44049	44607	358942	357	113	14	86	13
11.256000	407.198843	31415	31793	248385	360	109	5	82	22
13.746000	399.989186	35046	35613	273652	354	107	5	92	10
10.680000	395.650066	28078	28329	200677	349	116	9	93	14
11.179000	407.300911	26982	27363	201770	363	108	12	82	14
7.773000	410.484576	21518	21935	171186	355	98	7	79	12
4.347000	402.946386	13498	13676	86409	355	116	7	92	17
14.332000	398.898318	34193	34604	257996	355	109	13	79	17
9.062000	412.212095	24712	25053	169021	364	104	8	78	18
7.639000	401.316811	22089	22423	167835	354	119	16	88	15
11.547000	409.652927	31506	32045	253875	367	111	7	83	21
7.461000	403.606492	21732	22130	162182	360	122	13	96	13
8.986000	405.484926	24985	25599	196387	362	112	10	89	13
7.904000	400.019288	19038	19311	135705	359	109	13	85	11
7.788000	405.372528	21908	22303	167486	364	113	9	90	14
8.770000	405.024119	22745	23121	166860	356	111	9	89	13
6.311000	407.577833	17262	17677	125688	363	112	12	85	15
11.812000	407.051801	32817	33156	262605	359	101	5	81	15
10.224000	407.130566	29359	29829	232485	358	101	2	80	19
12.801000	406.816646	31528	31955	250663	358	110	10	85	15
9.583000	411.292659	22441	22792	174316	369	122	12	96	14
10.654000	400.370107	29933	30517	230860	354	116	6	92	18
8.217000	408.158410	24608	24998	182307	361	109	8	90	11
14.318000	406.210647	36263	36695	289796	357	123	11	92	20
12.868000	413.508264	32530	32991	230443	368	103	13	76	14
5.930000	407.445678	17905	17968	117113	364	115	8	96	11
6.569000	411.260661	20517	20802	139632	365	117	11	92	14
8.969000	411.416851	26101	26374	201371	371	107	12	79	16
10.668000	412.120767	31862	32210	230972	362	112	7	92	13
13.579000	408.240483	38465	38875	302204	362	118	12	97	9
14.077000	420.664011	39735	40209	319858	376	114	12	86	16
6.433000	415.426821	19585	19726	127252	368	119	6	97	16
13.791000	416.993577	39434	39810	300809	365	113	16	82	15
8.057000	411.990052	24359	24627	169062	369	107	11	82	14
13.869000	405.552957	38730	39168	312135	360	117	14	92	11
9.530000	414.222027	28212	28524	196199	360	115	8	90	17
5.812000	417.445045	17248	17596	127769	369	114	12	85	17
7.592000	418.240834	21770	22192	166302	376	118	13	95	10
14.904000	415.220428	38352	38697	303679	369	111	16	79	16
5.473000	417.291216	13144	13349	84519	371	115	11	92	12
8.497000	408.656672	25748	26113	180584	363	115	11	92	12
12.358000	412.481958	28489	28817	197926	371	119	11	91	17
11.807000	420.369147	32933	33269	256588	367	102	5	84	13
8.188000	426.619734	24730	24965	180453	377	113	5	88	20
13.334000	412.175986	38079	38394	286189	367	120	13	94	13
10.158000	416.373950	29560	29750	230902	364	117	10	94	13
9.645000	422.434101	29886	30061	216575	370	111	13	86	12
10.839000	423.446257	26360	26524	192315	367	109	14	81	14
13.806000	420.992801	34239	34807	283349	368	106	12	78	16
13.017000	423.991590	36424	36959	290809	380	117	18	88	11
9.515000	418.876353	28544	28902	200884	373	105	12	80	13
7.850000	415.532737	23008	23333	170586	372	113	6	93	14
4.633000	420.547749	14324	14660	96912	372	116	7	93	16
8.461000	420.140022	24053	24402	179401	373	118	11	92	15
9.810000	417.844679	28243	28650	216851	375	120	16	97	7
8.351000	426.391967	24370	24949	178364	383	109	12	81	16
7.748000	428.795353	23031	23390	168058	380	111	11	82	18
18.437000	425.193973	42254	42854	345803	371	107	7	81	19
12.586000	423.341795	34523	34951	280038	373	116	7	85	24
16.185000	429.755679	41319	41731	333758	381	108	11	85	12
13.191000	426.047294	30675	31204	246132	374	106	3	87	16
8.558000	429.275263	24994	25395	189385	377	111	11	87	13
7.778000	428.196107	23534	23785	159618	378	122	11	100	11
13.490000	418.196830	38668	39043	297758	375	120	13	96	11
11.279000	425.104151	28647	28874	214754	379	115	12	89	14
12.295000	423.902427	36089	36439	272837	379	109	10	86	13
10.280000	421.990814	27353	27616	191260	377	116	9	91	16
7.795000	419.000479	22381	22919	175022	372	121	8	103	10
13.615000	427.162260	33603	34012	250586	380	111	13	82	16
9.225000	433.905996	24235	24551	177208	381	112	11	82	19
8.102000	424.389851	23716	24073	180150	380	125	17	95	13
10.132000	429.212034	28697	29076	225653	383	119	17	90	12
9.413000	424.836993	27435	27830	202259	379	118	8	90	20
12.423000	435.251808	34542	34909	282400	385	104	9	77	18
15.893000	427.473666	35985	36293	272289	381	124	17	90	17
8.882000	422.431077	25347	25847	186554	383	119	7	92	20
5.404000	426.705112	16720	17026	111993	378	119	11	93	15
10.647000	423.604451	30476	30888	235776	381	118	8	93	17
5.692000	414.964428	17916	18216	120730	368	132	16	103	13
16.242000	419.282886	36008	36551	283226	374	126	8	101	17
17.154000	434.710873	46855	47394	376795	392	112	8	87	17
11.008000	436.582614	31212	31706	244312	386	101	3	79	19
16.977000	430.274918	38122	38413	298912	378	119	9	90	20
6.387000	429.190109	19625	20001	134107	381	114	9	90	15
13.603000	427.105416	28451	28793	219603	381	122	13	95	14
10.683000	435.217775	24441	24840	189590	389	105	7	81	17
9.148000	429.683142	25601	26111	196683	383	115	11	91	13
19.296000	429.115989	51733	52218	417062	381	129	13	104	12
9.338000	420.170213	28029	28323	193652	370	128	10	103	15
11.718000	425.302500	30816	31245	240796	378	122	9	102	11
11.401000	439.312604	31033	31519	247799	385	108	8	90	10
18.537000	437.588146	51581	52100	417559	392	122	14	92	16
9.188000	440.985551	26226	26713	198997	394	120	10	90	20
13.736000	434.509502	38407	39021	313868	385	115	11	93	11
19.706000	431.329885	46857	47276	364266	378	108	3	93	12
11.359000	436.899466	31255	31668	248919	392	118	11	88	19
6.701000	444.573847	18972	19308	141060	393	104	7	83	14
9.608000	431.136045	27066	27451	211216	386	120	7	98	15
7.664000	432.983682	22020	22399	165227	385	119	10	95	14
10.701000	437.385481	31639	31955	229785	391	118	11	92	15
7.681000	440.586301	23447	23678	166041	390	114	4	90	20
13.309000	437.875558	30303	30866	246707	392	121	14	93	14
17.376000	435.881965	44614	45163	360825	386	123	9	95	19
14.434000	436.963566	36849	37334	288985	392	121	18	89	14
12.768000	432.808624	32731	33042	237001	390	123	12	96	15
7.347000	430.574919	21217	21571	151913	379	123	14	96	13
9.014000	440.840796	27943	28329	206897	389	116	9	93	14
6.089000	439.480364	18126	18463	128984	397	119	8	92	19
13.788000	434.282093	33420	33769	249037	384	119	12	94	13
15.208000	437.394182	38572	39040	314490	391	122	10	97	15
11.136000	438.456249	32404	32744	240114	388	120	10	99	11
9.257000	441.235222	26870	27174	200865	391	122	7	99	16
7.990000	433.479601	24156	24425	172815	380	129	15	103	11
10.559000	443.377599	29124	29688	233793	397	110	14	80	16
11.305000	440.733287	32392	32829	251396	395	116	12	85	19
15.830000	445.572326	38243	38819	292986	392	107	7	87	13
15.925000	448.695299	43482	43920	339890	398	108	7	90	11
13.503000	445.074580	33452	34013	272470	398	122	10	94	18
13.569000	437.786664	34353	34763	263920	390	121	11	100	10
21.290000	440.677726	49159	49718	398407	400	111	7	95	9
16.863000	443.970075	38710	39111	313497	402	112	12	82	18
16.697000	448.152459	43863	44399	362191	403	111	5	92	14
12.944000	446.278263	38384	38783	293615	398	118	7	96	15
11.854000	439.255906	33323	33748	263619	394	125	16	91	18
12.955000	446.930337	37719	38087	288375	396	119	7	95	17
9.061000	441.296049	26241	26622	202779	394	122	14	94	14
14.360000	433.946581	33783	34063	238069	387	120	7	101	12
6.701000	442.626914	19883	20014	127860	396	123	8	98	17
8.973000	444.424065	25672	26048	198114	398	125	13	102	10
4.794000	446.054345	14847	15132	98366	399	122	9	100	13
12.375000	447.539505	34969	35427	270866	400	116	9	94	13
17.687000	439.677784	49054	49512	393743	392	120	8	97	15
8.868000	448.671486	26450	26792	195111	400	126	13	97	16
13.747000	448.524973	30104	30554	225557	399	127	9	103	15
16.254000	455.671696	42175	42607	319772	401	118	7	95	16
12.352000	446.786228	30518	31039	245856	396	126	15	95	16
17.478000	453.104555	47704	48216	388342	400	112	8	87	17
16.263000	439.062369	46989	47571	358810	394	123	9	96	18
10.391000	450.644888	27363	27546	192700	399	123	11	94	18
9.947000	452.194465	25548	25861	188480	397	120	6	94	20
14.494000	447.662665	33281	33628	259527	404	116	6	90	20
9.569000	453.803244	25970	26405	201726	405	112	6	91	15
9.913000	453.686418	26510	26814	191066	401	116	4	94	18
12.906000	452.632606	29042	29242	201836	399	122	13	96	13
12.342000	443.164266	31891	32128	229928	396	114	12	89	13
11.622000	461.879351	32031	32631	261995	410	107	7	84	16
10.154000	454.573980	30145	30452	223438	401	119	7	89	23
16.121000	456.650818	37030	37535	278456	411	119	13	96	10
8.657000	450.435080	24705	25208	191954	402	110	13	86	11
15.161000	457.366097	42132	42630	340555	409	124	12	92	20
11.724000	449.474900	29945	30339	231744	403	127	14	101	12
15.366000	446.605639	37819	38403	302905	397	124	8	95	21
9.963000	451.912405	22708	23196	172404	400	132	11	104	17
15.335000	451.230241	42258	42695	348612	403	124	15	96	13
7.460000	451.830823	21509	21844	156787	398	131	13	100	18
13.657000	458.034287	38875	39312	305261	407	121	11	97	13
15.843000	459.331515	44694	45199	349663	408	116	12	93	11
8.641000	455.135033	25788	26105	188386	406	133	10	102	21
9.497000	464.383341	27628	27930	205226	414	121	12	91	18
23.017000	456.733558	58576	59057	476874	409	122	18	88	16
22.422000	463.835141	56303	56724	443870	413	119	8	95	16
12.903000	456.190989	36940	37279	288159	405	129	12	97	20
13.658000	459.474300	36403	36680	277357	407	129	17	95	17
24.744000	470.067338	58390	58798	474336	423	121	15	90	16
12.914000	444.957149	38413	38840	283602	396	140	13	117	10
13.626000	454.700820	36720	37201	279667	408	126	10	99	17
10.427000	457.374361	29885	30252	230227	409	128	8	102	18
17.310000	461.654067	46675	47482	386129	410	111	10	85	16
11.060000	459.470724	30385	31033	243997	409	129	12	96	21
17.741000	462.873392	44033	44317	319952	412	124	13	94	17
19.186000	461.067557	54185	54485	404165	405	125	6	104	15
20.073000	461.359686	47814	48138	355197	412	124	12	94	18
23.608000	456.385837	64505	64957	513542	405	125	9	101	15
14.351000	461.020136	41422	41873	324229	413	128	15	100	13
10.464000	470.360524	30719	31199	232578	412	118	13	91	14
9.292000	463.236016	27221	27710	203619	413	128	12	103	13
8.401000	471.464868	25503	25700	186832	416	118	9	90	19
12.880000	464.388361	36876	37275	284175	420	125	11	99	15
6.273000	461.209721	18837	19110	133988	415	128	8	98	22
6.830000	459.692823	20697	20891	141112	410	132	13	104	15
16.777000	452.843488	39912	40301	310463	404	141	13	118	10
8.338000	463.004365	24143	24339	163761	409	122	14	93	15
10.438000	456.714681	30916	31291	232310	406	128	17	97	14
11.335000	469.208064	29295	29755	223896	424	124	8	94	22
10.034000	462.923348	28207	28681	223748	409	130	11	98	21
10.507000	469.903291	30781	31136	223365	413	119	7	102	10
12.406000	459.017353	35804	36197	261154	409	127	6	108	13
16.283000	465.729426	43847	44396	344167	409	127	15	96	16
8.949000	469.659664	25167	25435	189698	412	113	5	92	16
21.892000	463.868923	52375	53050	415307	413	128	21	96	11
9.215000	471.024294	23763	24070	163537	414	132	10	106	16
22.837000	472.332261	63596	64078	522832	424	120	12	97	11
7.640000	472.771064	22425	22864	166550	426	126	8	96	22
16.221000	470.100489	47476	48012	359598	425	128	10	103	15
10.137000	469.364948	29272	29639	225188	419	120	14	90	16
16.971000	471.059148	47959	48405	385996	413	127	17	95	15
13.995000	463.891033	39179	39671	315214	410	127	14	100	13
12.329000	470.618618	34899	35357	253916	422	126	9	101	16
12.592000	473.639560	34364	34892	285079	419	116	5	93	18
14.830000	468.911339	40058	40602	328271	419	128	11	100	17
19.719000	464.833180	44686	45173	359592	413	133	17	103	13
10.811000	476.189603	30343	30727	233626	424	129	11	96	22
11.336000	465.184969	30448	30643	207601	413	126	11	101	14
17.280000	470.615965	47370	47882	382171	420	125	17	92	16
7.305000	467.661733	18913	19041	118288	418	130	9	101	20
12.325000	470.594620	35875	36135	276346	416	131	8	105	18
14.423000	468.118101	36022	36385	274132	412	137	13	111	13
13.894000	469.212201	37341	37817	273778	411	136	9	109	18
16.252000	471.774753	44801	45450	364218	415	113	6	87	20
6.427000	460.900741	20869	21090	136241	408	134	10	108	16
6.260000	464.303270	19019	19199	128016	418	137	10	110	17
13.833000	477.301261	33382	33808	257549	431	125	11	101	13
15.238000	474.961855	41718	41959	304857	422	122	7	104	11
16.860000	483.258847	47149	47829	390048	430	113	12	88	13
11.861000	471.616219	32272	32674	254122	422	129	14	97	18
15.176000	475.840987	39076	39635	313939	423	132	12	100	20
11.529000	474.005051	25713	26126	191020	417	128	11	102	15
10.741000	475.917489	29366	29764	220381	419	131	14	99	18
11.419000	478.780001	27525	27702	206363	422	123	10	96	17
21.587000	472.269025	49049	49690	402317	419	118	6	92	20
12.211000	477.149501	32411	32798	242265	426	129	12	102	15
8.248000	475.098625	21031	21178	134424	426	137	9	111	17
9.977000	473.521286	24440	24681	178198	418	125	10	99	16
9.234000	475.915586	27123	27373	192919	429	123	9	100	14
14.433000	478.488791	35203	35797	287109	427	127	12	100	15
19.532000	475.971287	48746	49086	357892	428	131	9	110	12
14.095000	482.411956	39930	40472	327299	425	119	12	88	19
14.929000	477.858178	41717	41946	333635	428	135	13	101	21
18.173000	476.077328	41305	41896	332796	422	133	10	110	13
9.769000	477.762162	27386	27733	202911	420	134	12	110	12
10.002000	485.739508	29957	30308	215674	426	119	6	102	11
12.285000	477.629652	30998	31523	247511	427	134	12	103	19
15.739000	479.240818	42708	43184	343793	425	129	11	97	21
17.827000	489.611242	47848	48325	370304	430	121	8	97	16
17.570000	484.364860	44968	45460	329683	425	134	9	106	19
18.651000	478.790313	48081	48630	380068	430	132	14	102	16
11.145000	484.536502	31608	32147	243543	439	123	10	94	19
10.797000	478.999876	29980	30352	229942	426	138	15	106	17
8.066000	483.087765	24489	25005	173602	438	132	13	108	11
14.640000	486.533627	31927	32136	239513	424	125	15	93	17
12.560000	484.580803	32400	32768	242936	429	132	12	105	15
14.523000	482.085174	37849	38393	310560	436	124	10	95	19
9.844000	488.045198	28055	28482	217629	437	137	21	102	14
15.438000	483.846195	44152	44486	341544	424	129	5	103	21
10.835000	480.858203	30067	30510	236468	424	137	16	103	18
23.182000	488.913159	58013	58530	478443	437	127	13	99	15
13.258000	481.290212	34394	34747	262048	426	133	17	102	14
11.414000	486.716821	32436	32846	248395	432	119	10	98	11
12.708000	482.230652	36321	36875	278845	427	134	12	107	15
15.351000	485.257636	43829	44166	355286	426	128	12	97	19
6.611000	484.527447	20957	21100	136204	425	136	11	106	19
15.375000	488.084878	42317	42745	344318	432	133	8	99	26
10.209000	490.642267	30507	30782	228550	430	136	15	107	14
10.995000	499.563787	30948	31408	247874	445	118	9	91	18
13.351000	475.653799	39846	40200	293858	420	145	13	116	16
11.845000	484.090419	34659	35123	261269	436	125	5	96	24
17.210000	490.350649	49415	49792	381146	436	125	16	91	18
13.360000	490.015646	37544	38102	301108	435	130	8	93	29
13.026000	487.063047	36549	36991	286647	433	132	11	100	21
15.300000	492.754938	43192	43671	315268	442	132	11	107	14
12.169000	484.798819	33396	33817	256244	432	131	16	96	19
22.436000	487.745780	61681	62249	501198	440	135	12	107	16
16.846000	502.660388	48364	48978	391186	451	127	11	102	14
11.845000	495.000725	35612	36023	258133	435	125	4	104	17
22.668000	496.177099	55986	56505	444110	445	129	8	108	13
25.301000	494.150247	68982	69612	546809	445	131	15	101	15
17.483000	498.996518	42797	43481	346977	442	120	8	96	16
15.988000	492.750494	42159	42575	323546	433	129	7	100	22
10.445000	487.978133	30688	31122	223885	433	140	13	114	13
14.468000	485.587156	39844	40284	323468	429	139	10	109	20
15.297000	496.626350	35679	35969	259132	437	128	11	98	19
17.724000	490.562370	42344	42699	330507	433	131	15	105	11
11.543000	489.144585	31439	31926	236051	440	137	11	107	19
18.125000	496.976419	51412	51992	420067	438	125	11	96	18
22.060000	492.523545	60297	61030	508061	437	132	8	102	22
11.921000	488.900706	34350	34719	262775	433	127	10	101	16
9.265000	491.537047	27785	28117	201317	441	141	10	114	17
10.128000	489.119558	29537	29816	218712	429	139	19	110	10
9.098000	496.910451	26463	26836	194631	438	140	16	106	18
19.730000	486.927617	54823	55115	444459	434	145	12	117	16
11.143000	496.276531	33637	33891	241654	441	137	11	111	15
17.465000	498.490779	47877	48293	355736	442	139	10	111	18
9.493000	493.838807	23178	23312	152908	435	133	12	104	17
7.410000	501.651954	24014	24355	150068	440	127	5	104	18
20.087000	507.818586	46808	47206	341843	448	123	8	101	14
20.667000	500.116673	56573	56908	419595	448	134	9	108	17
13.235000	494.723765	39006	39353	281851	445	129	13	101	15
16.081000	504.243999	43306	43909	357550	449	130	14	92	24
16.902000	491.388988	39530	40020	294904	439	140	17	109	14
16.798000	500.735598	48562	49007	371101	445	140	13	107	20
26.453000	496.527557	72839	73362	600919	442	135	9	112	14
14.401000	497.998048	39355	39848	315285	451	140	16	113	11
14.451000	499.857173	41128	41620	325892	448	145	12	116	17
7.323000	501.867585	21709	21995	152587	443	117	8	98	11
10.999000	500.859831	31992	32444	234636	450	143	14	105	24
22.105000	501.988987	61912	62334	485156	440	139	7	115	17
18.448000	502.996021	51013	51547	405648	446	136	13	106	17
9.495000	492.724834	27219	27741	208778	441	142	13	115	14
14.631000	502.320191	41759	42256	323992	448	130	14	97	19
8.553000	500.412478	24205	24812	180912	448	133	12	102	19
16.398000	504.356078	46105	46596	366877	449	136	7	101	28
21.507000	507.738756	56379	56985	467463	449	129	9	96	24
17.738000	503.609096	44777	45252	329074	444	144	9	121	14
10.028000	501.362340	27902	28156	195901	444	137	13	110	14
16.244000	503.467043	45679	46146	355291	449	140	16	103	21
17.257000	511.392184	40300	40732	315980	454	122	4	96	22
19.870000	505.771904	52934	53507	431843	457	137	9	107	21
8.070000	498.416787	22627	22863	159211	449	139	10	112	17
19.114000	504.190267	50381	50999	413052	451	130	8	103	19
24.095000	509.117574	65905	66362	549026	456	130	13	103	14
11.956000	505.263305	33606	34105	260991	448	142	13	110	19
16.657000	506.928208	40412	40796	306597	446	134	7	105	22
15.300000	512.035358	42173	42882	337909	454	126	11	96	19
18.474000	503.593389	45610	45813	339337	454	140	12	111	17
13.896000	505.840758	38240	38623	297954	455	129	13	97	19
22.332000	506.693665	62275	62631	489299	447	146	17	113	16
18.222000	507.060830	50718	51363	424419	446	130	13	98	19
22.410000	511.346688	57192	57585	445193	456	132	12	102	18
10.444000	510.426333	27868	28175	201147	455	147	16	112	19
7.271000	513.273151	21491	21830	148472	454	144	17	114	13
9.398000	504.982268	23349	23501	158149	444	144	11	114	19
13.350000	523.356887	36628	36960	272519	460	135	13	98	24
16.808000	508.378174	36753	37320	298888	450	131	8	101	22
19.409000	515.014686	52774	53378	439230	455	139	16	107	16
17.846000	510.709688	49125	49705	403422	454	136	16	102	18
12.204000	510.557755	33988	34589	272835	454	140	11	112	17
7.014000	514.110167	22224	22440	142888	462	133	17	98	18
15.538000	509.496336	44472	44866	343504	457	141	14	111	16
22.190000	509.069885	52541	52805	407524	455	149	16	116	17
23.574000	507.919963	62722	63232	499231	458	140	9	115	16
8.391000	514.571008	24851	25120	172896	458	142	17	111	14
10.554000	516.817977	29893	30309	228206	465	141	11	105	25
20.832000	506.448178	51896	52113	384643	455	140	11	115	14
13.909000	514.664378	39674	40089	308549	461	137	16	105	16
16.244000	514.942426	45836	46436	352388	465	132	14	102	16
16.640000	507.678065	36933	37379	293811	453	146	12	117	17
24.834000	520.840064	69535	70018	549965	467	134	17	95	22
12.922000	518.857418	37801	38080	287485	458	145	15	116	14
19.184000	513.843116	55680	56002	418464	453	131	9	107	15
21.074000	515.789305	53560	53949	426855	466	135	8	114	13
18.894000	519.112738	45376	45892	366053	457	128	8	108	12
8.170000	512.375509	24166	24503	177272	452	147	13	110	24
19.351000	523.450547	54078	54611	412564	465	137	10	107	20
19.183000	515.547566	44804	45275	348092	458	144	19	105	20
8.610000	520.783979	22595	22881	155176	463	150	14	118	18
20.925000	516.147309	56316	56829	461506	459	139	11	110	18
16.555000	528.032352	46512	47126	383309	471	132	10	105	17
16.696000	529.905531	46248	46893	383765	475	128	7	102	19
13.301000	516.453093	38281	38800	293527	458	133	11	104	18
15.256000	522.437693	36727	37147	271830	464	134	8	104	22
21.865000	524.585846	58555	59087	487374	464	139	18	104	17
9.079000	518.672090	25783	26077	181200	462	143	16	113	14
13.193000	518.465388	33147	33329	239100	460	132	9	107	16
21.621000	530.513203	50941	51767	430290	471	128	7	100	21
12.034000	519.753608	33275	33733	255900	465	141	11	111	19
15.408000	521.885676	35222	35571	256848	461	130	8	108	14
10.755000	523.095897	31035	31440	231621	462	143	14	107	22
14.527000	519.029411	41756	42229	315956	463	141	10	112	19
19.212000	522.466261	43845	44358	351708	473	136	11	100	25
16.703000	513.290635	40030	40656	324088	462	145	10	115	20
16.960000	520.407193	42646	43147	339750	463	146	15	114	17
14.592000	524.610525	39592	40120	320008	469	137	9	104	24
19.021000	529.508686	49613	50054	406497	478	132	16	103	13
16.912000	520.475352	39021	39314	301948	464	148	13	112	23
14.562000	523.931907	40025	40511	323214	474	149	14	121	14
17.820000	520.238496	51701	52256	399083	460	148	19	112	17
21.623000	515.186539	59958	60473	481606	460	139	10	111	18
24.776000	525.836750	68252	68662	541334	463	143	11	117	15
14.879000	520.927702	36912	37555	299040	462	136	16	101	19
24.466000	525.830549	64805	65257	503565	475	137	10	111	16
21.976000	528.471405	51135	51790	424844	470	135	15	104	16
16.327000	525.576577	44063	44737	361202	467	147	14	111	22
19.373000	523.615048	43666	44628	361005	461	141	16	105	20
11.761000	522.168660	35587	35944	256268	467	149	7	120	22
12.264000	519.966404	35077	35475	273866	467	147	14	112	21
20.014000	525.145747	49129	49637	406130	467	128	6	96	26
9.300000	526.890313	24252	24356	162383	470	148	12	114	22
7.382000	524.986262	23423	23566	150844	470	151	9	122	20
21.906000	533.851929	59743	60477	499046	478	137	15	108	14
25.704000	528.833428	69307	69924	570130	468	137	16	107	14
19.196000	539.145512	48885	49383	376078	475	134	8	108	18
18.564000	531.946121	42812	43223	325774	478	139	14	108	17
31.725000	537.824158	74317	74978	622276	476	140	13	110	17
27.000000	534.353264	67684	68238	541425	476	138	19	100	19
23.944000	528.610282	57624	57934	454662	472	150	15	117	18
22.883000	527.193103	59358	59836	472345	465	150	18	112	20
20.007000	531.322439	52248	52832	430865	480	134	15	96	23
26.768000	536.596709	63626	63964	502187	475	141	9	112	20
5.878000	532.730080	19006	19110	113265	475	140	12	111	17
16.045000	527.096506	43433	43768	339045	466	155	15	125	15
10.377000	536.990396	28722	28981	180714	472	146	12	115	19
34.188000	537.299612	80326	80916	681958	478	141	10	110	21
20.309000	541.109388	53670	54307	441067	487	143	7	117	19
18.374000	528.538734	54152	54424	399742	478	139	12	112	15
18.419000	532.122552	43237	43687	343191	472	137	7	108	22
11.881000	537.308639	32707	33341	256448	480	142	9	105	28
18.486000	530.132063	44157	44510	323205	474	136	16	103	17
15.925000	536.917812	44717	45120	361266	470	141	13	106	22
10.586000	534.594964	30513	30684	223925	474	145	12	119	14
7.987000	534.822019	24946	25116	164160	477	142	15	107	20
9.737000	533.928582	30023	30312	207269	475	150	13	120	17
19.724000	540.682689	47592	47952	359730	475	142	5	112	25
14.884000	533.741384	41346	41954	317208	478	150	15	113	22
13.994000	534.151800	35613	36193	278063	478	143	17	105	21
18.344000	537.184735	44579	44800	358451	481	147	14	109	24
32.162000	534.002604	70030	70487	580526	474	138	5	112	21
9.721000	536.722235	27656	28137	212977	479	141	15	107	19
7.256000	544.068805	23107	23310	145948	477	142	11	110	21
18.109000	533.921370	48880	49084	363497	481	148	12	117	19
17.220000	534.472358	43511	43982	345956	478	142	20	100	22
18.657000	538.301391	45798	46354	377753	484	138	18	98	22
16.703000	543.346161	46217	46685	365396	488	149	14	115	20
21.964000	545.647408	61403	62108	499990	493	137	13	109	15
13.608000	541.762976	38819	39128	286127	478	146	12	115	19
18.821000	539.368070	41922	42357	332328	481	147	13	111	23
14.073000	540.838912	41443	41926	313897	486	141	12	118	11
17.599000	534.744091	42463	43107	351733	477	148	11	118	19
9.704000	534.765289	28159	28672	194842	480	152	6	123	23
24.887000	536.258294	60838	61305	482895	476	149	10	123	16
23.243000	536.079664	62132	62689	509432	477	147	18	118	11
14.988000	545.214508	41999	42671	338748	484	138	15	106	17
11.707000	537.871979	34724	34995	254264	480	160	12	129	19
14.304000	544.633879	40056	40573	324645	485	138	19	104	15
12.446000	541.395534	28048	28200	191454	484	158	14	124	20
27.006000	547.058421	61841	62293	486141	488	148	15	116	17
17.368000	537.449365	47644	48152	384410	477	150	11	119	20
15.850000	547.560374	37747	38158	281612	485	136	8	114	14
21.842000	540.065458	58911	59387	462979	483	147	12	117	18
15.214000	544.286645	37736	38019	257296	484	139	11	109	19
19.649000	550.135529	51155	51813	424664	490	132	6	101	25
19.533000	544.688631	53485	53925	434197	482	151	17	118	16
20.270000	549.286891	47831	48358	385077	498	144	13	109	22
25.221000	545.735825	66743	67177	546660	481	141	3	113	25
21.801000	549.619313	55859	56369	461308	493	136	18	94	24
18.238000	543.641067	46159	46478	360070	483	150	12	121	17
18.062000	546.313948	44229	44671	353985	485	150	12	112	26
23.342000	541.174663	55727	56206	456249	483	144	10	113	21
19.886000	543.791058	53610	54065	420035	484	147	19	113	15
7.703000	542.685303	24004	24201	158453	484	146	12	112	22
18.220000	558.583052	51822	52231	395385	492	148	13	111	24
16.287000	558.276534	39330	39677	302853	495	134	5	106	23
20.133000	554.668595	52187	52520	415852	494	156	14	116	26
21.199000	544.945415	57150	57431	424918	491	148	15	116	17
30.480000	556.241910	72606	73243	586176	492	143	19	103	21
28.471000	552.402532	72414	72829	576441	496	145	13	110	22
28.007000	553.962862	68789	69375	551006	489	143	19	105	19
21.356000	549.420053	58178	58738	471402	490	149	13	117	19
23.572000	552.508690	57084	57556	443989	489	153	15	118	20
28.671000	545.742307	67549	68106	549487	485	151	11	117	23
9.556000	548.054347	28177	28664	207028	494	144	10	116	18
18.442000	566.970899	51924	52357	403203	500	138	9	111	18
29.522000	550.865908	77540	78094	655187	491	156	8	127	21
24.679000	549.651289	58238	58615	458582	483	156	14	124	18
11.694000	555.602242	26007	26441	191941	496	145	11	113	21
11.106000	555.654664	33101	33419	230355	494	150	14	117	19
18.425000	551.060198	52451	52873	407981	487	148	17	115	16
25.319000	556.191774	66310	66869	556387	492	141	8	108	25
22.589000	550.456562	55220	55494	409308	495	156	16	126	14
21.528000	548.939883	53186	53551	432586	488	151	12	125	14
10.006000	559.959184	25213	25523	162583	504	149	18	112	19
12.065000	553.493423	30303	30677	217312	490	164	11	130	23
21.279000	553.207124	58962	59326	468602	487	160	16	125	19
25.359000	562.563074	72109	72479	558970	492	150	10	120	20
18.893000	554.623711	52268	52802	424656	493	158	13	125	20
11.272000	560.902389	32515	32927	249615	500	152	14	117	21
25.845000	560.491636	64815	65562	548042	500	147	14	115	18
9.591000	556.029423	27452	27636	182788	498	156	14	120	22
30.687000	557.655657	78884	79472	610007	500	152	8	127	17
21.858000	557.861809	56648	57239	457160	503	148	12	117	19
25.539000	558.940873	64212	64608	532320	500	150	16	114	20
19.889000	557.487416	50125	50537	397279	501	152	15	115	22
13.053000	563.026051	31587	31801	236030	496	153	15	120	18
22.428000	560.146932	58287	58722	469802	500	143	15	107	21
26.945000	559.694025	62176	62663	483307	494	153	25	114	14
9.190000	561.105444	25312	25570	173867	496	150	16	114	20
24.909000	558.311865	67436	67917	515687	502	152	13	121	18
13.379000	564.795464	37563	37941	282872	499	147	13	115	19
23.293000	553.816540	55166	55521	428286	492	150	11	122	17
26.592000	563.511846	74135	74710	592494	497	152	14	118	20
23.022000	563.450602	61769	62359	523291	503	138	11	114	13
24.920000	568.902690	66667	67132	547311	506	141	6	111	24
27.338000	565.026054	62225	62818	491929	510	152	16	116	20
21.395000	554.699166	54088	54832	443936	498	153	12	124	17
28.353000	561.208355	67187	67891	564108	498	150	10	117	23
25.789000	565.991853	70919	71679	587202	508	146	14	118	14
12.838000	557.840706	37522	38027	284565	501	149	11	122	16
18.058000	557.929597	46018	46554	375244	496	159	14	128	17
24.901000	563.897000	64704	65134	495271	497	153	10	126	17
25.734000	567.299335	70539	71318	599704	505	140	18	109	13
13.035000	560.116687	33617	33915	242252	499	150	9	121	20
19.364000	571.531073	47367	47760	350914	509	153	9	124	20
17.683000	562.817911	48990	49424	392260	498	155	11	121	23
15.491000	568.263491	37435	37743	264275	503	146	11	113	22
16.629000	577.829236	46604	46835	362486	514	151	15	116	20
19.402000	570.246481	45272	45933	361786	502	145	12	115	18
20.311000	572.234987	48632	49178	386786	515	161	19	125	17
26.222000	572.406308	65270	66011	545261	513	155	19	117	19
21.813000	569.602272	62436	62877	480250	502	147	22	108	17
24.911000	568.057764	59488	60017	482262	508	146	17	108	21
28.161000	567.644822	71578	72310	601947	505	149	13	113	23
22.172000	565.717745	56488	56863	416405	510	163	14	137	12
22.814000	574.080770	54066	54650	437186	512	153	16	123	14
8.738000	567.525114	26953	27229	171820	512	148	11	115	22
13.470000	570.641040	37905	38274	292764	509	160	18	117	25
12.862000	564.684322	33567	33998	243729	507	166	10	131	25
26.798000	566.562985	65101	65322	513070	502	154	15	123	16
23.115000	566.718341	52942	53284	414519	504	152	11	114	27
21.670000	577.197369	50868	51328	408767	512	147	14	117	16
25.738000	570.995224	69774	70677	591442	505	151	18	114	19
8.863000	566.452872	27046	27378	186978	506	160	8	129	23
10.826000	568.325505	31988	32209	229938	506	156	18	122	16
17.461000	576.147597	45691	46161	356386	518	160	14	125	21
26.033000	573.674559	66330	66883	527872	501	161	16	124	21
19.963000	566.772603	53724	53868	407636	504	160	18	129	13
