0.019000	5.414214	5	19	37	0	2	1	0	1
0.013000	6.828427	9	30	61	0	4	2	1	1
0.008000	4.242641	3	18	14	0	0	0	0	0
0.011000	5.000000	6	22	26	0	1	0	1	0
0.015000	5.000000	5	16	18	0	1	0	1	0
0.009000	6.656854	5	25	42	0	1	0	0	1
0.012000	7.242641	10	30	48	0	5	1	1	3
0.008000	4.000000	4	18	27	0	0	0	0	0
0.009000	4.828427	5	21	33	0	3	2	1	0
0.006000	3.414214	3	15	17	0	2	0	1	1
0.008000	4.828427	7	19	25	0	3	0	3	0
0.011000	6.242641	10	30	47	0	3	1	2	0
0.010000	8.414214	8	31	58	0	2	1	0	1
0.011000	9.656854	15	44	86	0	4	1	2	1
0.015000	9.242641	16	38	81	0	6	2	2	2
0.016000	9.656854	13	36	74	0	4	2	1	1
0.009000	7.828427	9	29	52	0	3	0	2	1
0.013000	8.242641	15	38	76	0	4	1	2	1
0.012000	6.828427	12	31	52	0	3	1	2	0
0.016000	9.656854	14	38	83	0	5	2	3	0
0.017000	14.414214	19	53	124	0	3	0	3	0
0.019000	13.485281	24	54	134	0	6	2	3	1
0.025000	11.242641	32	63	154	0	5	1	3	1
0.021000	13.414214	13	43	105	0	2	2	0	0
0.018000	11.071068	21	51	117	0	4	1	3	0
0.024000	11.242641	49	75	213	0	5	1	4	0
0.023000	12.656854	33	55	157	0	7	2	4	1
0.013000	12.656854	26	50	112	0	6	2	3	1
0.023000	11.828427	37	57	148	0	4	1	3	0
0.162000	11.242641	47	71	183	0	6	0	4	2
0.023000	13.485281	27	56	135	0	5	2	3	0
0.030000	17.313708	55	87	272	0	8	3	2	3
0.022000	16.485281	44	63	175	0	7	2	4	1
0.022000	17.414214	17	54	155	0	2	1	0	1
0.046000	16.485281	91	127	385	0	8	4	4	0
0.049000	18.828427	97	145	489	0	5	3	2	0
0.040000	17.313708	52	96	269	0	5	0	3	2
0.040000	15.656854	62	105	369	0	4	0	3	1
0.041000	15.656854	78	103	347	0	9	3	5	1
0.047000	13.828427	91	131	434	0	6	0	5	1
0.040000	20.071068	61	97	255	0	10	7	3	0
0.036000	18.899495	69	104	350	0	10	1	7	2
0.033000	18.071068	63	100	342	0	5	1	3	1
0.049000	18.485281	95	128	401	0	7	1	5	1
0.033000	17.899495	58	91	223	0	9	3	6	0
0.034000	19.071068	73	98	252	0	8	1	4	3
0.049000	17.656854	74	116	392	0	7	1	5	1
0.066000	19.485281	130	170	562	0	9	1	6	2
0.031000	16.899495	42	80	225	0	11	4	5	2
0.033000	16.899495	54	92	227	0	8	2	5	1
0.047000	20.727922	86	128	419	0	9	1	6	2
0.055000	25.384776	100	143	560	0	10	4	5	1
0.042000	21.142136	64	114	346	0	8	2	3	3
0.036000	19.071068	51	99	266	0	8	2	3	3
0.056000	22.899495	112	148	467	0	10	2	6	2
0.043000	22.485281	74	121	357	0	13	4	7	2
0.073000	21.485281	157	208	801	0	11	3	7	1
0.051000	20.899495	82	114	365	0	6	0	4	2
0.040000	21.485281	82	121	410	0	10	4	3	3
0.071000	23.556349	145	174	647	0	12	3	5	4
0.075000	25.313708	124	174	634	0	6	2	3	1
0.059000	26.899495	106	149	514	0	8	4	4	0
0.122000	27.142136	302	374	1517	0	10	3	6	1
0.086000	24.899495	157	215	831	0	10	2	6	2
0.035000	25.242641	67	110	275	0	3	0	3	0
0.050000	22.656854	91	121	378	0	8	1	4	3
0.056000	23.727922	117	169	595	0	10	0	7	3
0.062000	24.556349	112	166	608	0	13	3	7	3
0.090000	26.142136	163	219	906	0	12	1	8	3
0.078000	26.727922	155	202	739	0	10	2	6	2
0.130000	30.142136	291	351	1314	0	12	3	6	3
0.090000	25.899495	196	242	932	0	9	3	5	1
0.062000	27.313708	106	149	506	0	11	2	7	2
0.139000	30.556349	330	404	1912	0	11	3	7	1
0.079000	28.142136	169	205	779	0	15	5	8	2
0.110000	28.727922	230	287	1089	0	9	3	5	1
0.080000	27.727922	149	201	736	0	8	1	4	3
0.109000	28.556349	214	274	1163	0	11	3	6	2
0.067000	30.485281	95	152	547	0	8	1	5	2
0.044000	27.727922	99	143	361	0	10	3	5	2
0.102000	32.970563	227	292	1301	0	9	3	5	1
0.119000	31.556349	295	357	1418	0	11	3	8	0
0.090000	30.142136	196	243	893	0	12	2	8	2
0.085000	31.727922	206	250	882	0	11	2	6	3
0.072000	33.899495	129	177	609	0	12	2	5	5
0.080000	36.071068	134	199	793	0	10	3	3	4
0.123000	32.142136	245	318	1316	0	9	3	5	1
0.100000	31.213203	254	298	1222	0	13	0	10	3
0.061000	31.727922	130	169	492	0	15	4	7	4
0.087000	29.142136	212	275	1188	0	16	5	7	4
0.151000	36.627417	386	461	2023	0	13	3	8	2
0.109000	31.556349	283	341	1331	0	12	2	10	0
0.038000	35.656854	98	162	598	0	7	2	4	1
0.128000	40.727922	334	397	1805	0	8	3	5	0
0.165000	36.727922	420	468	2178	0	11	2	7	2
0.107000	31.556349	268	324	1276	0	23	5	15	3
0.124000	34.384776	287	341	1548	0	14	3	8	3
0.081000	31.970563	187	234	876	0	16	4	11	1
0.075000	36.213203	181	253	1020	0	14	4	8	2
0.067000	35.384776	145	192	767	0	12	1	7	4
0.130000	39.727922	283	358	1436	0	15	5	7	3
0.110000	40.970563	244	302	1165	0	17	3	8	6
0.174000	38.970563	469	532	2678	0	12	3	7	2
0.119000	40.627417	280	367	1647	0	14	3	9	2
0.085000	40.970563	222	269	1130	0	12	4	7	1
0.249000	40.384776	420	489	2256	0	16	2	8	6
0.343000	40.213203	472	569	2734	0	14	4	5	5
0.149000	37.970563	239	284	1207	0	18	4	11	3
0.065000	39.142136	153	231	909	0	11	1	7	3
0.075000	40.213203	187	280	1128	0	14	3	6	5
0.156000	40.656854	410	501	2273	0	9	2	5	2
0.258000	43.798990	702	790	3642	0	18	2	11	5
0.162000	43.041631	476	539	2281	0	17	6	8	3
0.153000	43.455844	416	461	2144	0	14	2	8	4
0.115000	41.556349	296	354	1416	0	15	4	9	2
0.225000	46.142136	296	357	1497	0	19	5	10	4
0.112000	43.142136	282	350	1608	0	9	0	6	3
0.218000	45.455844	620	683	3362	0	19	2	9	8
0.097000	40.142136	248	300	1168	0	16	1	11	4
0.165000	39.627417	438	524	2340	0	19	1	13	5
0.171000	47.627417	459	547	2854	0	19	3	10	6
0.355000	48.384776	551	626	3137	0	15	4	7	4
0.220000	47.142136	448	522	2154	0	17	4	11	2
0.173000	47.183766	264	345	1387	0	15	4	8	3
0.583000	47.455844	830	920	4515	0	18	5	11	2
0.185000	44.798990	397	454	2017	0	21	2	14	5
0.209000	47.627417	552	624	2926	0	13	0	7	6
0.113000	44.798990	303	366	1608	0	14	3	10	1
0.103000	43.870058	305	332	1226	0	16	3	13	0
0.220000	46.627417	629	700	3418	0	14	3	9	2
0.191000	50.284271	480	547	2568	0	17	3	9	5
0.292000	51.798990	830	911	4408	0	13	6	7	0
0.259000	49.526912	672	764	3647	0	17	7	6	4
0.211000	46.798990	554	597	2764	0	18	4	10	4
0.292000	46.455844	710	806	4468	0	18	4	11	3
0.146000	47.142136	395	461	2186	0	11	2	9	0
0.186000	48.798990	501	575	2684	0	19	4	12	3
0.254000	46.213203	665	770	3963	0	14	2	10	2
0.162000	49.698485	406	471	2307	0	20	10	9	1
0.140000	51.384776	359	431	1805	0	11	2	3	6
0.272000	51.798990	709	766	3535	0	26	6	16	4
0.219000	55.627417	496	608	2929	0	16	3	7	6
0.191000	48.556349	467	563	2632	0	20	2	13	5
0.247000	52.455844	717	798	4134	0	21	4	14	3
0.158000	55.455844	383	484	2309	0	21	9	9	3
0.225000	55.213203	538	630	3048	0	18	4	10	4
0.132000	51.870058	321	381	1382	0	21	5	11	5
0.216000	52.870058	494	590	2851	0	20	7	12	1
0.205000	56.698485	531	633	3203	0	24	5	11	8
0.242000	52.970563	526	610	3089	0	15	1	10	4
0.311000	57.526912	885	969	4718	0	18	7	11	0
0.435000	56.870058	1153	1249	6737	0	22	6	13	3
0.343000	54.698485	898	978	4665	0	21	5	12	4
0.213000	54.384776	577	667	3417	0	13	3	9	1
0.175000	56.041631	480	528	2414	0	27	9	14	4
0.354000	55.041631	667	743	3744	0	17	5	11	1
0.218000	55.870058	478	553	2392	0	26	8	15	3
0.232000	51.970563	709	770	3871	0	22	3	15	4
0.202000	54.798990	648	740	3237	0	19	2	14	3
0.391000	57.698485	1186	1294	7112	0	27	8	12	7
0.202000	60.870058	588	666	3301	0	23	3	13	7
0.391000	59.284271	1235	1303	6851	0	28	5	17	6
0.238000	58.627417	619	686	3466	0	22	3	12	7
0.407000	56.698485	911	998	5340	0	24	4	13	7
0.173000	61.698485	456	568	2596	0	23	8	12	3
0.321000	59.041631	830	974	5108	0	17	4	10	3
0.383000	62.012193	1108	1275	6990	0	19	3	10	6
0.176000	59.698485	460	546	2378	0	23	4	13	6
0.154000	55.627417	410	453	1581	0	15	3	10	2
0.314000	60.284271	900	995	5506	0	20	2	12	6
0.333000	64.355339	1019	1077	5256	0	26	6	16	4
0.287000	59.213203	853	937	5028	0	18	5	9	4
0.252000	59.041631	723	803	4252	0	23	4	13	6
0.201000	60.870058	533	621	2971	0	25	5	14	6
0.275000	65.627417	788	862	4081	0	24	5	13	6
0.316000	64.112698	742	842	4233	0	29	7	15	7
0.222000	62.627417	607	710	3476	0	23	5	14	4
0.298000	58.698485	883	957	4378	0	27	4	15	8
0.317000	67.041631	899	1021	5471	0	25	7	12	6
0.226000	62.698485	663	760	3492	0	24	5	15	4
0.329000	67.041631	939	1038	5684	0	25	6	15	4
0.441000	67.941125	1205	1323	7522	0	19	4	10	5
0.483000	65.526912	614	708	3462	0	26	6	16	4
0.165000	68.112698	504	547	2392	0	27	13	8	6
0.334000	68.355339	986	1078	5865	0	29	6	14	9
0.428000	61.870058	1274	1397	7142	0	24	4	16	4
0.236000	65.284271	730	800	3603	0	18	5	11	2
0.208000	65.012193	632	728	3402	0	19	4	11	4
0.289000	66.112698	837	959	4928	0	19	5	12	2
0.442000	62.698485	1444	1558	8054	0	22	5	13	4
0.391000	73.355339	1056	1187	6476	0	24	8	12	4
0.244000	71.284271	767	864	4621	0	25	6	15	4
0.257000	70.526912	788	866	4468	0	25	6	15	4
0.369000	72.455844	1119	1207	6784	0	24	8	13	3
0.327000	70.254834	950	1061	5470	0	32	10	18	4
0.306000	70.284271	726	806	4119	0	26	4	16	6
0.196000	72.455844	512	588	2941	0	25	7	13	5
0.420000	71.254834	1220	1359	7119	0	22	4	13	5
0.220000	71.597980	546	652	3231	0	21	7	10	4
0.626000	72.870058	1792	1940	11189	0	23	3	13	7
0.344000	76.870058	827	950	5159	0	23	6	13	4
0.338000	77.183766	1007	1137	5530	0	24	6	14	4
0.369000	72.698485	1145	1229	6319	0	32	8	19	5
0.230000	68.941125	681	800	3908	0	28	5	15	8
0.693000	74.870058	2187	2329	13095	0	25	4	16	5
0.320000	73.769553	909	1017	5582	0	32	8	16	8
0.252000	74.284271	736	819	3942	0	31	7	18	6
0.313000	71.284271	973	1084	5609	0	27	7	15	5
0.216000	75.597980	693	771	3315	0	33	10	15	8
0.327000	69.597980	1042	1137	5468	0	18	5	11	2
0.248000	75.284271	712	808	4097	0	28	8	16	4
0.209000	74.183766	615	703	3660	0	24	4	13	7
0.228000	74.870058	679	791	3457	0	27	7	15	5
0.345000	75.284271	1104	1220	6822	0	29	6	15	8
0.324000	74.941125	937	1062	5940	0	30	9	18	3
0.374000	74.012193	1151	1286	6473	0	31	7	17	7
0.441000	74.426407	1309	1433	8131	0	28	6	15	7
0.242000	78.355339	756	843	4073	0	28	6	16	6
0.338000	80.284271	1071	1193	5399	0	19	2	11	6
0.285000	75.526912	899	975	5017	0	32	6	19	7
0.274000	81.284271	831	905	4701	0	23	7	14	2
0.363000	82.284271	1044	1126	5478	0	23	6	12	5
0.409000	83.627417	1206	1327	7537	0	19	7	11	1
0.389000	78.597980	1259	1369	6318	0	26	4	16	6
0.329000	82.597980	1066	1189	6307	0	29	8	16	5
0.500000	81.426407	1470	1604	9251	0	30	9	17	4
0.333000	82.840620	985	1105	5626	0	29	6	16	7
0.272000	78.941125	789	869	4307	0	30	7	15	8
0.376000	78.597980	1136	1241	6912	0	30	7	16	7
0.448000	80.669048	1375	1511	8011	0	24	6	13	5
0.298000	84.769553	934	1032	5098	0	28	3	18	7
0.282000	84.911688	839	985	5307	0	21	6	12	3
0.470000	82.941125	1408	1595	8947	0	23	4	13	6
0.249000	82.526912	747	888	3968	0	28	6	15	7
0.473000	87.012193	1399	1508	8473	0	24	5	14	5
0.356000	83.426407	1048	1163	5749	0	31	7	19	5
0.640000	84.183766	2018	2144	12268	0	38	7	20	11
0.560000	85.941125	1693	1809	9910	0	32	8	20	4
0.399000	77.941125	1277	1378	7516	0	27	3	18	6
0.433000	87.426407	1438	1511	7702	0	35	8	18	9
0.762000	87.012193	2448	2650	15577	0	31	9	18	4
0.589000	85.012193	1816	1932	11188	0	33	8	19	6
0.359000	87.597980	1090	1273	7052	0	29	7	14	8
0.605000	88.497475	1843	1954	11828	0	36	4	21	11
0.542000	81.627417	1624	1723	9357	0	27	3	17	7
0.395000	86.355339	1130	1204	5975	0	34	8	19	7
0.359000	87.941125	1081	1177	6099	0	34	5	20	9
0.633000	87.012193	2024	2144	12706	0	27	8	14	5
0.664000	93.426407	2174	2263	13294	0	34	7	19	8
0.631000	88.284271	1945	2108	11953	0	30	8	18	4
0.326000	89.183766	989	1172	6622	0	33	9	17	7
0.613000	90.769553	2115	2248	13016	0	25	8	15	2
0.310000	87.597980	1021	1085	4663	0	32	3	21	8
0.448000	89.941125	1344	1463	7917	0	26	6	18	2
0.485000	86.183766	1544	1640	8487	0	30	7	18	5
0.471000	86.597980	1463	1584	8559	0	36	7	21	8
0.625000	92.254834	1873	1996	11764	0	29	7	15	7
0.650000	88.911688	1971	2083	13007	0	25	5	16	4
0.467000	92.254834	1397	1514	8592	0	37	8	20	9
0.558000	91.083261	1808	1928	11483	0	33	9	19	5
0.647000	92.183766	2439	2543	14784	0	33	8	21	4
0.313000	93.083261	983	1100	5852	0	42	10	21	11
0.650000	90.526912	1867	1993	11651	0	32	6	18	8
0.460000	93.325902	1577	1686	9830	0	29	6	17	6
1.239000	92.183766	1727	1870	10489	0	42	6	25	11
1.000000	96.183766	1729	1873	10282	0	28	8	15	5
0.731000	95.183766	1650	1753	10256	0	28	10	14	4
0.708000	90.597980	1684	1758	10253	0	37	10	23	4
0.469000	93.083261	1120	1223	5937	0	30	8	17	5
0.900000	96.840620	2135	2258	13874	0	34	11	16	7
1.064000	93.083261	2622	2732	16192	0	37	8	21	8
0.987000	100.526912	2621	2756	14169	0	29	5	15	9
0.692000	97.012193	1688	1805	10026	0	38	16	18	4
1.221000	97.426407	2923	3043	17544	0	42	8	24	10
0.616000	95.183766	1588	1665	8875	0	32	6	19	7
0.342000	95.941125	964	1015	4545	0	28	4	18	6
1.374000	100.355339	3638	3825	23789	0	39	7	25	7
0.721000	99.597980	1871	1996	11574	0	36	5	19	12
0.674000	97.325902	2011	2119	11566	0	37	8	21	8
0.673000	100.669048	1969	2140	12595	0	36	7	19	10
0.493000	101.012193	1389	1551	9227	0	34	10	22	2
0.422000	96.426407	1213	1359	7199	0	39	8	25	6
0.384000	102.154329	1179	1269	6166	0	39	9	18	12
0.546000	96.355339	1692	1817	9654	0	32	5	19	8
0.564000	97.254834	1752	1879	10577	0	44	7	23	14
0.777000	98.183766	1873	2024	12151	0	34	6	19	9
0.666000	99.669048	1701	1891	10817	0	36	6	22	8
0.416000	95.083261	1185	1331	7737	0	25	8	14	3
0.796000	98.911688	2711	2843	17039	0	38	5	23	10
0.487000	101.083261	1681	1823	11031	0	38	7	20	11
0.493000	100.183766	1441	1555	9165	0	28	5	20	3
0.530000	103.669048	1582	1703	9692	0	30	8	16	6
0.493000	103.911688	1502	1633	8714	0	39	11	23	5
0.695000	107.154329	2109	2309	12347	0	43	10	22	11
0.523000	102.154329	1550	1684	9431	0	41	5	26	10
0.415000	104.669048	1065	1201	6536	0	38	9	20	9
0.405000	100.497475	1186	1289	6483	0	30	7	17	6
0.446000	103.639610	1355	1513	8439	0	31	9	15	7
0.820000	103.012193	2737	2839	16431	0	39	7	23	9
0.824000	104.012193	2332	2558	15299	0	37	5	21	11
0.546000	105.355339	2021	2155	11972	0	34	6	20	8
0.837000	108.568542	2421	2664	15778	0	41	8	23	10
1.033000	106.325902	3257	3436	19701	0	42	12	20	10
0.750000	109.911688	2329	2489	15285	0	35	7	20	8
0.516000	111.325902	1640	1790	9215	0	39	8	23	8
0.629000	105.597980	2066	2176	11608	0	35	7	23	5
0.309000	102.254834	970	1048	4880	0	45	12	26	7
0.645000	106.840620	2006	2123	11781	0	36	6	23	7
0.688000	110.597980	2165	2241	12546	0	33	7	17	9
0.666000	108.597980	2090	2256	12290	0	31	6	20	5
0.865000	116.183766	2508	2676	15905	0	37	9	22	6
0.799000	111.083261	2430	2559	15196	0	36	7	20	9
0.993000	109.669048	2947	3115	18102	0	39	12	22	5
0.750000	111.154329	2500	2662	16380	0	48	10	26	12
1.264000	110.597980	3987	4091	24609	0	41	7	23	11
0.992000	111.911688	3145	3275	19868	0	44	14	25	5
0.857000	107.740115	2590	2761	16904	0	40	7	26	7
1.024000	109.669048	3095	3282	20977	0	45	11	24	10
1.177000	112.669048	3659	3833	23981	0	36	9	22	5
0.657000	109.840620	1946	2085	12309	0	32	6	19	7
1.099000	112.296465	3349	3560	22207	0	37	6	24	7
0.418000	111.497475	1255	1389	7252	0	45	15	22	8
0.593000	111.769553	1787	1984	12164	0	32	9	17	6
0.828000	114.325902	2516	2664	16611	0	41	5	24	12
1.004000	118.154329	1488	1696	9877	0	39	8	20	11
0.528000	116.568542	1615	1754	9496	0	52	14	24	14
0.869000	113.568542	2634	2774	16740	0	35	7	20	8
0.836000	114.597980	2602	2773	18058	0	36	7	24	5
0.606000	108.911688	1950	2042	9967	0	42	7	29	6
0.803000	110.325902	2403	2574	15298	0	49	15	26	8
0.688000	116.982756	2198	2318	13147	0	34	8	20	6
0.451000	120.325902	1401	1505	8059	0	40	12	21	7
0.747000	116.053824	2188	2375	14086	0	36	10	22	4
0.882000	111.325902	2650	2764	15753	0	40	7	24	9
0.753000	115.882251	2425	2516	13837	0	46	6	27	13
1.052000	118.568542	3261	3365	21088	0	44	8	25	11
0.634000	114.396970	1891	2037	11830	0	45	12	21	12
0.631000	120.468037	1841	1982	12096	0	42	13	23	6
1.012000	112.426407	2049	2164	12222	0	43	10	24	9
1.870000	121.325902	2952	3151	19896	0	44	15	22	7
0.849000	115.325902	1977	2175	12530	0	47	8	28	11
1.334000	117.468037	3349	3528	20684	0	48	14	27	7
1.295000	118.982756	3131	3285	21138	0	37	10	20	7
1.536000	118.811183	3506	3712	24903	0	36	10	20	6
0.895000	121.154329	2390	2555	15209	0	32	7	18	7
0.977000	124.568542	2257	2452	14656	0	42	11	22	9
0.767000	119.911688	2255	2373	13258	0	36	5	22	9
1.024000	121.911688	2604	2792	17395	0	44	14	22	8
0.979000	121.568542	2672	2873	17814	0	37	10	19	8
0.880000	124.568542	2675	2848	15738	0	40	8	23	9
1.127000	120.468037	3361	3518	21098	0	43	11	24	8
0.952000	122.982756	2933	3052	17610	0	47	10	29	8
0.571000	126.568542	1700	1867	10198	0	48	13	27	8
0.824000	117.769553	2630	2767	15137	0	43	8	26	9
1.001000	125.982756	3008	3133	19762	0	44	7	26	11
0.523000	122.225397	1581	1707	9016	0	40	10	21	9
1.063000	121.012193	3205	3425	21585	0	39	10	26	3
0.588000	121.669048	1845	1926	10271	0	45	11	23	11
0.639000	123.296465	2023	2163	11798	0	54	16	30	8
0.559000	125.639610	1711	1846	9524	0	47	13	27	7
1.426000	124.083261	3039	3222	18964	0	38	6	22	10
1.231000	124.568542	2368	2467	12528	0	47	9	29	9
0.915000	128.468037	2294	2415	12534	0	56	14	29	13
1.305000	123.811183	3075	3296	19931	0	41	8	26	7
0.846000	128.568542	2103	2222	12324	0	46	14	25	7
1.295000	124.811183	3116	3272	18666	0	48	11	28	9
0.794000	121.953319	1841	1997	11742	0	49	6	28	15
0.709000	125.639610	1655	1766	8976	0	48	10	29	9
1.650000	127.083261	3797	3987	26747	0	36	7	22	7
1.069000	124.740115	2716	2802	16509	0	39	8	26	5
1.941000	126.325902	4618	4828	31745	0	41	8	25	8
0.995000	132.468037	2647	2760	16284	0	55	14	29	12
1.113000	132.053824	2832	3019	19387	0	40	9	22	9
1.582000	131.911688	4952	5157	32040	0	52	12	33	7
1.242000	136.296465	3926	4085	24444	0	47	8	27	12
1.333000	134.568542	3995	4162	26000	0	53	15	26	12
0.907000	132.468037	2894	3011	17152	0	52	13	29	10
0.756000	128.539105	2555	2704	15189	0	49	9	29	11
0.762000	128.639610	2208	2343	14478	0	44	7	28	9
0.778000	127.568542	2349	2429	13110	0	55	12	33	10
1.145000	131.468037	3687	3822	22911	0	47	13	29	5
0.710000	129.568542	2157	2285	12853	0	54	11	32	11
0.900000	129.225397	2944	3098	17997	0	52	12	30	10
0.571000	130.811183	1920	1999	9486	0	39	9	22	8
0.689000	139.468037	1969	2158	12715	0	42	12	24	6
0.681000	131.053824	2165	2310	12295	0	46	11	26	9
1.679000	136.982756	5035	5298	36414	0	47	6	26	15
0.792000	130.468037	2713	2830	14609	0	50	8	32	10
0.803000	133.468037	2705	2786	15189	0	44	14	24	6
1.343000	134.568542	4405	4590	27185	0	45	10	26	9
0.952000	139.396970	2989	3117	17500	0	44	10	26	8
1.125000	139.053824	3338	3457	21599	0	51	14	30	7
1.389000	142.154329	4250	4387	26979	0	47	12	28	7
1.271000	138.124892	3733	3947	23322	0	47	12	26	9
0.933000	136.811183	2814	2979	18674	0	42	5	26	11
0.661000	135.396970	2151	2281	11441	0	50	7	32	11
0.710000	135.710678	2186	2332	12721	0	47	7	30	10
0.853000	132.053824	2938	3100	19365	0	51	9	33	9
1.070000	136.710678	3158	3334	20838	0	52	12	29	11
1.118000	140.154329	3530	3689	23825	0	43	7	25	11
1.039000	148.438600	3095	3267	19839	0	56	15	29	12
1.813000	143.468037	5269	5537	34424	0	44	11	24	9
1.441000	146.740115	4375	4559	30986	0	38	7	22	9
1.712000	143.953319	5327	5459	35359	0	66	14	36	16
1.429000	138.053824	4363	4593	28756	0	44	8	25	11
0.912000	141.781746	2854	3029	17608	0	49	8	30	11
0.816000	138.154329	2598	2716	15575	0	49	13	28	8
1.062000	137.053824	3246	3384	21615	0	42	9	29	4
1.223000	137.468037	3928	4070	22696	0	49	12	30	7
0.820000	136.225397	2706	2961	18066	0	43	9	27	7
1.202000	145.154329	3645	3810	21916	0	56	16	29	11
0.791000	146.396970	2391	2580	15154	0	52	13	30	9
1.323000	144.225397	4196	4348	26349	0	55	11	32	12
1.127000	144.225397	3585	3801	25690	0	57	14	32	11
0.728000	144.710678	2487	2602	15658	0	58	10	33	15
1.257000	141.497475	3793	4000	26411	0	49	9	33	7
0.656000	145.740115	2152	2248	12338	0	49	14	29	6
1.274000	149.124892	3944	4091	25824	0	41	15	20	6
0.984000	141.882251	2922	3084	18428	0	42	11	26	5
1.905000	146.468037	5300	5426	34007	0	47	7	26	14
1.521000	145.882251	4747	4870	27302	0	47	10	29	8
0.966000	153.195959	2706	2894	17708	0	45	10	24	11
0.720000	143.468037	2229	2306	12599	0	48	15	27	6
1.214000	150.296465	3091	3188	19481	0	61	10	34	17
1.886000	144.882251	5379	5619	36325	0	62	12	35	15
1.304000	145.882251	3925	4068	25458	0	60	10	38	12
1.210000	145.225397	3515	3708	24865	0	43	10	24	9
1.109000	151.154329	3244	3456	21602	0	43	10	25	8
1.777000	154.124892	4972	5134	34198	0	53	20	30	3
1.385000	150.296465	3746	4063	26482	0	57	14	32	11
1.697000	151.225397	5061	5249	32943	0	51	14	30	7
1.409000	150.396970	4148	4273	25734	0	53	18	28	7
1.083000	154.882251	3167	3391	20641	0	42	8	23	11
1.366000	150.124892	4224	4370	25879	0	58	12	37	9
1.626000	150.639610	5091	5228	31013	0	58	20	30	8
1.489000	153.953319	4338	4561	30981	0	45	14	26	5
1.832000	152.468037	2894	3100	21009	0	52	14	27	11
1.345000	147.710678	3678	3824	22760	0	47	13	27	7
1.207000	146.953319	3480	3664	22399	0	63	7	41	15
1.428000	155.882251	3968	4151	24851	0	69	14	39	16
2.142000	154.811183	6543	6779	44341	0	53	17	28	8
1.792000	155.468037	5325	5499	37347	0	55	11	30	14
0.740000	151.296465	2290	2380	12853	0	50	13	30	7
1.724000	157.811183	5272	5505	36425	0	53	13	31	9
1.108000	151.468037	3566	3675	20640	0	53	13	33	7
1.326000	154.438600	4064	4220	25902	0	55	9	32	14
2.064000	148.468037	5694	5907	38579	0	56	10	38	8
3.118000	155.396970	5640	5824	38222	0	56	15	31	10
2.026000	162.438600	4781	5018	30028	0	63	23	31	9
1.261000	148.468037	3125	3226	16490	0	57	15	35	7
1.761000	160.124892	4224	4407	26263	0	54	9	33	12
1.353000	159.710678	3435	3631	21644	0	47	11	26	10
1.533000	160.296465	4163	4361	26245	0	50	10	28	12
2.331000	153.982756	6908	7088	44778	0	49	11	32	6
1.238000	158.953319	3675	3843	22925	0	61	11	39	11
1.216000	165.438600	3790	3967	23453	0	56	15	28	13
1.149000	161.639610	3385	3517	19732	0	55	8	32	15
1.711000	156.781746	5221	5433	36572	0	54	13	31	10
0.871000	160.438600	2616	2788	15858	0	71	18	38	15
1.228000	156.124892	3821	3964	22733	0	53	11	32	10
1.471000	158.154329	4624	4831	28180	0	45	10	28	7
1.491000	163.024387	4631	4817	30163	0	56	15	35	6
1.548000	160.539105	5457	5595	35208	0	57	12	33	12
2.706000	162.195959	7363	7574	47455	0	61	9	36	16
1.909000	161.681241	3978	4175	25862	0	47	14	27	6
1.730000	161.610173	5639	5848	38002	0	53	14	30	9
1.905000	162.781746	6226	6527	46398	0	50	8	30	12
2.156000	159.053824	6649	6892	46351	0	57	9	38	10
2.201000	160.852814	6656	6855	43436	0	59	19	34	6
2.765000	163.539105	4978	5142	29097	0	60	15	34	11
1.393000	163.468037	3476	3533	20493	0	57	12	31	14
1.342000	168.296465	3226	3426	18805	0	55	13	31	11
1.580000	163.468037	3657	3884	23956	0	56	16	31	9
1.963000	165.852814	4667	4841	29436	0	56	11	35	10
1.361000	161.367532	3306	3475	20184	0	60	10	36	14
1.730000	163.781746	3885	4074	25739	0	53	11	31	11
2.064000	165.124892	5103	5269	32236	0	56	8	34	14
2.209000	161.852814	5926	6116	40389	0	70	17	39	14
1.340000	163.124892	4017	4161	25864	0	50	6	33	11
1.916000	169.195959	5505	5691	38249	0	51	7	30	14
1.415000	169.882251	4265	4461	28199	0	59	13	35	11
2.039000	167.539105	6366	6542	41637	0	64	10	38	16
1.792000	170.639610	5431	5627	37254	0	66	11	42	13
1.876000	172.367532	5436	5670	40596	0	69	15	37	17
3.151000	174.296465	9675	9926	64543	0	58	15	32	11
1.381000	170.195959	4362	4555	29608	0	63	21	31	11
1.111000	170.367532	3437	3599	21804	0	66	18	37	11
2.811000	170.367532	8587	8813	55893	0	68	15	38	15
1.601000	168.781746	4703	4913	33581	0	58	14	34	10
1.552000	172.367532	4776	5029	31698	0	61	16	35	10
1.765000	165.781746	5309	5457	35598	0	57	11	36	10
1.229000	175.367532	3566	3767	23239	0	67	18	36	13
1.460000	168.681241	4623	4809	28765	0	60	17	38	5
2.076000	171.610173	6978	7147	45042	0	67	16	42	9
0.996000	163.438600	3253	3446	20610	0	54	12	35	7
2.071000	174.124892	6240	6416	43039	0	62	14	34	14
1.682000	173.024387	5139	5283	34574	0	47	10	27	10
1.051000	174.166522	3357	3495	20322	0	67	18	37	12
2.493000	174.367532	7283	7495	51044	0	64	11	33	20
1.141000	169.882251	3578	3782	22134	0	56	12	31	13
2.914000	171.852814	8644	8821	61739	0	60	11	35	14
3.043000	180.166522	9459	9656	63891	0	63	15	34	14
1.886000	175.267027	5851	6042	39966	0	67	17	39	11
1.707000	176.923882	5236	5423	34260	0	54	13	29	12
2.176000	170.267027	6887	7049	46045	0	64	14	36	14
1.283000	175.225397	3960	4091	24365	0	69	10	41	18
1.978000	176.438600	5858	6103	41378	0	65	16	36	13
1.887000	176.539105	5931	6098	38490	0	52	10	31	11
1.703000	176.024387	5164	5365	32967	0	58	12	34	12
2.085000	176.610173	6598	6792	42739	0	63	9	37	17
2.903000	172.953319	4976	5155	35467	0	71	14	44	13
2.281000	174.882251	5419	5610	34502	0	56	9	34	13
3.136000	182.438600	7323	7584	52249	0	59	13	30	16
2.445000	178.367532	6085	6270	40879	0	67	15	39	13
1.820000	175.710678	4624	4836	30972	0	67	15	41	11
2.523000	178.095454	6067	6261	40774	0	70	12	38	20
2.116000	184.953319	5894	6184	42149	0	58	19	29	10
1.920000	172.124892	6056	6211	39155	0	67	12	41	14
2.655000	176.852814	7169	7344	47031	0	68	14	40	14
1.863000	175.752309	5006	5214	34273	0	61	13	33	15
2.332000	179.267027	6253	6492	43457	0	68	15	40	13
1.594000	181.752309	4600	4742	29697	0	59	15	33	11
2.109000	189.024387	6416	6652	45535	0	60	16	30	14
2.743000	186.095454	8428	8651	58810	0	69	20	37	12
1.492000	182.024387	4421	4742	29025	0	58	11	33	14
1.743000	180.367532	5174	5399	35703	0	55	14	30	11
1.708000	179.823376	5161	5317	32930	0	65	16	34	15
1.842000	182.923882	5891	6048	36516	0	53	15	28	10
1.734000	180.095454	5317	5486	35157	0	67	14	37	16
1.472000	179.195959	4765	4884	29122	0	66	9	40	17
2.261000	180.823376	6730	6841	47857	0	60	12	38	10
1.490000	180.539105	4551	4680	28698	0	67	16	39	12
3.709000	184.681241	6615	6823	44589	0	79	19	46	14
2.752000	187.681241	6447	6645	47681	0	62	11	33	18
1.494000	186.367532	3821	3950	21579	0	67	13	39	15
2.378000	183.852814	5679	5876	39583	0	75	18	41	16
1.695000	183.681241	4712	4872	30229	0	61	13	33	15
1.802000	192.580736	4975	5301	34227	0	73	16	38	19
2.135000	182.024387	6454	6670	42864	0	62	14	37	11
2.860000	185.752309	8645	8851	61494	0	55	12	32	11
1.048000	188.610173	3123	3261	19501	0	49	11	27	11
2.041000	189.953319	6218	6393	42871	0	52	10	33	9
1.320000	183.994949	4401	4492	24726	0	61	16	36	9
1.742000	187.752309	5369	5542	32808	0	75	11	45	19
2.522000	187.195959	7628	7851	54667	0	64	14	41	9
1.907000	187.095454	6045	6144	36386	0	65	14	38	13
1.559000	185.267027	4987	5113	31326	0	67	14	39	14
1.704000	186.438600	5247	5365	33620	0	58	12	38	8
2.174000	183.539105	6751	6921	43121	0	58	11	36	11
1.205000	186.852814	3898	4064	21701	0	77	23	42	12
3.145000	189.124892	9220	9522	66626	0	69	12	42	15
0.885000	188.509668	2671	2857	16925	0	71	14	40	17
1.547000	195.308658	4448	4658	32477	0	64	14	32	18
1.580000	196.509668	4752	4986	33223	0	80	17	45	18
1.462000	186.752309	4343	4523	28372	0	77	24	43	10
3.591000	188.166522	10017	10214	71192	0	65	13	38	14
2.327000	193.681241	7184	7428	50492	0	70	17	42	11
2.433000	190.781746	7345	7601	51362	0	68	15	41	12
2.492000	186.852814	7733	7885	50837	0	65	13	41	11
2.209000	189.580736	6141	6373	43270	0	68	15	37	16
2.447000	205.338095	6761	6917	49445	0	68	12	42	14
2.177000	196.267027	6189	6342	41176	0	71	19	40	12
1.307000	197.580736	3876	4072	25722	0	68	17	37	14
2.510000	193.024387	7646	7872	51435	0	74	16	46	12
3.198000	194.852814	7751	7900	50269	0	67	15	42	10
1.837000	194.166522	5903	6089	36501	0	58	16	30	12
2.946000	192.367532	9718	9913	62505	0	63	16	39	8
1.927000	192.438600	5716	5927	41054	0	62	10	42	10
4.856000	203.066017	11185	11427	78016	0	73	26	41	6
2.083000	193.438600	5205	5390	31535	0	72	22	42	8
3.848000	195.752309	9785	10015	70524	0	73	11	45	17
2.795000	196.438600	6871	7175	47584	0	65	10	39	16
3.356000	194.367532	9386	9538	64628	0	62	20	37	5
1.936000	198.551299	5550	5804	38655	0	66	17	38	11
3.156000	199.409163	10113	10305	63695	0	68	13	40	15
3.385000	196.166522	10122	10409	68560	0	64	17	38	9
3.095000	196.367532	9313	9525	65880	0	68	14	42	12
2.114000	195.823376	6570	6733	42534	0	66	12	43	11
1.690000	204.509668	5221	5450	33731	0	71	13	41	17
2.566000	193.367532	8001	8235	53251	0	64	11	39	14
2.735000	201.024387	8377	8545	59325	0	69	17	38	14
3.214000	201.409163	9435	9749	69373	0	67	15	37	15
1.652000	201.338095	5589	5771	34415	0	69	9	43	17
1.768000	195.852814	5533	5765	35271	0	68	12	40	16
3.267000	204.651804	9976	10201	67893	0	69	20	37	12
2.044000	204.195959	5913	6098	38338	0	76	16	43	17
1.974000	204.509668	6054	6307	38301	0	68	15	39	14
2.795000	203.166522	8375	8599	54826	0	79	18	45	16
2.314000	208.409163	6819	7073	46174	0	69	16	42	11
3.432000	197.296465	9839	10070	70003	0	65	9	41	15
1.951000	208.237590	5924	6086	38022	0	73	12	42	19
2.731000	204.267027	7233	7448	46863	0	78	22	46	10
3.341000	205.166522	8749	9018	60536	0	78	22	41	15
2.322000	206.267027	6288	6434	39956	0	67	16	40	11
3.051000	203.438600	8649	8925	59086	0	75	18	44	13
3.042000	203.681241	8830	9015	61355	0	80	15	51	14
2.264000	199.823376	6641	6838	39445	0	75	15	45	15
1.825000	201.580736	5190	5366	34154	0	80	20	45	15
3.452000	206.267027	8242	8618	62287	0	64	11	39	14
3.237000	207.480231	8091	8344	56035	0	72	19	43	10
2.569000	204.095454	6887	7025	45390	0	75	15	47	13
3.471000	206.580736	9044	9231	57646	0	71	13	41	17
2.072000	204.923882	6333	6502	39489	0	73	16	43	14
2.856000	209.024387	8195	8385	57782	0	76	15	43	18
6.155000	213.580736	13126	13379	91949	0	65	11	37	17
3.256000	209.409163	4957	5121	30507	0	70	15	42	13
2.484000	212.994949	6408	6638	42199	0	70	13	44	13
3.390000	211.409163	8337	8595	58719	0	70	14	41	15
2.342000	212.308658	3659	3993	24631	0	59	10	34	15
4.456000	215.965512	12841	13163	92108	0	72	19	39	14
2.978000	213.066017	7016	7219	44588	0	79	12	46	21
3.899000	216.267027	10773	11050	78390	0	70	19	40	11
2.745000	207.539105	8550	8702	52234	0	67	12	39	16
1.597000	212.994949	4858	4999	27223	0	75	13	46	16
2.648000	208.409163	7536	7800	51236	0	81	8	54	19
3.152000	214.137085	8304	8465	56641	0	67	14	38	15
4.860000	210.338095	13508	13779	98583	0	70	13	44	13
2.985000	216.095454	8373	8645	58221	0	72	16	41	15
3.657000	210.509668	9935	10154	71773	0	87	22	46	19
3.228000	215.965512	8813	9135	62582	0	74	14	43	17
2.843000	213.752309	7864	8083	51785	0	73	15	44	14
3.309000	215.994949	9140	9320	65780	0	74	10	46	18
2.860000	215.610173	7083	7282	48812	0	68	15	37	16
3.351000	210.024387	9241	9418	62145	0	67	11	44	12
2.732000	212.195959	8240	8402	48267	0	76	16	45	15
1.556000	218.823376	4960	5146	28003	0	78	14	43	21
3.806000	217.923882	9900	10092	70543	0	66	14	39	13
3.395000	212.338095	9232	9543	65662	0	75	14	45	16
4.775000	219.308658	12328	12637	91419	0	75	23	42	10
3.734000	211.338095	9159	9384	66346	0	72	20	43	9
2.997000	214.823376	7581	7703	49761	0	68	15	41	12
1.560000	215.923882	4485	4643	27924	0	81	19	45	17
3.399000	219.066017	8990	9242	60902	0	75	18	43	14
4.228000	215.409163	10756	10977	72930	0	88	21	51	16
2.305000	220.480231	6440	6698	45594	0	87	20	45	22
4.715000	216.409163	7903	8119	51952	0	73	16	42	15
1.714000	228.409163	4663	4855	29660	0	71	15	36	20
3.430000	217.580736	8866	9152	63627	0	79	18	47	14
1.996000	213.781746	5899	6014	36256	0	75	13	46	16
1.844000	224.722871	5055	5226	34475	0	91	26	46	19
2.189000	216.852814	5729	5957	38008	0	70	17	40	13
14.992000	228.722871	10072	10311	71413	0	69	13	42	14
2.427000	216.308658	6951	7135	44590	0	78	15	48	15
7.910000	216.509668	13428	13685	95921	0	71	15	43	13
4.282000	225.137085	10461	10605	67481	0	70	14	43	13
3.683000	219.237590	8524	8773	55320	0	82	19	49	14
4.581000	226.095454	10845	11129	77760	0	85	24	48	13
2.371000	223.480231	6510	6752	43782	0	86	21	46	19
4.592000	218.480231	11429	11606	82287	0	79	17	49	13
3.176000	223.338095	8862	9226	64285	0	76	13	44	19
5.773000	225.651804	10935	11148	72824	0	70	20	38	12
3.188000	228.237590	8331	8423	58022	0	78	18	50	10
4.149000	227.338095	9340	9495	59474	0	82	20	46	16
2.864000	228.137085	8277	8495	54321	0	77	17	44	16
5.908000	225.137085	10365	10667	73714	0	77	13	48	16
3.672000	231.137085	9672	9930	72326	0	68	14	39	15
1.861000	227.308658	5653	5802	34224	0	83	27	45	11
4.034000	226.166522	10268	10483	75049	0	80	16	50	14
2.116000	222.580736	5874	6058	38697	0	85	18	45	22
3.356000	222.509668	4619	4811	28170	0	84	15	47	22
4.104000	225.379726	7547	7794	51282	0	96	23	51	22
5.243000	234.693434	12361	12684	91775	0	86	27	40	19
7.260000	231.752309	11946	12100	84846	0	76	13	49	14
4.001000	229.551299	8976	9162	61506	0	79	18	47	14
2.820000	233.409163	7553	7701	51785	0	84	19	48	17
2.210000	234.237590	6385	6519	41250	0	84	14	47	23
1.756000	226.066017	5266	5422	32354	0	81	18	47	16
3.255000	232.450793	9357	9629	67227	0	86	24	48	14
3.516000	230.521861	10410	10702	76026	0	73	17	44	12
5.618000	225.580736	12948	13149	96390	0	85	17	50	18
3.736000	237.237590	10584	10852	72890	0	74	18	41	15
3.955000	232.338095	10960	11290	81717	0	75	13	44	18
2.324000	229.409163	6492	6683	43518	0	86	26	47	13
4.449000	236.137085	12482	12653	87863	0	88	18	48	22
3.724000	239.379726	11683	12000	80566	0	73	15	40	18
4.003000	235.894444	10643	10894	77839	0	67	17	37	13
6.117000	235.693434	13947	14283	103762	0	88	26	50	12
2.354000	230.622366	5746	5970	39571	0	74	10	48	16
3.165000	235.379726	8386	8614	61131	0	70	14	40	16
4.485000	235.965512	12504	12846	87118	0	81	21	45	15
4.434000	240.936075	13306	13535	94208	0	80	16	45	19
2.092000	236.852814	6464	6680	40606	0	82	12	50	20
3.216000	242.137085	9463	9767	68751	0	71	16	39	16
1.775000	239.551299	5487	5665	34923	0	90	25	49	16
3.629000	234.894444	10597	10790	68911	0	79	21	48	10
3.052000	234.823376	8682	8890	60169	0	79	11	48	20
2.686000	243.137085	7953	8240	56892	0	90	18	50	22
3.368000	235.894444	10031	10390	69594	0	84	21	47	16
5.963000	237.894444	15365	15631	110822	0	78	12	46	20
2.486000	233.308658	6747	6978	44956	0	93	22	51	20
3.888000	238.580736	11521	11890	86772	0	68	14	38	16
4.338000	245.793939	8686	8914	61146	0	75	23	38	14
3.339000	235.308658	8198	8305	52179	0	77	11	47	19
5.695000	246.480231	12424	12656	88600	0	81	19	45	17
6.790000	242.793939	19325	19753	140157	0	95	24	53	18
4.600000	242.894444	14325	14504	103292	0	81	19	43	19
4.953000	243.722871	14102	14423	106261	0	70	13	37	20
2.696000	237.622366	8487	8774	58371	0	76	16	43	17
1.948000	241.693434	6035	6186	36294	0	78	16	42	20
3.331000	234.823376	6427	6613	39869	0	92	19	54	19
4.575000	241.208153	10313	10586	74824	0	94	17	51	26
6.270000	248.036580	14604	14844	101654	0	100	26	57	17
3.362000	247.450793	8590	8808	60531	0	93	16	55	22
4.253000	240.308658	11652	11995	85658	0	74	15	46	13
2.648000	243.894444	7897	8102	53749	0	82	19	50	13
4.008000	242.480231	12269	12528	93817	0	79	19	47	13
4.356000	245.208153	13211	13465	95555	0	74	19	44	11
4.579000	245.137085	9039	9350	62625	0	86	18	50	18
3.400000	245.852814	8005	8208	53232	0	70	17	40	13
5.404000	242.965512	12743	13080	93432	0	86	20	50	16
3.314000	244.622366	9257	9502	64498	0	80	18	45	17
3.952000	245.208153	11667	12053	80056	0	91	24	54	13
4.362000	239.651804	13666	13856	89843	0	81	15	54	12
3.983000	250.208153	11967	12328	83922	0	86	21	48	17
2.481000	243.379726	7393	7664	51698	0	76	14	45	17
5.709000	248.580736	17046	17417	126420	0	84	21	48	15
4.798000	245.379726	14585	14848	106317	0	89	16	53	20
4.949000	240.793939	10945	11173	77898	0	87	24	47	16
2.830000	250.865007	7923	8196	58203	0	74	16	41	17
3.875000	244.308658	10938	11231	82390	0	78	15	50	13
2.760000	243.681241	8441	8665	53097	0	81	13	51	17
6.239000	250.036580	16044	16320	119276	0	83	17	49	17
6.736000	251.066017	16022	16355	115365	0	88	16	56	16
5.599000	248.965512	14683	14936	99556	0	81	14	47	20
7.226000	246.965512	17003	17361	121129	0	83	16	49	18
3.131000	245.622366	7161	7308	45246	0	79	17	46	16
3.899000	248.965512	8789	8964	63193	0	87	12	53	22
7.399000	248.107648	15175	15458	106166	0	98	23	57	18
4.608000	247.894444	13480	13727	94430	0	78	18	44	16
2.527000	253.480231	7059	7306	46493	0	89	18	51	20
2.891000	249.208153	7538	7797	48903	0	77	8	49	20
4.001000	257.551299	11429	11768	83573	0	98	24	58	16
3.008000	248.379726	7627	7769	46890	0	92	21	56	15
5.508000	246.894444	12007	12196	83855	0	95	23	57	15
4.080000	252.936075	11585	11807	80764	0	82	15	47	20
5.076000	247.722871	13557	13747	94279	0	94	21	58	15
3.771000	246.965512	10178	10493	72584	0	74	16	46	12
4.028000	255.036580	10294	10568	75061	0	97	20	55	22
4.428000	258.894444	11726	11950	83217	0	86	21	49	16
5.401000	253.651804	14563	14844	100115	0	84	21	48	15
3.168000	257.308658	8394	8722	59843	0	92	24	53	15
3.769000	254.793939	9776	10032	74031	0	77	15	47	15
4.809000	260.066017	12825	13097	94616	0	90	19	53	18
2.759000	256.107648	6775	7003	43223	0	76	13	45	18
3.495000	256.693434	9292	9588	65204	0	101	31	56	14
2.793000	256.521861	7639	7862	53189	0	80	16	44	20
6.516000	264.793939	13065	13313	87342	0	95	22	54	19
6.470000	255.208153	14315	14602	104636	0	94	20	54	20
2.838000	248.308658	8468	8651	54407	0	92	17	56	19
3.005000	254.722871	7814	8086	51299	0	81	16	48	17
5.556000	259.693434	14859	15077	102437	0	91	23	52	16
4.419000	255.107648	9726	9932	61557	0	104	27	59	18
5.582000	260.450793	13818	14134	98802	0	96	27	52	17
3.369000	260.166522	6340	6512	36274	0	84	22	49	13
5.900000	258.894444	14465	14650	101279	0	88	18	56	14
4.139000	259.379726	9641	9726	61718	0	100	19	62	19
5.120000	260.279221	7527	7739	43090	0	96	25	56	15
3.653000	261.622366	9537	9858	68079	0	90	17	56	17
5.149000	260.421356	13504	13827	94731	0	90	18	53	19
7.809000	261.551299	15866	16208	122030	0	83	21	47	15
3.175000	270.693434	8461	8644	57744	0	99	17	55	27
4.656000	264.066017	12722	13039	91967	0	74	14	43	17
6.533000	267.521861	12760	12976	91167	0	83	17	48	18
3.082000	264.379726	8889	8996	55443	0	95	24	52	19
3.991000	266.551299	10385	10677	67212	0	81	18	50	13
8.466000	257.066017	14862	15128	105781	0	90	20	56	14
4.883000	262.965512	10806	11056	78250	0	97	22	56	19
3.090000	266.379726	8168	8388	58682	0	87	15	49	23
5.210000	262.693434	12783	13123	92623	0	95	26	55	14
5.826000	267.178716	10490	10773	77082	0	86	23	48	15
2.121000	262.622366	6152	6338	38440	0	85	15	51	19
4.125000	266.722871	10798	11116	80164	0	91	18	53	20
5.994000	265.722871	11497	11751	82482	0	85	18	48	19
8.852000	263.865007	17820	18274	129939	0	90	21	53	16
4.170000	255.793939	11555	11719	74475	0	90	13	56	21
5.699000	268.007143	11154	11453	80372	0	87	19	52	16
3.214000	264.237590	9157	9332	60557	0	96	20	57	19
5.998000	268.308658	16544	16806	126439	0	96	23	52	21
6.028000	270.622366	16670	16909	123401	0	86	16	51	19
6.596000	269.793939	18054	18348	133058	0	87	15	48	24
2.513000	265.693434	7636	7764	45695	0	100	19	59	22
6.411000	275.107648	13187	13614	99816	0	79	13	47	19
2.313000	276.551299	6862	7009	41635	0	83	22	48	13
4.422000	267.722871	12241	12445	82484	0	99	18	60	21
5.939000	272.936075	15054	15370	113358	0	85	13	54	18
5.647000	265.521861	11226	11452	80227	0	95	18	59	18
3.049000	272.764502	9285	9433	56963	0	88	16	50	22
3.025000	267.722871	8103	8352	53773	0	110	27	61	22
3.172000	269.178716	8436	8951	62189	0	89	14	51	24
5.280000	276.036580	13452	13670	96991	0	95	20	55	20
4.604000	277.865007	13964	14249	99337	0	94	26	48	20
5.305000	265.308658	15150	15436	111992	0	102	24	57	21
5.976000	274.421356	12129	12528	86857	0	94	22	54	18
2.460000	267.651804	7580	7788	49621	0	92	16	58	18
4.830000	279.663997	13856	14213	103109	0	85	24	44	17
4.012000	276.036580	11572	11908	87723	0	92	22	52	18
3.353000	266.693434	8681	8919	58110	0	107	27	61	19
3.862000	270.279221	11079	11516	86283	0	97	24	56	17
3.207000	272.450793	9904	10083	66687	0	96	19	55	22
3.215000	273.936075	9432	9670	67199	0	86	21	50	15
2.673000	275.379726	8246	8537	56490	0	98	19	53	26
3.960000	270.521861	11815	12074	84220	0	95	24	53	18
3.526000	279.450793	10858	11047	74386	0	106	23	58	25
5.317000	270.450793	15754	15980	113270	0	98	23	57	18
4.025000	278.036580	11352	11699	84064	0	97	25	51	21
3.799000	276.793939	11481	11776	80481	0	104	23	58	23
2.996000	271.036580	9635	9885	61103	0	96	21	55	20
6.136000	276.350288	14989	15187	106433	0	87	21	51	15
5.180000	280.521861	15320	15728	111584	0	98	23	56	19
4.009000	283.693434	11347	11611	76844	0	86	21	47	18
4.613000	281.693434	14017	14288	105130	0	82	14	52	16
3.435000	270.823376	10384	10658	71408	0	97	19	59	19
6.536000	274.450793	14663	14955	100957	0	96	23	58	15
3.203000	281.107648	7635	7870	49826	0	88	18	55	15
4.482000	275.651804	10733	11069	75200	0	84	18	51	15
5.553000	279.894444	15663	16022	115595	0	93	19	55	19
3.946000	278.007143	11702	11981	84380	0	112	28	64	20
2.273000	285.279221	7404	7539	46131	0	82	22	49	11
3.414000	271.450793	10376	10572	72089	0	107	21	64	22
4.101000	281.036580	12123	12431	88266	0	87	15	51	21
6.416000	278.036580	13082	13413	100419	0	103	13	66	24
5.920000	276.865007	15849	16011	111629	0	97	22	57	18
4.733000	281.865007	13562	13890	98616	0	95	19	56	20
2.568000	287.178716	8205	8422	52785	0	92	18	50	24
4.983000	286.107648	15028	15412	104733	0	82	20	48	14
7.686000	279.350288	16637	16878	109243	0	83	14	51	18
7.384000	284.977705	18280	18626	130561	0	90	19	53	18
3.099000	284.865007	8399	8711	61081	0	89	18	51	20
3.935000	284.007143	12259	12564	83419	0	98	23	51	24
2.145000	280.137085	6822	6965	37640	0	96	18	59	19
4.679000	290.249783	14430	14644	96442	0	108	16	64	28
5.176000	290.865007	15223	15550	110253	0	96	22	58	16
5.446000	283.693434	16464	16724	118839	0	98	27	59	12
6.097000	284.208153	17004	17336	132080	0	95	23	53	19
5.489000	280.107648	16766	17040	119358	0	99	23	55	21
3.031000	276.722871	9698	9934	62967	0	104	20	63	21
6.148000	286.764502	17106	17365	124082	0	99	22	60	17
8.778000	286.521861	22638	22993	177938	0	94	17	55	22
5.172000	283.279221	15799	16005	106378	0	102	25	58	19
5.622000	295.622366	14684	15046	112203	0	98	20	57	21
4.674000	300.149278	13853	14106	97021	0	93	18	52	23
6.725000	299.693434	18446	18974	145778	0	97	28	50	19
5.822000	280.865007	17259	17592	122749	0	106	26	62	18
4.578000	285.936075	12657	13017	92393	0	107	21	62	24
8.251000	289.693434	17856	18085	133806	0	102	29	58	15
7.249000	285.107648	18602	18831	129415	0	108	16	63	29
4.797000	291.592929	14299	14543	100867	0	110	26	61	23
4.717000	295.421356	14764	14954	96956	0	100	18	58	24
3.330000	296.350288	10828	11020	69455	0	90	21	56	13
2.339000	289.622366	7348	7496	46428	0	96	23	59	14
4.667000	293.592929	13872	14052	97974	0	110	18	64	28
5.699000	291.622366	16480	16750	119187	0	113	32	67	14
4.901000	288.279221	14328	14584	106086	0	96	22	55	19
4.627000	291.936075	13572	13920	97920	0	100	18	59	23
4.715000	297.634560	14567	14830	103402	0	90	17	50	23
7.060000	304.835570	20253	20652	151839	0	95	21	56	18
5.801000	289.208153	17489	17793	129458	0	100	19	61	20
3.388000	288.007143	11305	11521	71453	0	98	22	59	17
2.877000	299.936075	10144	10297	65472	0	107	27	60	20
3.110000	302.793939	9106	9407	67550	0	92	24	50	18
4.765000	296.178716	13988	14356	107530	0	100	24	53	23
5.046000	297.663997	14412	14767	111293	0	113	32	59	22
5.001000	298.906638	15539	15828	110016	0	97	21	54	22
6.026000	296.379726	17999	18301	129977	0	100	25	58	17
3.625000	292.592929	11326	11510	71811	0	104	22	61	21
4.724000	293.764502	13803	14187	101858	0	104	21	61	22
4.847000	301.320851	14116	14448	104349	0	114	31	59	24
6.165000	298.764502	18659	18943	136724	0	94	20	54	20
6.265000	299.936075	19250	19480	134596	0	97	19	57	21
4.549000	301.007143	14140	14346	95099	0	94	19	53	22
3.343000	296.622366	10273	10422	70220	0	107	18	63	26
5.287000	301.764502	14257	14648	104640	0	110	27	65	18
3.354000	297.036580	10252	10473	69267	0	98	19	59	20
8.233000	302.279221	19492	19864	148738	0	97	18	63	16
7.319000	294.208153	17260	17547	116642	0	94	15	60	19
7.302000	289.521861	16879	17189	117613	0	110	25	68	17
4.774000	302.078210	13504	13758	97570	0	122	33	70	19
2.841000	298.693434	9401	9499	53201	0	97	21	54	22
6.785000	298.391919	20622	20862	150489	0	104	26	60	18
7.769000	303.764502	15756	16155	122914	0	96	24	50	22
3.389000	308.865007	10383	10538	64451	0	92	22	56	14
5.004000	310.249783	13724	14088	97968	0	92	20	51	21
3.941000	297.521861	10944	11164	76569	0	109	19	70	20
10.274000	305.865007	18219	18677	139785	0	95	22	54	19
6.391000	299.622366	18223	18476	126002	0	104	25	62	17
8.337000	295.107648	22789	23072	166020	0	116	21	69	26
10.252000	298.279221	21934	22233	163181	0	102	20	61	21
8.103000	299.078210	13240	13550	96148	0	120	32	68	20
8.769000	307.865007	24547	25067	190897	0	102	23	56	23
5.183000	305.764502	15998	16393	114509	0	103	26	58	19
6.604000	311.007143	19214	19665	140394	0	91	22	53	16
2.882000	308.764502	8774	8980	57811	0	112	19	66	27
6.358000	306.178716	19436	19762	140034	0	102	24	56	22
5.053000	310.007143	15053	15441	112899	0	94	26	51	17
4.390000	303.421356	12972	13177	95930	0	111	29	64	18
5.433000	310.350288	15981	16309	121583	0	107	18	64	25
5.141000	302.178716	15483	15756	106767	0	108	24	64	20
5.458000	309.391919	15206	15473	107826	0	104	22	59	23
6.579000	308.735065	18800	19134	140349	0	107	25	62	20
7.866000	308.835570	22595	23046	170114	0	110	27	66	17
6.243000	310.391919	17276	17594	126567	0	102	17	61	24
5.138000	316.078210	15307	15505	111034	0	103	22	55	26
7.971000	310.249783	22516	22880	170796	0	107	18	64	25
5.442000	312.249783	14998	15212	106683	0	116	17	70	29
3.442000	314.149278	10319	10563	72158	0	111	30	58	23
5.271000	310.178716	15314	15634	115766	0	111	19	67	25
5.526000	314.078210	17016	17238	110517	0	105	20	60	25
6.920000	316.977705	18998	19456	148711	0	117	31	63	23
5.024000	312.835570	14649	14918	104445	0	87	20	50	17
6.519000	308.178716	18977	19280	144659	0	108	20	67	21
6.294000	316.320851	18645	19026	138432	0	118	24	67	27
6.749000	315.048773	17422	17589	120223	0	96	16	55	25
8.018000	311.835570	23348	23728	174233	0	105	20	66	19
6.407000	310.835570	17668	17985	131605	0	112	19	68	25
7.019000	318.279221	18113	18608	142529	0	93	15	53	25
12.715000	312.835570	23485	23904	186354	0	111	23	65	23
4.292000	311.078210	11457	11768	83357	0	108	23	61	24
4.861000	312.492424	14175	14431	88035	0	111	23	66	22
3.657000	312.078210	10352	10630	67840	0	114	17	65	32
5.197000	316.634560	14421	14659	99852	0	112	22	62	28
9.923000	316.592929	14818	15016	102576	0	109	27	64	18
5.511000	316.391919	7623	7799	45370	0	112	26	65	21
6.095000	321.149278	12804	13202	96983	0	106	22	59	25
7.694000	319.107648	20421	20950	147924	0	114	25	68	21
8.559000	323.977705	25495	25733	186191	0	112	29	65	18
9.903000	321.592929	24801	25081	178518	0	107	24	65	18
8.087000	317.563492	22186	22630	174925	0	103	19	61	23
5.089000	315.078210	16024	16232	106749	0	112	29	64	19
5.154000	319.806133	14940	15156	108891	0	111	24	67	20
8.803000	320.735065	24950	25288	180733	0	105	23	63	19
3.519000	324.350288	10439	10665	74787	0	98	12	57	29
8.080000	324.291414	22310	22696	173037	0	120	29	72	19
3.364000	316.450793	10006	10158	67278	0	110	21	65	24
5.675000	318.350288	15585	15921	114637	0	109	21	67	21
5.705000	320.592929	16341	16630	117181	0	116	27	64	25
7.195000	322.936075	19788	20159	155064	0	111	27	63	21
4.434000	324.977705	11705	12028	86014	0	112	27	61	24
8.643000	312.492424	20100	20739	152941	0	115	26	69	20
8.376000	322.350288	21975	22409	160946	0	111	21	68	22
6.423000	315.492424	18114	18433	129932	0	123	27	72	24
4.759000	320.563492	14037	14334	101526	0	111	29	64	18
4.440000	321.391919	12173	12670	91267	0	120	25	69	26
8.212000	320.835570	22568	22904	174938	0	118	24	71	23
7.518000	325.521861	19369	19864	150112	0	103	19	61	23
7.326000	328.563492	16972	17276	118989	0	105	22	58	25
5.945000	328.007143	16292	16392	112190	0	111	26	63	22
6.064000	326.007143	15709	16072	120011	0	114	21	67	26
3.394000	323.421356	9027	9232	58132	0	125	24	71	30
6.002000	328.735065	14494	14813	102689	0	108	18	62	28
12.356000	327.735065	28541	28915	218970	0	114	24	65	25
7.041000	330.806133	17836	18062	130741	0	107	24	62	21
10.827000	323.835570	27895	28332	222222	0	108	18	63	27
8.008000	330.007143	20994	21497	161794	0	103	22	63	18
6.734000	332.178716	17723	18124	138547	0	108	25	63	20
5.842000	327.663997	16181	16499	123314	0	102	22	60	20
6.845000	325.592929	14164	14522	99972	0	108	26	63	19
4.654000	325.078210	13298	13589	95048	0	123	14	81	28
9.218000	326.149278	24116	24608	183704	0	100	20	57	23
8.212000	325.705627	19028	19409	146065	0	113	24	66	23
10.565000	330.007143	25508	25889	193707	0	104	24	59	21
6.012000	333.279221	14687	15009	105269	0	90	21	51	18
8.933000	329.149278	9645	9949	63823	0	99	21	58	20
9.102000	330.735065	24300	24692	183600	0	116	30	67	19
3.267000	325.735065	9932	10149	63274	0	116	22	67	27
5.656000	329.764502	16292	16561	111800	0	114	29	68	17
2.936000	330.178716	9428	9536	57104	0	104	19	62	23
7.436000	330.977705	19605	20034	152668	0	116	24	63	29
6.104000	323.350288	18194	18534	126320	0	110	18	67	25
10.814000	332.007143	29060	29413	226349	0	120	24	70	26
8.946000	338.178716	17772	18236	138405	0	104	22	57	25
9.146000	334.492424	24808	25238	182990	0	115	25	69	21
5.418000	330.663997	15382	15673	114151	0	103	21	62	20
6.164000	339.605122	14520	14864	109344	0	114	22	65	27
4.437000	332.735065	13286	13593	90121	0	116	26	66	24
7.725000	331.563492	9451	9680	59230	0	119	20	72	27
6.238000	337.462987	17599	18023	136052	0	118	33	59	26
5.865000	329.735065	16035	16392	119628	0	116	24	66	26
4.074000	334.249783	12410	12601	82682	0	113	25	65	23
6.871000	330.320851	16418	16730	119817	0	111	22	64	25
9.404000	333.806133	26490	26774	190682	0	127	25	75	27
4.154000	334.149278	12774	12940	80054	0	115	26	68	21
10.113000	347.705627	26750	27089	202462	0	115	27	65	23
5.940000	337.492424	16234	16584	123200	0	118	21	75	22
7.302000	338.764502	19903	20233	149400	0	107	24	59	24
8.770000	331.835570	23417	23823	176348	0	122	28	72	22
6.496000	330.421356	17446	17745	133188	0	100	18	60	22
6.292000	333.462987	15677	16058	114323	0	114	23	71	20
3.952000	339.320851	10761	10912	64031	0	113	21	69	23
7.193000	338.320851	18476	18773	136736	0	124	30	71	23
8.917000	339.119841	22324	22516	166269	0	119	25	67	27
6.607000	339.534055	17328	17468	118098	0	127	24	73	30
8.309000	339.350288	20565	20998	155123	0	117	24	65	28
5.995000	338.462987	14194	14663	105764	0	133	29	77	27
5.028000	346.078210	13887	14214	104621	0	115	29	67	19
8.695000	334.350288	21008	21268	144980	0	120	26	74	20
8.042000	337.492424	20442	20919	153557	0	117	20	73	24
2.767000	332.078210	8602	8777	54799	0	115	25	72	18
7.224000	343.391919	18195	18414	133691	0	110	25	63	22
6.678000	338.906638	17184	17555	126799	0	124	24	73	27
9.661000	335.634560	21780	22234	163340	0	123	26	71	26
7.892000	343.634560	20156	20363	142529	0	119	26	72	21
7.721000	341.048773	19471	19969	145431	0	141	36	76	29
13.734000	346.078210	31357	31611	244658	0	119	33	66	20
5.853000	342.320851	14681	14957	105298	0	124	27	69	28
5.234000	341.391919	15453	15833	105339	0	113	22	69	22
5.617000	344.249783	13916	14145	100790	0	124	22	75	27
9.924000	346.634560	23965	24437	186972	0	118	26	67	25
9.080000	338.078210	21250	21645	167476	0	122	23	73	26
6.438000	344.906638	15860	16185	117151	0	124	24	73	27
7.383000	341.634560	18953	19429	146495	0	132	30	79	23
6.509000	355.663997	16914	17326	123021	0	121	27	69	25
9.442000	344.663997	20897	21249	144774	0	127	32	74	21
11.228000	354.521861	26514	26864	209949	0	120	26	72	22
7.327000	343.835570	18595	18861	133864	0	117	25	68	24
9.216000	343.107648	22363	22653	165687	0	116	21	70	25
5.078000	344.291414	11283	11580	77255	0	110	22	66	22
9.525000	351.291414	22678	23155	177304	0	110	27	58	25
13.036000	341.320851	33460	33799	247564	0	134	30	76	28
13.777000	353.504617	30548	30991	226307	0	114	24	66	24
5.600000	350.149278	13585	13793	90348	0	117	28	69	20
8.927000	348.462987	18352	18737	140845	0	120	23	70	27
11.046000	355.019336	27331	27674	213927	0	119	31	68	20
7.975000	342.492424	17392	17713	116139	0	129	25	75	29
6.285000	352.149278	16223	16617	122318	0	123	21	75	27
4.858000	357.220346	13337	13530	95965	0	111	18	62	31
9.127000	355.534055	22827	23100	175972	0	118	32	65	21
6.355000	353.362482	16873	17192	115976	0	119	27	69	23
12.749000	355.563492	30356	30725	238286	0	109	27	63	19
6.088000	345.776695	16802	17154	124917	0	100	19	57	24
6.538000	350.119841	17470	17678	131119	0	129	28	76	25
7.885000	356.362482	20910	21219	160809	0	110	22	66	22
3.546000	352.391919	10554	10753	69192	0	126	29	76	21
8.094000	357.877200	22460	22766	166894	0	115	26	67	22
4.256000	357.462987	12863	13200	84313	0	126	32	69	25
7.947000	363.776695	22560	22822	161165	0	130	20	72	38
7.352000	349.320851	20332	20611	155452	0	119	24	71	24
7.856000	358.362482	20885	21295	155818	0	131	25	72	34
5.295000	353.634560	15369	15569	103728	0	121	27	68	26
5.957000	349.190909	16657	17035	121995	0	125	26	77	22
6.358000	359.019336	18491	18766	132828	0	114	20	64	30
6.714000	362.534055	18219	18706	141896	0	111	21	65	25
7.863000	356.391919	20333	20722	150064	0	123	23	73	27
6.527000	353.977705	18712	19129	138037	0	117	25	66	26
9.392000	362.705627	24072	24694	194113	0	130	31	70	29
5.723000	358.906638	16388	16804	117667	0	125	26	73	26
12.520000	361.877200	35232	35687	267487	0	131	29	74	28
7.396000	364.605122	17545	17846	129000	0	120	24	66	30
7.490000	359.806133	19481	19784	144615	0	117	25	73	19
14.072000	362.362482	34576	34911	272680	0	130	32	70	28
7.572000	361.977705	21253	21472	152008	0	112	23	69	20
4.558000	366.948268	13088	13244	89646	0	119	22	71	26
4.167000	366.605122	12637	12970	81605	0	129	33	72	24
7.629000	362.634560	19482	19858	145204	0	112	31	63	18
8.333000	360.634560	21113	21501	165119	0	122	22	76	24
3.459000	357.634560	10313	10533	66061	0	122	25	73	24
7.506000	354.634560	20799	21102	148532	0	115	23	71	21
7.953000	365.362482	21485	21812	164977	0	138	27	79	32
8.769000	363.190909	23492	23824	184022	0	127	26	73	28
10.977000	360.918831	29267	29575	227912	0	126	34	68	24
4.766000	365.391919	13593	13936	99993	0	119	29	65	25
9.335000	361.806133	24302	24608	192691	0	128	31	68	29
8.280000	360.877200	22044	22302	160622	0	130	29	76	25
12.570000	364.877200	32533	33032	250154	0	129	32	74	23
7.050000	360.534055	18913	19303	141793	0	101	19	59	23
10.886000	369.220346	29120	29496	217201	0	118	29	70	19
8.202000	367.019336	22400	22741	165691	0	128	19	77	32
8.184000	368.048773	22164	22527	165696	0	117	26	66	25
7.108000	367.190909	19282	19634	149527	0	141	34	76	31
6.008000	360.048773	15863	16427	120337	0	138	35	79	24
9.261000	357.776695	24922	25242	190358	0	125	20	74	31
7.928000	379.605122	21267	21780	168922	0	117	19	66	32
10.164000	368.563492	27434	27757	215410	0	124	25	72	27
6.412000	368.847763	17725	18040	123066	0	119	27	69	23
5.397000	369.119841	14017	14308	90809	0	127	28	72	27
10.263000	365.877200	26173	26536	192310	0	133	29	77	27
5.787000	368.847763	16660	16947	116062	0	132	22	73	37
8.643000	368.877200	22875	23271	173771	0	113	26	66	21
15.110000	368.776695	35072	35653	283687	0	130	25	79	26
9.257000	370.534055	23128	23491	181765	0	112	29	63	20
11.599000	365.220346	29500	29925	233083	0	119	25	69	25
5.625000	377.404112	15506	15954	116710	0	131	25	76	30
6.067000	373.948268	16633	17039	124504	0	137	29	76	32
8.103000	378.362482	21063	21500	165362	0	117	23	68	26
8.778000	366.291414	25940	26166	183311	0	143	22	83	38
7.437000	367.462987	20100	20520	156594	0	122	23	75	24
14.974000	374.261977	38748	39185	292064	0	143	25	84	34
4.606000	371.391919	13335	13571	91091	0	141	27	81	33
10.992000	374.462987	29108	29597	221605	0	130	28	77	25
13.229000	377.433550	32984	33460	255050	0	130	30	75	25
11.128000	369.433550	26984	27360	206130	0	126	24	75	27
2.744000	376.362482	8386	8578	49206	0	129	26	76	27
4.899000	372.948268	14841	15081	96340	0	136	29	79	28
7.704000	367.462987	21156	21412	157149	0	128	32	75	21
11.462000	368.391919	31607	31864	233075	0	127	20	81	26
8.839000	380.433550	22944	23453	179320	0	132	27	76	29
6.927000	372.220346	19281	19694	136607	0	119	27	73	19
8.500000	377.960461	19287	19599	141215	0	125	29	72	24
7.895000	364.634560	19748	20019	145079	0	128	26	77	25
7.656000	372.705627	21258	21483	143847	0	122	32	70	20
4.248000	376.320851	12755	12975	76883	0	128	32	73	23
12.090000	380.847763	32468	32912	243048	0	130	26	74	30
9.327000	375.634560	24302	24601	184596	0	136	25	82	29
11.413000	386.119841	31652	31927	234255	0	120	26	71	23
12.018000	380.462987	29892	30406	233650	0	133	29	80	24
8.307000	374.220346	22506	22891	166025	0	138	31	79	28
11.636000	380.534055	31150	31459	226046	0	131	24	82	25
6.292000	373.634560	17795	18131	120887	0	123	27	71	25
9.714000	372.261977	25649	26035	197430	0	123	21	75	27
11.462000	376.705627	29666	30094	232693	0	129	22	80	27
4.512000	384.119841	12658	12809	86558	0	120	25	71	24
7.457000	377.220346	19650	20124	153945	0	125	19	79	27
14.413000	389.705627	37741	38252	304550	0	119	25	68	26
8.085000	379.433550	22457	22698	163391	0	132	27	74	31
11.617000	382.462987	30628	31086	239286	0	132	30	76	26
8.048000	373.391919	23105	23321	166216	0	123	31	73	19
2.851000	375.948268	9123	9277	57685	0	132	29	82	21
11.580000	382.119841	29267	29636	221251	0	125	28	72	25
6.901000	385.634560	16369	16638	114895	0	123	30	72	21
8.792000	375.776695	24980	25300	189251	0	143	39	82	22
6.155000	376.705627	19091	19319	128523	0	134	28	76	30
9.154000	387.605122	26056	26610	199099	0	139	38	75	26
6.068000	386.019336	18178	18404	129795	0	127	29	73	25
7.387000	381.220346	22338	22576	150405	0	134	22	83	29
8.344000	388.019336	24296	24632	181863	0	136	34	76	26
9.140000	379.220346	26699	27009	199623	0	138	26	84	28
10.013000	386.078210	28651	29096	219629	0	124	22	75	27
8.248000	385.190909	24372	24708	183914	0	123	23	77	23
4.483000	384.847763	13443	13711	91761	0	135	28	77	30
4.077000	384.149278	13598	13742	87999	0	134	27	78	29
10.169000	378.877200	29413	29793	224095	0	144	26	88	30
4.612000	384.605122	14238	14361	91106	0	126	24	74	28
11.471000	387.534055	33061	33515	244562	0	131	25	81	25
11.649000	387.190909	24672	25247	191614	0	136	30	79	27
11.195000	395.747258	31455	31726	239896	0	144	40	73	31
8.162000	385.847763	23623	23967	179971	0	149	36	86	27
9.208000	393.776695	26265	26752	203148	0	126	25	76	25
16.274000	394.291414	36964	37467	291138	0	128	35	71	22
7.931000	394.747258	22283	22636	171569	0	138	39	72	27
7.818000	383.977705	23294	23556	159756	0	151	35	87	29
7.642000	388.918831	22546	22868	172096	0	132	28	76	28
6.019000	397.847763	18613	18976	127030	0	130	27	73	30
7.515000	387.705627	22696	22959	154074	0	133	30	79	24
5.047000	390.776695	15121	15448	104648	0	135	34	77	24
6.563000	390.605122	20201	20447	137015	0	130	27	80	23
11.021000	384.462987	30674	31065	247604	0	146	31	86	29
6.223000	393.019336	18198	18556	138427	0	117	21	70	26
7.741000	383.705627	23842	24083	164320	0	132	28	81	23
11.696000	394.261977	32691	33090	263774	0	140	32	79	29
14.016000	393.261977	35045	35344	266462	0	139	27	82	30
9.759000	394.433550	23865	24225	186200	0	119	22	64	33
8.734000	391.433550	26519	26774	190968	0	145	31	81	33
13.120000	402.090404	36392	36802	294151	0	130	25	75	30
6.703000	399.847763	20121	20352	146568	0	143	35	84	24
7.732000	395.504617	23266	23532	173576	0	122	26	75	21
10.509000	407.534055	28941	29415	230296	0	127	32	70	25
8.400000	394.362482	23935	24353	186824	0	138	36	77	25
12.468000	391.161472	35710	36099	267706	0	146	24	84	38
12.087000	398.462987	25694	26127	199555	0	137	28	81	28
12.143000	396.203102	33489	33774	261734	0	136	33	78	25
8.227000	387.019336	22146	22319	148633	0	145	31	86	28
14.830000	397.291414	36312	36657	280575	0	148	29	83	36
9.187000	411.060967	27423	27780	199319	0	144	27	74	43
16.320000	398.019336	43166	43535	325590	0	139	39	81	19
9.516000	396.818326	23174	23533	174076	0	140	24	83	33
10.653000	390.776695	30145	30653	233571	0	150	34	89	27
12.194000	400.090404	28459	28890	226413	0	130	23	77	30
17.455000	394.019336	37940	38476	306481	0	143	37	81	25
8.445000	405.333044	20873	21217	151467	0	146	29	85	32
10.129000	412.747258	28033	28662	227801	0	131	28	72	31
7.418000	404.705627	21820	22198	166682	0	129	27	73	29
7.802000	407.705627	22821	23239	173942	0	133	30	75	28
6.692000	391.362482	21163	21443	143152	0	147	34	86	27
7.838000	408.475180	22149	22566	166483	0	124	27	68	29
7.333000	400.291414	21623	21840	154019	0	132	30	80	22
5.758000	408.575685	16736	17011	125055	0	117	21	72	24
8.163000	409.504617	18400	18806	138054	0	129	33	67	29
14.978000	398.433550	37798	38220	294486	0	144	38	83	23
7.266000	412.717821	21792	22135	158517	0	146	28	80	38
10.687000	407.676190	29401	29930	232812	0	130	29	74	27
11.357000	405.404112	32316	32899	264936	0	132	28	72	32
5.738000	405.534055	16603	17060	123784	0	139	25	85	29
7.895000	403.847763	19941	20450	154633	0	150	34	86	30
13.960000	406.676190	35856	36347	288036	0	136	31	82	23
14.780000	395.705627	40219	40626	320398	0	137	27	82	28
12.687000	396.333044	36909	37219	282511	0	153	38	92	23
13.718000	411.575685	28014	28632	222973	0	149	44	74	31
5.530000	401.776695	15855	16242	112290	0	149	40	88	21
12.246000	406.291414	36201	36610	283078	0	135	28	77	30
9.799000	407.019336	26312	26563	186517	0	129	29	76	24
11.741000	407.818326	33256	33599	264632	0	145	29	82	34
7.612000	405.605122	22999	23453	165803	0	138	32	82	24
14.533000	402.090404	32480	32969	253923	0	136	22	83	31
6.883000	418.261977	19771	20230	151286	0	138	41	74	23
12.863000	406.605122	35297	35796	286853	0	137	37	76	24
13.069000	405.776695	32212	32582	252417	0	142	27	85	30
13.905000	411.161472	35797	36277	278353	0	141	26	84	31
9.228000	411.362482	26947	27287	198174	0	130	31	75	24
5.370000	413.747258	16079	16403	113623	0	129	29	75	25
11.255000	401.504617	32020	32475	249158	0	137	28	85	24
8.669000	412.747258	19355	19815	148819	0	124	29	73	22
16.600000	412.475180	42621	43013	336571	0	156	32	93	31
12.097000	413.019336	34282	34750	256338	0	138	34	80	24
4.931000	410.333044	14487	14624	92209	0	133	24	79	30
5.676000	404.705627	16725	17113	116711	0	136	30	82	24
8.769000	410.090404	21588	22036	168095	0	139	33	79	27
10.001000	413.060967	29798	30175	224430	0	147	29	86	32
7.593000	407.504617	23260	23561	168155	0	146	23	86	37
9.703000	405.918831	25624	25843	182001	0	145	35	86	24
8.623000	408.504617	25715	26074	193207	0	141	35	85	21
6.211000	408.918831	19061	19483	139239	0	149	33	86	30
19.482000	416.232539	44049	44607	358942	0	147	39	79	29
11.231000	418.404112	31415	31793	248385	0	152	31	87	34
13.719000	411.161472	35046	35613	273652	0	136	23	86	27
10.641000	406.575685	28078	28329	200677	0	140	37	81	22
11.151000	418.504617	26982	27363	201770	0	139	29	80	30
7.747000	421.274170	21518	21935	171186	0	137	26	83	28
4.322000	413.404112	13498	13676	86409	0	136	19	82	35
14.297000	407.190909	34193	34604	257996	0	129	26	73	30
9.035000	424.475180	24712	25053	169021	0	135	23	75	37
7.615000	412.404112	22089	22423	167835	0	157	40	89	28
11.522000	422.504617	31506	32045	253875	0	155	35	87	33
7.437000	413.433550	21732	22130	162182	0	145	27	90	28
8.958000	415.847763	24985	25599	196387	0	138	24	84	30
7.876000	409.534055	19038	19311	135705	0	138	24	84	30
7.754000	414.534055	21908	22303	167486	0	140	23	87	30
8.744000	416.889394	22745	23121	166860	0	142	29	84	29
6.284000	418.918831	17262	17677	125688	0	140	29	77	34
11.787000	419.889394	32817	33156	262605	0	141	31	80	30
10.196000	418.475180	29359	29829	232485	0	134	30	79	25
12.768000	418.060967	31528	31955	250663	0	145	30	83	32
9.558000	422.019336	22441	22792	174316	0	151	28	93	30
10.629000	410.747258	29933	30517	230860	0	145	22	89	34
8.192000	420.646753	24608	24998	182307	0	144	32	84	28
14.281000	416.646753	36263	36695	289796	0	153	32	86	35
12.838000	424.747258	32530	32991	230443	0	137	36	78	23
5.904000	418.676190	17905	17968	117113	0	142	31	86	25
6.544000	421.747258	20517	20802	139632	0	145	31	85	29
8.943000	422.776695	26101	26374	201371	0	142	32	81	29
10.642000	424.132034	31862	32210	230972	0	144	29	82	33
13.554000	416.261977	38465	38875	302204	0	144	28	88	28
14.051000	431.090404	39735	40209	319858	0	153	36	89	28
6.407000	425.989899	19585	19726	127252	0	153	26	93	34
13.765000	426.717821	39434	39810	300809	0	139	34	82	23
8.030000	421.605122	24359	24627	169062	0	135	38	75	22
13.844000	416.333044	38730	39168	312135	0	148	42	83	23
9.504000	427.516811	28212	28524	196199	0	149	35	82	32
5.786000	427.404112	17248	17596	127769	0	147	34	86	27
7.567000	429.433550	21770	22192	166302	0	146	24	91	31
14.866000	424.090404	38352	38697	303679	0	140	38	81	21
5.439000	428.161472	13144	13349	84519	0	148	31	87	30
8.472000	420.161472	25748	26113	180584	0	147	24	89	34
12.328000	422.362482	28489	28817	197926	0	149	28	90	31
11.779000	435.345238	32933	33269	256588	0	144	31	80	33
8.161000	441.203102	24730	24965	180453	0	159	34	86	39
13.308000	420.847763	38079	38394	286189	0	141	32	87	22
10.133000	427.788889	29560	29750	230902	0	148	36	88	24
9.620000	432.960461	29886	30061	216575	0	140	36	81	23
10.804000	434.102597	26360	26524	192315	0	136	30	75	31
13.775000	431.374675	34239	34807	283349	0	132	27	75	30
12.990000	435.504617	36424	36959	290809	0	152	42	84	26
9.488000	429.747258	28544	28902	200884	0	134	32	79	23
7.823000	427.090404	23008	23333	170586	0	143	26	87	30
4.608000	433.303607	14324	14660	96912	0	155	30	86	39
8.433000	430.575685	24053	24402	179401	0	145	31	85	29
9.785000	430.090404	28243	28650	216851	0	161	45	92	24
8.324000	439.333044	24370	24949	178364	0	148	32	81	35
7.719000	440.889394	23031	23390	168058	0	146	29	82	35
18.409000	438.931024	42254	42854	345803	0	145	34	78	33
12.560000	435.960461	34523	34951	280038	0	158	33	87	38
16.146000	441.060967	41319	41731	333758	0	141	30	81	30
13.160000	438.617316	30675	31204	246132	0	142	29	83	30
8.529000	438.717821	24994	25395	189385	0	141	23	86	32
7.750000	442.617316	23534	23785	159618	0	152	35	88	29
13.465000	430.090404	38668	39043	297758	0	156	39	92	25
11.252000	436.161472	28647	28874	214754	0	152	35	88	29
12.268000	435.747258	36089	36439	272837	0	150	35	85	30
10.253000	431.676190	27353	27616	191260	0	144	25	87	32
7.771000	428.747258	22381	22919	175022	0	146	21	96	29
13.579000	439.646753	33603	34012	250586	0	150	38	83	29
9.198000	447.274170	24235	24551	177208	0	153	31	86	36
8.076000	435.090404	23716	24073	180150	0	153	34	92	27
10.106000	440.575685	28697	29076	225653	0	152	40	84	28
9.387000	436.575685	27435	27830	202259	0	156	27	93	36
12.392000	448.374675	34542	34909	282400	0	143	31	78	34
15.865000	437.333044	35985	36293	272289	0	150	37	89	24
8.856000	435.190909	25347	25847	186554	0	162	39	89	34
5.378000	437.232539	16720	17026	111993	0	149	37	87	25
10.619000	434.847763	30476	30888	235776	0	150	28	91	31
5.663000	424.333044	17916	18216	120730	0	165	39	101	25
16.213000	431.161472	36008	36551	283226	0	158	35	93	30
17.125000	447.090404	46855	47394	376795	0	146	38	83	25
10.976000	448.132034	31212	31706	244312	0	139	24	81	34
16.948000	440.960461	38122	38413	298912	0	149	26	88	35
6.361000	440.232539	19625	20001	134107	0	152	30	88	34
13.525000	437.747258	28451	28793	219603	0	155	40	92	23
10.652000	447.818326	24441	24840	189590	0	147	30	84	33
9.120000	441.404112	25601	26111	196683	0	149	32	86	31
19.270000	439.404112	51733	52218	417062	0	158	34	96	28
9.311000	432.132034	28029	28323	193652	0	160	34	100	26
11.692000	435.989899	30816	31245	240796	0	153	32	95	26
11.369000	449.617316	31033	31519	247799	0	136	25	85	26
18.508000	447.918831	51581	52100	417559	0	153	37	91	25
9.158000	454.060967	26226	26713	198997	0	154	38	86	30
13.707000	445.475180	38407	39021	313868	0	143	27	84	32
19.671000	447.587878	46857	47276	364266	0	152	32	89	31
11.332000	447.504617	31255	31668	248919	0	149	28	89	32
6.670000	457.617316	18972	19308	141060	0	138	28	80	30
9.580000	443.575685	27066	27451	211216	0	165	34	99	32
7.636000	444.646753	22020	22399	165227	0	159	33	88	38
10.672000	446.918831	31639	31955	229785	0	147	30	90	27
7.653000	457.516811	23447	23678	166041	0	158	30	83	45
13.273000	449.989899	30303	30866	246707	0	158	30	92	36
17.348000	446.889394	44614	45163	360825	0	157	30	93	34
14.395000	447.918831	36849	37334	288985	0	151	32	85	34
12.740000	446.333044	32731	33042	237001	0	165	40	90	35
7.320000	441.960461	21217	21571	151913	0	151	29	88	34
8.986000	454.031529	27943	28329	206897	0	150	30	86	34
6.062000	453.333044	18126	18463	128984	0	170	38	94	38
13.751000	444.475180	33420	33769	249037	0	145	35	86	24
15.181000	448.161472	38572	39040	314490	0	160	35	94	31
11.107000	451.374675	32404	32744	240114	0	157	32	93	32
9.228000	452.303607	26870	27174	200865	0	153	26	89	38
7.964000	444.617316	24156	24425	172815	0	159	39	97	23
10.531000	456.646753	29124	29688	233793	0	152	40	83	29
11.277000	452.989899	32392	32829	251396	0	152	33	86	33
15.787000	459.102597	38243	38819	292986	0	142	29	81	32
15.895000	463.031529	43482	43920	339890	0	146	32	84	30
13.463000	457.646753	33452	34013	272470	0	154	33	87	34
13.541000	450.475180	34353	34763	263920	0	158	29	93	36
21.259000	453.019336	49159	49718	398407	0	143	26	89	28
16.825000	456.261977	38710	39111	313497	0	145	35	81	29
16.666000	461.818326	43863	44399	362191	0	149	33	89	27
12.914000	459.303607	38384	38783	293615	0	153	30	91	32
11.827000	449.504617	33323	33748	263619	0	149	29	89	31
12.927000	459.374675	37719	38087	288375	0	152	31	87	34
9.033000	458.617316	26241	26622	202779	0	174	46	95	33
14.328000	447.475180	33783	34063	238069	0	161	38	99	24
6.673000	453.161472	19883	20014	127860	0	147	24	88	35
8.946000	456.404112	25672	26048	198114	0	159	26	99	34
4.766000	457.818326	14847	15132	98366	0	154	28	92	34
12.345000	460.475180	34969	35427	270866	0	151	37	90	24
17.658000	452.889394	49054	49512	393743	0	164	30	97	37
8.841000	460.889394	26450	26792	195111	0	160	35	92	33
13.716000	461.960461	30104	30554	225557	0	175	35	103	37
16.216000	469.759451	42175	42607	319772	0	161	29	91	41
12.322000	458.546248	30518	31039	245856	0	162	35	92	35
17.447000	465.859956	47704	48216	388342	0	146	29	83	34
16.235000	451.161472	46989	47571	358810	0	163	29	97	37
10.362000	465.274170	27363	27546	192700	0	164	29	91	44
9.909000	465.759451	25548	25861	188480	0	168	32	94	42
14.462000	459.090404	33281	33628	259527	0	148	28	89	31
9.541000	467.546248	25970	26405	201726	0	154	35	91	28
9.875000	470.173665	26510	26814	191066	0	164	31	90	43
12.869000	466.102597	29042	29242	201836	0	160	33	90	37
12.313000	454.404112	31891	32128	229928	0	149	32	87	30
11.590000	475.859956	32031	32631	261995	0	156	29	87	40
10.126000	467.274170	30145	30452	223438	0	157	34	86	37
16.089000	470.646753	37030	37535	278456	0	159	38	91	30
8.627000	462.060967	24705	25208	191954	0	146	31	84	31
15.130000	469.889394	42132	42630	340555	0	158	37	89	32
11.682000	460.161472	29945	30339	231744	0	161	38	98	25
15.329000	458.717821	37819	38403	302905	0	164	30	97	37
9.934000	462.546248	22708	23196	172404	0	169	37	101	31
15.307000	463.475180	42258	42695	348612	0	155	43	88	24
7.433000	463.445743	21509	21844	156787	0	168	33	93	42
13.627000	468.303607	38875	39312	305261	0	149	31	91	27
15.812000	471.788889	44694	45199	349663	0	147	30	87	30
8.613000	467.303607	25788	26105	188386	0	174	43	101	30
9.466000	478.203102	27628	27930	205226	0	162	35	93	34
22.979000	469.475180	58576	59057	476874	0	165	43	88	34
22.389000	478.859956	56303	56724	443870	0	153	33	87	33
12.875000	470.445743	36940	37279	288159	0	168	40	94	34
13.628000	470.788889	36403	36680	277357	0	165	43	93	29
24.713000	484.717821	58390	58798	474336	0	162	45	87	30
12.887000	457.717821	38413	38840	283602	0	178	45	105	28
13.598000	466.818326	36720	37201	279667	0	168	38	100	30
10.398000	470.303607	29885	30252	230227	0	176	40	103	33
17.278000	474.203102	46675	47482	386129	0	153	32	88	33
11.033000	473.617316	30385	31033	243997	0	163	45	84	34
17.706000	476.203102	44033	44317	319952	0	170	40	95	35
19.155000	478.315801	54185	54485	404165	0	162	26	92	44
20.043000	472.475180	47814	48138	355197	0	152	29	87	36
23.579000	467.132034	64505	64957	513542	0	164	29	103	32
14.322000	470.575685	41422	41873	324229	0	155	32	94	29
10.431000	480.759451	30719	31199	232578	0	147	24	89	34
9.265000	475.546248	27221	27710	203619	0	163	28	97	38
8.371000	485.587878	25503	25700	186832	0	156	39	84	33
12.849000	478.404112	36876	37275	284175	0	167	36	98	33
6.245000	475.475180	18837	19110	133988	0	178	37	101	40
6.801000	471.303607	20697	20891	141112	0	161	37	93	31
16.745000	466.132034	39912	40301	310463	0	173	43	105	25
8.309000	474.445743	24143	24339	163761	0	154	42	89	23
10.408000	468.132034	30916	31291	232310	0	155	30	93	32
11.305000	482.818326	29295	29755	223896	0	164	31	94	39
10.006000	474.859956	28207	28681	223748	0	162	34	92	36
10.476000	486.315801	30781	31136	223365	0	157	30	91	36
12.374000	472.374675	35804	36197	261154	0	160	34	98	28
16.255000	476.931024	43847	44396	344167	0	156	27	92	37
8.917000	484.073160	25167	25435	189698	0	152	33	91	28
21.852000	475.132034	52375	53050	415307	0	160	42	90	28
9.184000	483.173665	23763	24070	163537	0	167	30	97	40
22.804000	486.546248	63596	64078	522832	0	162	34	94	34
7.610000	486.889394	22425	22864	166550	0	170	34	100	36
16.191000	485.060967	47476	48012	359598	0	171	38	101	32
10.106000	483.617316	29272	29639	225188	0	161	32	92	37
16.942000	481.759451	47959	48405	385996	0	151	41	87	23
13.967000	476.274170	39179	39671	315214	0	162	38	93	31
12.299000	484.132034	34899	35357	253916	0	164	40	96	28
12.559000	489.002092	34364	34892	285079	0	157	32	88	37
14.800000	481.132034	40058	40602	328271	0	168	39	98	31
19.689000	479.274170	44686	45173	359592	0	169	47	94	28
10.780000	489.445743	30343	30727	233626	0	173	39	101	33
11.307000	477.203102	30448	30643	207601	0	168	35	104	29
17.251000	483.374675	47370	47882	382171	0	162	37	93	32
7.275000	478.475180	18913	19041	118288	0	155	27	93	35
12.297000	485.173665	35875	36135	276346	0	168	38	96	34
14.384000	477.859956	36022	36385	274132	0	169	36	102	31
13.862000	483.901587	37341	37817	273778	0	176	35	102	39
16.217000	485.830519	44801	45450	364218	0	154	36	81	37
6.398000	472.617316	20869	21090	136241	0	169	33	102	34
6.231000	476.404112	19019	19199	128016	0	171	30	105	36
13.793000	492.303607	33382	33808	257549	0	171	38	100	33
15.206000	489.516811	41718	41959	304857	0	164	29	93	42
16.825000	495.859956	47149	47829	390048	0	144	30	80	34
11.833000	488.688384	32272	32674	254122	0	182	47	101	34
15.146000	488.031529	39076	39635	313939	0	165	32	98	35
11.490000	487.416306	25713	26126	191020	0	163	35	95	33
10.709000	487.759451	29366	29764	220381	0	168	40	97	31
11.380000	492.002092	27525	27702	206363	0	158	36	86	36
21.546000	485.274170	49049	49690	402317	0	158	39	92	27
12.181000	489.374675	32411	32798	242265	0	163	36	95	32
8.206000	486.889394	21031	21178	134424	0	166	29	100	37
9.947000	485.516811	24440	24681	178198	0	160	35	90	35
9.200000	490.303607	27123	27373	192919	0	165	37	97	31
14.389000	490.788889	35203	35797	287109	0	159	26	95	38
19.503000	490.132034	48746	49086	357892	0	175	39	104	32
14.062000	496.244733	39930	40472	327299	0	154	34	88	32
14.899000	491.788889	41717	41946	333635	0	174	39	100	35
18.137000	488.688384	41305	41896	332796	0	166	31	100	35
9.738000	493.730014	27386	27733	202911	0	184	41	107	36
9.970000	502.629509	29957	30308	215674	0	160	32	90	38
12.239000	491.617316	30998	31523	247511	0	170	34	100	36
15.710000	491.688384	42708	43184	343793	0	163	35	95	33
17.796000	503.730014	47848	48325	370304	0	163	31	94	38
17.528000	499.558441	44968	45460	329683	0	171	38	96	37
18.622000	494.617316	48081	48630	380068	0	178	50	102	26
11.115000	499.475180	31608	32147	243543	0	171	43	96	32
10.768000	491.031529	29980	30352	229942	0	166	35	97	34
8.033000	497.646753	24489	25005	173602	0	168	41	99	28
14.573000	497.315801	31927	32136	239513	0	151	31	87	33
12.531000	498.173665	32400	32768	242936	0	172	29	102	41
14.492000	493.161472	37849	38393	310560	0	162	31	97	34
9.813000	500.788889	28055	28482	217629	0	173	47	99	27
15.406000	500.215295	44152	44486	341544	0	174	38	99	37
10.806000	493.587878	30067	30510	236468	0	184	41	104	39
23.138000	500.374675	58013	58530	478443	0	162	28	97	37
13.228000	492.688384	34394	34747	262048	0	166	43	94	29
11.379000	499.102597	32436	32846	248395	0	152	34	89	29
12.665000	496.587878	36321	36875	278845	0	172	44	97	31
15.318000	497.658946	43829	44166	355286	0	161	30	96	35
6.581000	495.002092	20957	21100	136204	0	162	34	97	31
15.346000	503.244733	42317	42745	344318	0	182	39	101	42
10.180000	503.315801	30507	30782	228550	0	177	48	103	26
10.959000	514.587878	30948	31408	247874	0	150	32	82	36
13.322000	488.759451	39846	40200	293858	0	182	39	108	35
11.814000	499.374675	34659	35123	261269	0	178	36	104	38
17.178000	501.031529	49415	49792	381146	0	155	39	91	25
13.329000	504.173665	37544	38102	301108	0	173	41	92	40
12.995000	498.859956	36549	36991	286647	0	173	39	101	33
15.268000	507.031529	43192	43671	315268	0	167	40	98	29
12.139000	494.960461	33396	33817	256244	0	153	30	88	35
22.405000	502.960461	61681	62249	501198	0	185	52	104	29
16.810000	516.445743	48364	48978	391186	0	163	29	95	39
11.813000	508.315801	35612	36023	258133	0	167	27	102	38
22.623000	511.274170	55986	56505	444110	0	171	36	101	34
25.269000	509.203102	68982	69612	546809	0	171	45	98	28
17.437000	512.830519	42797	43481	346977	0	160	28	95	37
15.956000	509.629509	42159	42575	323546	0	174	40	96	38
10.416000	500.931024	30688	31122	223885	0	176	39	107	30
14.382000	499.416306	39844	40284	323468	0	183	33	104	46
15.263000	511.558441	35679	35969	259132	0	169	30	98	41
17.687000	502.173665	42344	42699	330507	0	162	31	98	33
11.513000	502.960461	31439	31926	236051	0	165	34	98	33
18.089000	510.487373	51412	51992	420067	0	161	29	95	37
22.027000	505.759451	60297	61030	508061	0	167	29	98	40
11.890000	501.345238	34350	34719	262775	0	162	33	98	31
9.235000	506.031529	27785	28117	201317	0	186	36	110	40
10.099000	501.487373	29537	29816	218712	0	179	48	105	26
9.067000	508.830519	26463	26836	194631	0	177	39	99	39
19.701000	501.516811	54823	55115	444459	0	188	44	109	35
11.111000	510.587878	33637	33891	241654	0	181	34	107	40
17.423000	512.002092	47877	48293	355736	0	178	44	99	35
9.452000	505.002092	23178	23312	152908	0	164	36	97	31
7.377000	517.457936	24014	24355	150068	0	171	32	99	40
20.042000	525.043723	46808	47206	341843	0	164	32	91	41
20.634000	513.445743	56573	56908	419595	0	175	32	103	40
13.203000	507.546248	39006	39353	281851	0	169	43	100	26
16.049000	517.345238	43306	43909	357550	0	165	40	95	30
16.869000	503.617316	39530	40020	294904	0	175	32	104	39
16.766000	514.173665	48562	49007	371101	0	178	43	101	34
26.422000	512.416306	72839	73362	600919	0	185	40	111	34
14.371000	510.646753	39355	39848	315285	0	175	29	109	37
14.421000	514.688384	41128	41620	325892	0	189	40	114	35
7.290000	518.386868	21709	21995	152587	0	157	36	88	33
10.969000	513.374675	31992	32444	234636	0	183	37	107	39
22.073000	518.286363	61912	62334	485156	0	179	35	105	39
18.416000	515.173665	51013	51547	405648	0	168	36	100	32
9.465000	506.031529	27219	27741	208778	0	186	37	112	37
14.598000	516.345238	41759	42256	323992	0	171	39	99	33
8.521000	516.345238	24205	24812	180912	0	180	42	103	35
16.366000	519.830519	46105	46596	366877	0	187	46	101	40
21.475000	521.073160	56379	56985	467463	0	169	41	97	31
17.696000	517.730014	44777	45252	329074	0	186	35	113	38
9.997000	514.416306	27902	28156	195901	0	174	38	103	33
16.213000	514.445743	45679	46146	355291	0	170	38	101	31
17.221000	526.073160	40300	40732	315980	0	163	29	98	36
19.837000	521.617316	52934	53507	431843	0	189	46	109	34
8.037000	512.788889	22627	22863	159211	0	181	40	107	34
19.080000	518.516811	50381	50999	413052	0	178	34	101	43
24.058000	522.688384	65905	66362	549026	0	165	34	97	34
11.925000	519.658946	33606	34105	260991	0	192	43	113	36
16.619000	524.286363	40412	40796	306597	0	182	42	102	38
15.265000	523.587878	42173	42882	337909	0	161	23	98	40
18.437000	518.617316	45610	45813	339337	0	184	38	106	40
13.863000	519.203102	38240	38623	297954	0	168	35	97	36
22.302000	521.144228	62275	62631	489299	0	188	48	108	32
18.187000	520.558441	50718	51363	424419	0	172	41	93	38
22.364000	523.516811	57192	57585	445193	0	167	38	98	31
10.414000	524.173665	27868	28175	201147	0	193	42	108	43
7.240000	525.244733	21491	21830	148472	0	182	37	109	36
9.357000	516.901587	23349	23501	158149	0	169	30	101	38
13.300000	538.700577	36628	36960	272519	0	182	37	100	45
16.771000	521.658946	36753	37320	298888	0	170	36	101	33
19.379000	531.629509	52774	53378	439230	0	182	49	101	32
17.813000	523.173665	49125	49705	403422	0	169	36	97	36
12.173000	524.830519	33988	34589	272835	0	181	40	107	34
6.979000	526.203102	22224	22440	142888	0	168	46	92	30
15.506000	523.688384	44472	44866	343504	0	179	36	109	34
22.160000	522.102597	52541	52805	407524	0	185	36	116	33
23.541000	523.859956	62722	63232	499231	0	183	49	106	28
8.359000	525.931024	24851	25120	172896	0	178	38	106	34
10.523000	532.102597	29893	30309	228206	0	185	40	107	38
20.800000	520.031529	51896	52113	384643	0	182	37	107	38
13.874000	526.859956	39674	40089	308549	0	168	37	98	33
16.210000	530.859956	45836	46436	352388	0	174	46	97	31
16.608000	521.759451	36933	37379	293811	0	192	38	115	39
24.799000	534.931024	69535	70018	549965	0	186	45	103	38
12.887000	531.315801	37801	38080	287485	0	182	36	111	35
19.151000	532.114790	55680	56002	418464	0	181	38	99	44
21.026000	531.859956	53560	53949	426855	0	175	34	106	35
18.858000	533.629509	45376	45892	366053	0	157	24	97	36
8.138000	525.315801	24166	24503	177272	0	185	43	103	39
19.318000	539.144228	54078	54611	412564	0	187	35	107	45
19.141000	527.173665	44804	45275	348092	0	179	43	106	30
8.576000	536.730014	22595	22881	155176	0	193	41	115	37
20.892000	529.830519	56316	56829	461506	0	180	38	107	35
16.517000	543.901587	46512	47126	383309	0	168	40	97	31
16.657000	546.244733	46248	46893	383765	0	169	33	95	41
13.270000	530.073160	38281	38800	293527	0	172	34	99	39
15.216000	537.315801	36727	37147	271830	0	176	40	100	36
21.833000	538.558441	58555	59087	487374	0	177	47	99	31
9.047000	530.759451	25783	26077	181200	0	184	40	109	35
13.150000	532.901587	33147	33329	239100	0	179	37	107	35
21.586000	546.801082	50941	51767	430290	0	182	33	103	46
12.000000	537.073160	33275	33733	255900	0	195	42	108	45
15.371000	538.872150	35222	35571	256848	0	171	32	102	37
10.719000	536.144228	31035	31440	231621	0	186	39	109	38
14.495000	533.830519	41756	42229	315956	0	181	40	106	35
19.179000	536.788889	43845	44358	351708	0	176	33	104	39
16.662000	528.688384	40030	40656	324088	0	196	39	116	41
16.929000	534.658946	42646	43147	339750	0	191	41	112	38
14.559000	539.002092	39592	40120	320008	0	182	37	105	40
18.983000	543.859956	49613	50054	406497	0	170	41	97	32
16.869000	534.830519	39021	39314	301948	0	189	44	109	36
14.530000	537.374675	40025	40511	323214	0	185	26	114	45
17.787000	533.730014	51701	52256	399083	0	182	37	105	40
21.591000	529.587878	59958	60473	481606	0	187	39	113	35
24.742000	541.700577	68252	68662	541334	0	182	39	107	36
14.844000	534.073160	36912	37555	299040	0	172	36	101	35
24.431000	542.931024	64805	65257	503565	0	189	40	110	39
21.940000	543.730014	51135	51790	424844	0	175	43	96	36
16.294000	539.073160	44063	44737	361202	0	189	40	110	39
19.339000	537.629509	43666	44628	361005	0	182	41	103	38
11.730000	539.073160	35587	35944	256268	0	205	36	119	50
12.233000	532.859956	35077	35475	273866	0	183	37	114	32
19.968000	539.487373	49129	49637	406130	0	171	37	98	36
9.265000	539.587878	24252	24356	162383	0	178	32	102	44
7.349000	538.345238	23423	23566	150844	0	181	29	107	45
21.869000	548.830519	59743	60477	499046	0	177	36	103	38
25.602000	541.315801	69307	69924	570130	0	171	46	101	24
19.161000	555.771645	48885	49383	376078	0	180	36	99	45
18.530000	546.345238	42812	43223	325774	0	180	42	103	35
31.673000	551.386868	74317	74978	622276	0	183	46	103	34
26.963000	548.487373	67684	68238	541425	0	179	46	98	35
23.911000	542.416306	57624	57934	454662	0	191	45	111	35
22.850000	539.558441	59358	59836	472345	0	182	42	110	30
19.972000	546.274170	52248	52832	430865	0	181	42	102	37
26.731000	553.286363	63626	63964	502187	0	181	41	103	37
5.842000	547.487373	19006	19110	113265	0	174	36	101	37
16.014000	539.730014	43433	43768	339045	0	194	38	114	42
10.343000	553.600072	28722	28981	180714	0	187	40	107	40
34.153000	552.144228	80326	80916	681958	0	182	36	105	41
20.271000	559.073160	53670	54307	441067	0	194	41	111	42
18.340000	542.617316	54152	54424	399742	0	180	34	107	39
18.381000	548.215295	43237	43687	343191	0	181	41	105	35
11.848000	552.487373	32707	33341	256448	0	190	39	108	43
18.450000	541.102597	44157	44510	323205	0	168	35	101	32
15.888000	550.357431	44717	45120	361266	0	177	34	105	38
10.554000	549.801082	30513	30684	223925	0	193	42	115	36
7.952000	547.416306	24946	25116	164160	0	176	42	101	33
9.704000	548.315801	30023	30312	207269	0	189	40	112	37
19.687000	560.327994	47592	47952	359730	0	194	43	109	42
14.850000	547.173665	41346	41954	317208	0	178	37	106	35
13.942000	548.002092	35613	36193	278063	0	182	37	105	40
18.310000	553.901587	44579	44800	358451	0	191	43	108	40
32.127000	548.972655	70030	70487	580526	0	179	39	106	34
9.689000	552.730014	27656	28137	212977	0	193	50	107	36
7.220000	559.428499	23107	23310	145948	0	181	34	105	42
18.076000	548.931024	48880	49084	363497	0	183	35	110	38
17.175000	547.173665	43511	43982	345956	0	176	37	102	37
18.624000	553.173665	45798	46354	377753	0	194	50	100	44
16.666000	557.173665	46217	46685	365396	0	182	43	107	32
21.926000	561.345238	61403	62108	499990	0	181	39	105	37
13.505000	558.357431	38819	39128	286127	0	188	44	110	34
18.785000	553.073160	41922	42357	332328	0	191	38	111	42
14.035000	556.416306	41443	41926	313897	0	179	40	106	33
17.566000	548.244733	42463	43107	351733	0	188	35	116	37
9.671000	549.173665	28159	28672	194842	0	188	34	113	41
24.842000	551.801082	60838	61305	482895	0	189	42	112	35
23.210000	549.073160	62132	62689	509432	0	189	44	112	33
14.953000	560.629509	41999	42671	338748	0	183	38	107	38
11.675000	552.901587	34724	34995	254264	0	204	43	122	39
14.266000	559.144228	40056	40573	324645	0	179	42	102	35
12.413000	555.658946	28048	28200	191454	0	200	43	117	40
26.968000	562.558441	61841	62293	486141	0	194	46	114	34
17.334000	551.972655	47644	48152	384410	0	194	33	113	48
15.801000	564.114790	37747	38158	281612	0	179	34	106	39
21.806000	556.315801	58911	59387	462979	0	189	47	111	31
15.174000	561.043723	37736	38019	257296	0	199	42	113	44
19.613000	566.629509	51155	51813	424664	0	181	38	103	40
19.501000	559.872150	53485	53925	434197	0	195	48	111	36
20.223000	565.102597	47831	48358	385077	0	190	37	111	42
25.186000	562.600072	66743	67177	546660	0	189	41	110	38
21.755000	563.002092	55859	56369	461308	0	182	35	101	46
18.204000	558.801082	46159	46478	360070	0	194	36	114	44
18.029000	562.043723	44229	44671	353985	0	201	42	116	43
23.308000	556.730014	55727	56206	456249	0	190	36	111	43
19.852000	556.901587	53610	54065	420035	0	179	44	106	29
7.667000	555.244733	24004	24201	158453	0	182	42	107	33
18.182000	576.913780	51822	52231	395385	0	205	45	115	45
16.238000	574.943218	39330	39677	302853	0	184	37	110	37
20.099000	569.386868	52187	52520	415852	0	198	45	113	40
21.154000	558.516811	57150	57431	424918	0	195	39	114	42
30.428000	569.872150	72606	73243	586176	0	178	42	103	33
28.434000	566.830519	72414	72829	576441	0	186	45	105	36
27.967000	566.872150	68789	69375	551006	0	175	41	103	31
21.317000	565.801082	58178	58738	471402	0	199	36	113	50
23.536000	566.457936	57084	57556	443989	0	191	46	110	35
28.636000	560.386868	67549	68106	549487	0	197	36	117	44
9.520000	565.244733	28177	28664	207028	0	192	37	110	45
18.405000	583.671140	51924	52357	403203	0	184	38	101	45
29.486000	565.144228	77540	78094	655187	0	200	34	123	43
24.564000	563.771645	58238	58615	458582	0	192	49	113	30
11.651000	568.487373	26007	26441	191941	0	180	35	106	39
11.072000	569.801082	33101	33419	230355	0	196	47	113	36
18.391000	564.457936	52451	52873	407981	0	184	42	110	32
25.283000	571.529004	66310	66869	556387	0	190	45	110	35
22.554000	565.002092	55220	55494	409308	0	202	44	121	37
21.495000	564.215295	53186	53551	432586	0	200	48	118	34
9.955000	575.244733	25213	25523	162583	0	187	47	103	37
12.031000	567.872150	30303	30677	217312	0	201	34	121	46
21.245000	567.357431	58962	59326	468602	0	197	44	117	36
25.322000	581.884343	72109	72479	558970	0	199	43	111	45
18.859000	569.629509	52268	52802	424656	0	208	44	121	43
11.233000	576.215295	32515	32927	249615	0	188	42	108	38
25.795000	577.872150	64815	65562	548042	0	201	43	110	48
9.555000	571.315801	27452	27636	182788	0	202	42	115	45
30.639000	573.730014	78884	79472	610007	0	195	51	114	30
21.822000	575.073160	56648	57239	457160	0	192	42	111	39
25.501000	573.315801	64212	64608	532320	0	192	46	109	37
19.853000	573.487373	50125	50537	397279	0	198	45	116	37
13.008000	578.842712	31587	31801	236030	0	197	45	110	42
22.391000	575.386868	58287	58722	469802	0	185	45	102	38
26.903000	575.600072	62176	62663	483307	0	200	57	109	34
9.153000	574.700577	25312	25570	173867	0	189	48	108	33
24.872000	571.587878	67436	67917	515687	0	186	40	111	35
13.345000	583.499567	37563	37941	282872	0	199	48	110	41
23.256000	568.629509	55166	55521	428286	0	193	40	116	37
26.556000	578.185858	74135	74710	592494	0	202	53	112	37
22.980000	578.386868	61769	62359	523291	0	175	34	108	33
24.883000	585.529004	66667	67132	547311	0	184	37	109	38
27.302000	583.315801	62225	62818	491929	0	202	54	113	35
21.358000	570.073160	54088	54832	443936	0	197	42	114	41
28.314000	577.529004	67187	67891	564108	0	194	33	112	49
25.751000	582.972655	70919	71679	587202	0	198	45	115	38
12.800000	575.144228	37522	38027	284565	0	197	49	115	33
18.005000	571.386868	46018	46554	375244	0	202	41	121	40
24.866000	579.014285	64704	65134	495271	0	189	41	113	35
25.694000	582.872150	70539	71318	599704	0	176	35	101	40
13.000000	577.700577	33617	33915	242252	0	202	39	117	46
19.325000	590.600072	47367	47760	350914	0	202	40	116	46
17.648000	577.943218	48990	49424	392260	0	203	39	118	46
15.442000	583.357431	37435	37743	264275	0	196	38	115	43
16.589000	592.286363	46604	46835	362486	0	194	37	116	41
19.364000	584.014285	45272	45933	361786	0	191	29	115	47
20.261000	589.558441	48632	49178	386786	0	210	56	117	37
26.185000	586.315801	65270	66011	545261	0	190	44	110	36
21.774000	581.529004	62436	62877	480250	0	179	47	105	27
24.863000	583.386868	59488	60017	482262	0	185	44	104	37
28.125000	582.872150	71578	72310	601947	0	202	42	117	43
22.130000	581.658946	56488	56863	416405	0	215	50	128	37
22.770000	589.872150	54066	54650	437186	0	198	41	114	43
8.700000	581.587878	26953	27229	171820	0	187	42	111	34
13.435000	586.457936	37905	38274	292764	0	206	52	117	37
12.756000	581.144228	33567	33998	243729	0	203	40	121	42
26.751000	583.185858	65101	65322	513070	0	199	49	113	37
23.079000	581.872150	52942	53284	414519	0	198	39	113	46
21.626000	591.943218	50868	51328	408767	0	183	32	109	42
25.701000	585.771645	69774	70677	591442	0	190	39	107	44
8.827000	583.872150	27046	27378	186978	0	215	41	125	49
10.790000	584.700577	31988	32209	229938	0	211	54	116	41
17.409000	591.315801	45691	46161	356386	0	199	47	118	34
25.986000	587.570635	66330	66883	527872	0	196	51	112	33
19.928000	581.043723	53724	53868	407636	0	202	35	123	44
