0.006000	3.828427	3	19	21	0	1	1	0	0
0.003000	2.828427	2	14	13	0	0	0	0	0
0.003000	3.414214	3	17	20	0	2	2	0	0
0.003000	3.828427	3	19	25	0	1	1	0	0
0.002000	2.000000	2	12	10	0	0	0	0	0
0.002000	3.000000	3	15	17	0	0	0	0	0
0.002000	1.414214	1	6	2	0	0	0	0	0
0.001000	2.000000	2	11	8	0	0	0	0	0
0.002000	2.000000	2	12	10	0	0	0	0	0
0.004000	3.828427	3	19	23	0	1	1	0	0
0.005000	5.828427	7	27	45	0	4	4	0	0
0.006000	6.656854	5	29	47	0	1	1	0	0
0.004000	4.414214	4	20	26	0	2	2	0	0
0.003000	6.000000	6	24	40	0	0	0	0	0
0.005000	7.828427	11	33	66	0	4	3	0	1
0.004000	5.828427	7	27	45	0	4	4	0	0
0.003000	4.000000	4	18	23	0	0	0	0	0
0.003000	4.000000	4	18	23	0	0	0	0	0
0.005000	7.414214	7	29	63	0	2	2	0	0
0.004000	7.071068	5	29	40	0	0	0	0	0
0.012000	10.242641	20	49	114	0	6	5	0	1
0.006000	9.071068	12	40	70	0	3	3	0	0
0.006000	9.000000	9	33	62	0	0	0	0	0
0.011000	11.242641	23	55	131	0	6	6	0	0
0.009000	10.828427	17	47	100	0	4	4	0	0
0.008000	9.071068	12	42	86	0	3	3	0	0
0.007000	8.656854	14	42	80	0	5	5	0	0
0.010000	11.071068	23	57	136	0	7	7	0	0
0.006000	8.071068	6	34	59	0	1	1	0	0
0.004000	8.414214	8	32	69	0	2	2	0	0
0.016000	14.071068	40	82	218	0	10	10	0	0
0.014000	13.899495	33	75	199	0	7	7	0	0
0.107000	15.828427	31	73	197	0	4	4	0	0
0.007000	13.414214	13	47	133	0	2	2	0	0
0.007000	12.727922	9	48	84	0	0	0	0	0
0.017000	15.727922	34	82	233	0	5	5	0	0
0.005000	12.313708	9	49	93	0	1	1	0	0
0.012000	13.242641	31	69	172	0	6	6	0	0
0.006000	15.414214	15	53	150	0	2	2	0	0
0.015000	12.485281	28	66	178	0	7	7	0	0
0.022000	18.656854	62	112	326	0	8	8	0	0
0.011000	15.727922	23	65	149	0	2	1	1	0
0.021000	17.899495	66	118	358	0	13	13	0	0
0.011000	18.414214	18	62	204	0	2	2	0	0
0.020000	17.656854	56	99	293	0	8	7	0	1
0.016000	18.828427	40	88	240	0	4	4	0	0
0.028000	18.313708	79	141	453	0	9	7	1	1
0.021000	19.071068	61	108	321	0	4	3	1	0
0.007000	16.556349	12	64	143	0	1	1	0	0
0.020000	17.313708	48	94	279	0	9	7	1	1
0.031000	23.727922	106	148	449	0	16	15	1	0
0.028000	22.142136	70	124	391	0	5	4	1	0
0.021000	21.242641	63	117	351	0	6	6	0	0
0.010000	23.000000	23	75	187	0	0	0	0	0
0.023000	20.656854	73	123	377	0	8	8	0	0
0.027000	23.798990	71	137	464	0	7	5	1	1
0.016000	20.384776	36	93	263	0	3	3	0	0
0.023000	23.071068	83	137	424	0	10	8	1	1
0.039000	22.727922	107	171	610	0	17	17	0	0
0.027000	21.485281	80	143	448	0	6	5	1	0
0.026000	27.041631	56	132	408	0	3	2	1	0
0.035000	26.142136	117	194	688	0	16	14	1	1
0.040000	25.727922	133	194	755	0	3	1	2	0
0.036000	27.071068	119	186	648	0	10	10	0	0
0.631000	27.828427	67	133	439	0	4	4	0	0
0.039000	26.242641	83	147	473	0	6	6	0	0
0.042000	26.071068	116	182	623	0	10	10	0	0
0.050000	27.899495	153	227	802	0	14	14	0	0
0.027000	25.242641	79	141	439	0	6	6	0	0
0.044000	26.142136	142	211	754	0	20	20	0	0
0.062000	30.899495	160	225	797	0	14	12	1	1
0.075000	28.213203	311	363	1544	0	5	1	3	1
0.046000	30.627417	147	232	913	0	11	10	1	0
0.029000	29.041631	106	185	681	0	9	8	0	1
0.033000	31.284271	84	171	612	0	5	5	0	0
0.038000	30.313708	133	203	689	0	15	13	2	0
0.029000	30.041631	86	167	564	0	7	4	1	2
0.032000	26.656854	138	202	637	0	8	6	2	0
0.057000	31.556349	215	300	1182	0	22	22	0	0
0.011000	30.000000	30	96	256	0	0	0	0	0
0.048000	35.041631	170	260	995	0	9	8	1	0
0.053000	34.071068	200	271	1024	0	5	2	2	1
0.067000	35.213203	236	332	1430	0	23	22	0	1
0.091000	32.627417	381	482	1961	0	7	4	3	0
0.055000	33.727922	231	318	1274	0	18	18	0	0
0.054000	32.313708	195	280	1095	0	16	13	1	2
0.051000	35.485281	205	291	1147	0	12	12	0	0
0.041000	32.041631	149	241	933	0	9	8	1	0
0.041000	31.485281	149	226	927	0	7	6	1	0
0.055000	33.727922	231	319	1251	0	18	18	0	0
0.012000	36.000000	36	114	322	0	0	0	0	0
0.127000	35.384776	510	644	2823	0	13	10	3	0
0.064000	38.313708	271	371	1513	0	16	16	0	0
0.066000	36.698485	284	365	1388	0	6	4	2	0
0.017000	36.355339	26	134	372	0	1	1	0	0
0.100000	39.213203	314	425	1888	0	26	24	1	1
0.082000	38.627417	303	410	1801	0	19	18	1	0
0.027000	36.828427	94	178	673	0	4	4	0	0
0.057000	38.698485	202	304	1259	0	9	7	1	1
0.040000	36.656854	158	235	925	0	8	8	0	0
0.043000	40.656854	155	245	971	0	4	2	2	0
0.064000	41.556349	235	337	1335	0	6	5	1	0
0.148000	42.455844	565	717	3284	0	16	14	2	0
0.042000	43.242641	163	263	1110	0	6	6	0	0
0.074000	42.526912	272	394	1721	0	15	13	1	1
0.055000	42.071068	229	329	1376	0	10	10	0	0
0.076000	40.970563	263	348	1443	0	19	17	2	0
0.081000	43.870058	289	396	1746	0	19	18	1	0
0.070000	42.213203	220	322	1335	0	18	15	2	1
0.075000	40.041631	248	360	1589	0	8	5	3	0
0.076000	47.899495	311	426	1880	0	14	12	1	1
0.063000	47.426407	215	342	1534	0	5	4	1	0
0.023000	47.426407	206	332	1482	0	9	9	0	0
0.000000	47.254834	93	231	842	0	3	3	0	0
0.000000	44.071068	203	299	1172	0	7	5	2	0
0.104000	47.041631	400	512	2346	0	31	27	2	2
0.131000	41.556349	489	636	2870	0	20	17	3	0
0.098000	47.142136	416	516	2347	0	20	20	0	0
0.037000	44.183766	106	234	801	0	3	2	1	0
0.102000	45.041631	424	544	2498	0	32	31	1	0
0.113000	47.485281	490	528	2656	0	8	5	3	0
0.101000	46.970563	420	475	2238	0	6	3	3	0
0.087000	49.313708	396	515	2311	0	16	16	0	0
0.050000	49.012193	165	293	1137	0	7	5	2	0
0.106000	47.941125	480	574	2513	0	3	1	2	0
0.123000	51.213203	532	659	3063	0	30	30	0	0
0.176000	50.355339	600	728	3835	0	8	6	2	0
0.115000	51.355339	471	600	3106	0	4	3	1	0
0.102000	49.213203	402	509	2253	0	10	9	1	0
0.105000	50.769553	396	526	2518	0	23	23	0	0
0.095000	52.627417	451	525	2519	0	6	2	3	1
0.109000	54.112698	388	523	2441	0	21	20	1	0
0.038000	52.669048	115	268	883	0	3	2	1	0
0.087000	52.384776	394	498	2189	0	2	1	1	0
0.146000	54.627417	611	739	3555	0	26	25	1	0
0.124000	53.384776	532	658	3105	0	16	15	1	0
0.142000	54.041631	592	740	3554	0	30	29	1	0
0.135000	53.597980	493	629	3185	0	23	23	0	0
0.127000	53.970563	532	667	3117	0	24	24	0	0
0.085000	52.242641	370	476	1754	0	3	1	2	0
0.080000	55.485281	349	452	2140	0	8	6	2	0
0.095000	58.142136	408	480	2277	0	8	4	2	2
0.092000	58.740115	277	440	2109	0	9	9	0	0
0.187000	57.213203	712	840	3708	0	6	3	3	0
0.125000	59.142136	511	614	2879	0	20	20	0	0
0.220000	57.798990	647	794	3910	0	24	23	1	0
0.049000	57.828427	157	274	1181	0	4	2	1	1
0.309000	59.426407	626	793	4079	0	29	29	0	0
0.292000	54.698485	723	841	3765	0	19	17	2	0
0.280000	58.870058	718	864	4149	0	38	35	1	2
0.132000	61.828427	220	369	1418	0	2	1	1	0
0.240000	60.727922	570	696	3404	0	18	18	0	0
0.201000	57.455844	575	694	3253	0	8	4	4	0
0.113000	61.485281	420	515	2274	0	7	5	2	0
0.163000	59.769553	676	793	3830	0	6	2	4	0
0.078000	62.899495	280	383	1728	0	9	7	2	0
0.203000	62.325902	492	653	3450	0	17	17	0	0
0.300000	61.941125	767	926	4711	0	45	43	1	1
0.243000	61.183766	799	927	5227	0	7	5	2	0
0.199000	63.556349	666	819	4062	0	22	22	0	0
0.291000	65.941125	945	1107	5653	0	47	46	1	0
0.851000	63.798990	309	430	1837	0	4	3	1	0
0.095000	65.384776	361	476	2009	0	2	1	1	0
0.130000	66.811183	378	565	2829	0	11	11	0	0
0.287000	61.798990	1153	1303	6497	0	4	1	3	0
0.208000	64.798990	750	907	4580	0	18	17	1	0
0.131000	64.313708	576	728	3606	0	16	16	0	0
0.137000	63.384776	1041	1180	5963	0	4	1	3	0
0.207000	64.355339	931	1084	5159	0	16	14	2	0
0.129000	64.325902	521	666	2811	0	6	2	4	0
0.120000	70.213203	467	568	2626	0	18	12	6	0
0.201000	68.213203	881	1047	5274	0	30	30	0	0
0.135000	65.727922	605	736	3162	0	12	9	3	0
0.202000	68.526912	650	785	4034	0	15	13	2	0
0.084000	67.798990	334	467	2055	0	6	5	1	0
0.171000	67.597980	684	847	3910	0	17	15	2	0
0.214000	69.769553	761	926	4693	0	43	40	2	1
0.049000	71.828427	187	292	1466	0	4	4	0	0
0.210000	69.183766	743	894	4450	0	9	8	1	0
0.052000	67.485281	209	314	1437	0	7	4	2	1
0.129000	72.556349	553	658	3284	0	10	9	1	0
0.533000	73.426407	446	606	2767	0	11	10	1	0
0.378000	69.455844	1371	1553	7852	0	12	9	3	0
0.266000	70.597980	1047	1208	6099	0	8	4	4	0
0.319000	75.183766	1135	1300	6989	0	54	52	0	2
0.279000	75.740115	1031	1238	7073	0	37	36	1	0
0.203000	72.041631	876	1016	5215	0	4	2	2	0
0.285000	72.597980	1142	1315	6714	0	8	3	4	1
0.308000	74.284271	1348	1534	7726	0	17	14	2	1
0.195000	72.254834	597	762	3781	0	7	5	2	0
0.183000	77.526912	743	840	4175	0	34	29	5	0
0.500000	75.426407	1898	2139	12262	0	13	8	4	1
0.213000	75.325902	857	1014	5179	0	10	5	4	1
0.000000	75.970563	353	500	2217	0	6	5	1	0
0.120000	75.556349	637	773	3656	0	17	14	2	1
0.346000	78.597980	1286	1444	7746	0	52	50	2	0
0.116000	78.556349	500	643	2885	0	4	1	3	0
0.398000	73.769553	1734	1960	10317	0	16	12	4	0
0.387000	77.254834	1116	1294	6995	0	51	50	1	0
0.160000	76.882251	615	811	4587	0	15	15	0	0
0.169000	79.798990	779	875	4552	0	22	21	1	0
0.128000	78.384776	608	717	3405	0	22	17	5	0
0.248000	81.112698	928	1074	5628	0	26	23	3	0
0.229000	80.597980	938	1120	5480	0	28	26	2	0
0.293000	78.840620	1295	1487	7737	0	6	3	3	0
0.000000	83.124892	739	961	5566	0	19	17	2	0
0.389000	79.526912	1717	1917	10350	0	22	19	3	0
0.455000	79.041631	2300	2449	13953	0	7	1	6	0
0.834000	81.597980	971	1141	6070	0	30	28	2	0
0.255000	80.982756	967	1159	6590	0	19	18	1	0
0.256000	87.970563	1086	1275	6929	0	2	1	1	0
0.504000	82.154329	1969	2220	12622	0	7	1	5	1
0.131000	84.485281	605	789	3487	0	8	5	3	0
0.224000	86.497475	813	990	5280	0	15	13	2	0
0.209000	84.798990	985	1167	5607	0	20	17	3	0
0.556000	82.254834	2450	2758	15607	0	12	7	5	0
0.261000	86.254834	1052	1249	6319	0	32	28	3	1
0.163000	86.970563	745	897	4469	0	19	17	2	0
0.243000	85.041631	1083	1251	6589	0	10	9	1	0
0.249000	85.698485	1558	1760	8973	0	31	26	4	1
0.182000	87.455844	855	964	4872	0	24	21	2	1
0.265000	87.526912	919	1037	5456	0	13	8	5	0
0.217000	88.727922	917	1079	6111	0	18	16	1	1
0.889000	86.669048	2651	2900	17575	0	24	21	3	0
0.174000	88.254834	939	1090	5219	0	16	11	4	1
0.275000	87.468037	898	1100	5533	0	10	6	4	0
0.702000	85.740115	2564	2882	16502	0	18	13	5	0
0.293000	87.568542	1164	1357	6971	0	16	12	4	0
0.294000	90.769553	1208	1382	7394	0	44	42	1	1
0.254000	88.384776	1069	1207	6619	0	2	1	1	0
0.086000	92.556349	393	522	2225	0	8	4	4	0
0.391000	90.970563	499	627	3024	0	10	7	3	0
0.231000	92.183766	857	947	4882	0	16	7	9	0
0.428000	93.982756	868	1072	5877	0	15	12	2	1
0.437000	90.012193	1693	1987	11037	0	29	23	6	0
0.160000	93.071068	671	858	4053	0	11	7	4	0
0.407000	92.455844	1216	1424	7634	0	33	30	2	1
0.259000	93.455844	1039	1179	5754	0	29	26	3	0
0.517000	89.840620	2000	2289	12892	0	30	24	5	1
0.106000	91.870058	1276	1481	7428	0	28	25	3	0
0.140000	97.798990	840	969	5052	0	22	18	4	0
0.267000	93.669048	789	906	4704	0	17	11	6	0
1.033000	97.455844	1608	1826	10177	0	36	36	0	0
0.678000	97.970563	2722	2949	18053	0	5	1	4	0
0.411000	95.284271	1488	1638	9229	0	18	13	3	2
0.441000	96.568542	1830	1982	10776	0	18	13	3	2
0.203000	98.041631	801	994	5163	0	27	23	3	1
0.230000	95.982756	1583	1815	10008	0	10	6	4	0
0.643000	97.526912	2669	2868	16646	0	22	19	3	0
0.128000	97.840620	1691	1910	10828	0	62	60	0	2
1.010000	102.284271	2461	2674	15974	0	40	38	2	0
0.224000	101.142136	1010	1223	6738	0	4	3	1	0
0.315000	100.698485	1254	1425	7282	0	37	35	2	0
0.418000	98.355339	1751	2011	10683	0	26	23	3	0
0.579000	101.254834	2462	2729	15529	0	40	37	3	0
0.259000	101.698485	1112	1302	7105	0	40	37	2	1
0.303000	100.870058	1309	1521	8336	0	12	10	2	0
0.472000	101.597980	2736	2947	17183	0	32	29	3	0
0.492000	100.355339	1841	2049	11820	0	50	48	0	2
0.300000	102.468037	1038	1218	5685	0	12	7	4	1
0.177000	103.384776	841	979	5200	0	20	16	4	0
0.058000	103.242641	233	430	1845	0	2	1	1	0
0.970000	103.083261	3702	3971	25149	0	34	29	5	0
0.409000	102.455844	1776	2068	11182	0	37	34	3	0
0.192000	105.213203	889	1064	5079	0	19	16	3	0
0.570000	102.355339	2499	2840	16303	0	32	29	3	0
0.185000	105.556349	822	1014	5286	0	17	15	2	0
0.695000	105.254834	2113	2387	13049	0	40	37	3	0
0.893000	104.112698	3693	3897	21768	0	18	13	5	0
0.669000	104.597980	2790	2981	17203	0	32	29	3	0
0.280000	110.254834	1168	1305	6585	0	36	30	6	0
0.251000	108.639610	1113	1218	6239	0	19	14	4	1
0.491000	109.183766	2286	2518	14384	0	50	49	1	0
0.966000	107.396970	4132	4422	28449	0	32	28	4	0
0.821000	106.982756	3565	3847	24655	0	36	29	5	2
0.177000	109.727922	791	967	4979	0	13	8	3	2
0.719000	108.325902	3037	3313	21405	0	19	15	4	0
0.246000	107.455844	1033	1254	6573	0	31	29	2	0
0.528000	109.083261	2227	2429	15320	0	31	27	4	0
0.395000	111.112698	1731	1969	11186	0	12	10	2	0
0.258000	110.497475	1164	1260	6219	0	9	3	5	1
0.053000	110.656854	204	414	1650	0	4	2	2	0
1.468000	115.840620	4138	4337	27270	0	43	38	4	1
1.399000	113.041631	5721	5995	38587	0	16	10	5	1
0.532000	113.225397	2187	2443	13629	0	63	60	3	0
0.878000	112.183766	4483	4772	29677	0	30	27	3	0
0.442000	111.710678	1917	2201	12531	0	16	12	4	0
0.416000	111.497475	1763	2012	11397	0	19	16	3	0
0.380000	114.526912	1613	1865	10359	0	16	14	2	0
0.616000	112.254834	2603	2899	17375	0	16	12	4	0
0.298000	118.142136	1413	1591	9129	0	14	10	4	0
0.462000	116.355339	2391	2617	15316	0	34	32	2	0
0.163000	113.727922	1058	1299	6632	0	8	4	4	0
0.977000	114.941125	4244	4610	28745	0	24	21	3	0
0.859000	117.468037	1378	1604	8591	0	19	15	4	0
0.890000	117.769553	3738	3974	24013	0	28	25	3	0
0.847000	116.053824	2774	2938	18870	0	12	9	3	0
0.849000	116.627417	3482	3685	22067	0	9	7	2	0
0.785000	116.941125	4580	4829	29487	0	25	23	2	0
1.124000	115.053824	4912	5179	32242	0	19	15	4	0
0.305000	118.639610	1279	1410	7249	0	26	19	5	2
0.348000	121.384776	1639	1827	10681	0	10	7	2	1
0.292000	120.195959	1183	1374	7644	0	18	13	4	1
0.292000	120.213203	1449	1700	9509	0	2	1	1	0
0.948000	120.911688	4916	5164	32995	0	32	28	3	1
0.517000	119.254834	2319	2612	14564	0	44	39	4	1
0.797000	121.083261	3415	3780	22626	0	44	41	3	0
0.871000	120.213203	3760	4078	25318	0	6	3	3	0
0.335000	122.083261	1836	2066	12057	0	58	56	2	0
1.636000	119.355339	3855	4092	24785	0	26	23	3	0
0.309000	124.568542	1283	1437	7415	0	37	33	4	0
0.302000	126.041631	1359	1580	8894	0	24	22	2	0
0.166000	122.213203	804	977	5297	0	18	13	5	0
0.278000	121.367532	1173	1359	7399	0	22	15	6	1
1.100000	125.296465	4563	4805	30548	0	13	9	4	0
0.514000	123.053824	1990	2329	14167	0	26	21	4	1
0.377000	126.012193	1566	1803	10254	0	11	7	4	0
0.316000	126.769553	2114	2357	14051	0	19	14	5	0
0.372000	124.083261	1507	1754	10417	0	28	26	2	0
0.711000	127.769553	3030	3305	20544	0	13	10	3	0
0.364000	126.953319	1264	1431	7691	0	18	13	4	1
0.266000	126.781746	1254	1419	7541	0	18	13	4	1
0.224000	127.024387	893	1118	5811	0	13	8	4	1
0.361000	129.982756	1564	1737	9476	0	25	19	6	0
0.215000	126.313708	1008	1269	6496	0	6	2	4	0
0.310000	130.994949	1188	1448	6980	0	16	13	3	0
0.518000	130.355339	2254	2540	14973	0	26	24	1	1
1.060000	129.195959	2689	3021	18211	0	18	14	4	0
0.563000	128.254834	2230	2516	14592	0	40	37	2	1
0.803000	126.982756	3199	3550	22268	0	20	16	3	1
0.373000	134.154329	1674	1822	9615	0	24	17	7	0
0.163000	133.041631	1561	1781	10444	0	16	14	2	0
0.325000	131.781746	1484	1640	8457	0	38	29	7	2
0.306000	133.539105	1323	1507	8625	0	32	25	7	0
0.504000	133.669048	2634	2846	16402	0	36	30	6	0
0.693000	133.455844	1757	1962	11190	0	30	29	1	0
0.885000	130.526912	3661	3992	24670	0	10	2	7	1
0.368000	134.124892	2589	2937	18422	0	28	24	4	0
1.061000	131.568542	4405	4788	29963	0	56	52	3	1
0.773000	132.982756	4366	4479	27691	0	20	14	5	1
0.476000	138.183766	2127	2331	13001	0	48	41	5	2
0.238000	139.237590	856	1165	4958	0	8	4	3	1
0.311000	133.142136	1261	1569	8523	0	8	4	4	0
0.510000	136.982756	1949	2225	13620	0	21	16	4	1
0.569000	137.497475	2358	2635	16251	0	36	33	3	0
1.067000	134.911688	4792	5151	35164	0	18	14	4	0
1.186000	135.811183	4597	4928	31292	0	62	57	4	1
1.110000	134.941125	4872	5133	32091	0	24	21	3	0
0.638000	138.781746	2718	2977	19251	0	21	16	3	2
1.429000	133.941125	4876	5078	30678	0	24	21	3	0
0.317000	140.338095	1220	1430	7589	0	14	9	4	1
0.542000	139.539105	2215	2414	14494	0	36	29	6	1
0.476000	138.355339	2233	2482	14325	0	42	41	1	0
0.189000	138.727922	854	1068	6129	0	10	9	1	0
0.590000	141.740115	2420	2714	16920	0	36	33	3	0
0.659000	140.669048	2749	3054	18290	0	42	40	2	0
0.570000	141.024387	3271	3578	22012	0	18	14	4	0
0.884000	138.882251	3733	4002	24647	0	26	22	4	0
0.765000	140.539105	2843	3105	19705	0	80	76	3	1
0.640000	140.468037	2536	2836	17801	0	25	23	2	0
0.727000	142.870058	3294	3478	20189	0	12	6	5	1
0.073000	142.024387	1685	1842	9461	0	49	40	8	1
0.438000	144.710678	1835	2027	12015	0	40	33	7	0
0.964000	144.769553	1934	2163	12366	0	26	21	5	0
0.422000	144.124892	1768	1913	9793	0	16	10	5	1
0.541000	146.012193	2378	2627	15154	0	44	42	2	0
0.781000	144.284271	3287	3665	23591	0	7	3	4	0
2.578000	142.769553	8594	9079	63371	0	10	3	7	0
0.603000	146.811183	2287	2742	16558	0	6	2	4	0
0.631000	146.195959	3033	3382	21176	0	47	42	4	1
0.697000	148.497475	3057	3268	18552	0	38	31	7	0
0.704000	146.254834	3156	3362	19198	0	52	46	5	1
0.664000	149.325902	3041	3259	18690	0	36	32	4	0
0.089000	148.142136	337	605	2950	0	6	4	2	0
1.394000	146.195959	6164	6481	41997	0	21	17	4	0
0.292000	146.313708	1298	1593	8771	0	10	6	4	0
0.656000	147.166522	2243	2534	16381	0	21	18	3	0
3.166000	147.254834	9501	9946	70695	0	10	4	6	0
0.921000	149.669048	4130	4582	28869	0	12	8	4	0
0.673000	149.225397	2582	2895	18214	0	36	33	3	0
0.420000	150.166522	1704	1920	10622	0	27	21	5	1
0.378000	150.166522	1618	1845	10166	0	21	15	5	1
0.301000	153.066017	1362	1595	8684	0	16	11	4	1
0.490000	154.154329	2203	2440	13381	0	14	9	5	0
0.925000	150.183766	3672	3897	23324	0	24	16	7	1
0.622000	153.681241	2631	2861	17575	0	46	39	5	2
0.226000	149.923882	1470	1717	10221	0	31	23	8	0
0.571000	149.526912	3105	3513	21447	0	20	15	5	0
1.178000	151.882251	4846	5257	33971	0	59	55	4	0
1.065000	152.024387	4093	4419	28233	0	34	30	4	0
0.760000	155.982756	3370	3631	21358	0	28	23	5	0
0.806000	156.752309	1552	1798	10621	0	23	19	4	0
0.539000	155.426407	2393	2635	15230	0	44	40	4	0
0.376000	154.384776	1672	1969	11860	0	22	20	2	0
0.552000	157.480231	2114	2445	14577	0	30	27	3	0
0.731000	156.455844	3080	3590	23095	0	18	14	4	0
0.662000	157.225397	2331	2631	16632	0	41	37	4	0
1.304000	157.112698	6052	6582	44314	0	11	6	5	0
0.860000	158.852814	3407	3843	24400	0	26	23	3	0
1.204000	158.024387	4657	5016	33526	0	50	45	4	1
0.291000	159.556349	1341	1613	9706	0	18	15	3	0
0.844000	160.923882	1963	2232	13510	0	38	31	6	1
0.523000	160.509668	2077	2324	14138	0	33	28	5	0
0.578000	156.267027	2174	2430	15155	0	52	43	8	1
0.511000	161.627417	2555	2872	18222	0	10	7	3	0
1.027000	157.237590	3936	4075	25015	0	16	8	6	2
1.257000	159.882251	6015	6464	44075	0	72	67	5	0
0.869000	162.367532	3554	3953	25069	0	44	40	3	1
1.187000	159.710678	4713	5051	33135	0	14	10	4	0
0.928000	160.396970	3960	4223	26566	0	5	1	3	1
0.694000	165.580736	2000	2283	13822	0	40	33	7	0
0.611000	165.681241	2482	2701	16663	0	60	53	5	2
0.470000	166.112698	2207	2472	14751	0	30	27	3	0
1.033000	164.526912	4672	5003	34129	0	38	35	2	1
0.635000	163.639610	2571	2835	18225	0	55	49	5	1
0.424000	162.811183	2510	2764	17477	0	57	51	6	0
1.543000	166.267027	5880	6187	40797	0	15	11	4	0
0.754000	167.296465	2865	3122	19752	0	72	68	4	0
2.273000	166.497475	7673	8158	56479	0	11	7	4	0
0.968000	167.166522	3697	3882	25648	0	87	84	3	0
0.128000	169.485281	450	752	3850	0	4	3	1	0
0.180000	169.970563	695	996	5269	0	12	8	4	0
0.618000	168.651804	2471	2714	16988	0	14	9	5	0
1.455000	167.610173	6655	6932	45408	0	27	23	4	0
0.995000	169.509668	3774	3990	25059	0	8	4	4	0
1.023000	170.438600	4093	4502	29475	0	46	42	4	0
1.812000	169.568542	8325	8756	63564	0	26	22	4	0
1.426000	167.396970	6972	7323	50500	0	30	26	4	0
1.459000	168.953319	5866	6219	42709	0	36	31	4	1
1.267000	167.409163	3244	3438	21694	0	8	4	4	0
0.727000	173.024387	2821	3061	19042	0	60	52	7	1
0.450000	174.137085	1781	2089	12320	0	27	19	8	0
0.650000	173.468037	2873	3211	19074	0	18	12	6	0
0.816000	171.024387	5124	5316	31429	0	35	30	5	0
1.167000	172.024387	5445	5600	32509	0	23	17	6	0
2.439000	172.568542	9710	10130	70741	0	16	10	5	1
1.064000	172.036580	2888	3180	20898	0	29	26	3	0
1.666000	170.752309	6726	7026	46080	0	25	21	4	0
1.642000	173.024387	7106	7401	49320	0	7	3	4	0
2.584000	173.225397	9249	9686	67092	0	16	11	4	1
0.666000	176.811183	3364	3733	22684	0	8	5	3	0
0.459000	174.509668	2809	3025	18216	0	74	68	6	0
0.730000	177.296465	3600	3971	25191	0	24	20	4	0
1.512000	176.941125	6334	6628	45191	0	17	12	5	0
1.269000	179.112698	6913	7162	49004	0	13	9	4	0
1.302000	174.681241	5354	5525	31750	0	18	12	5	1
1.156000	176.539105	2946	3228	21300	0	53	49	4	0
3.964000	174.568542	11355	11751	84524	0	8	3	5	0
3.157000	177.325902	8378	8746	61707	0	20	16	4	0
3.015000	175.254834	8042	8408	58987	0	10	4	4	2
0.938000	180.480231	3112	3320	21005	0	23	15	8	0
0.796000	179.852814	3265	3544	21427	0	59	52	7	0
0.636000	179.852814	2972	3248	18738	0	62	53	8	1
1.275000	182.012193	4021	4361	27482	0	54	53	1	0
0.282000	177.556349	1255	1539	9437	0	4	2	2	0
1.002000	181.166522	3889	4257	26353	0	64	59	4	1
1.657000	181.254834	6382	6684	45735	0	22	17	5	0
1.066000	181.053824	3057	3324	19282	0	24	21	3	0
3.146000	177.254834	12168	12552	90585	0	10	4	6	0
1.430000	181.610173	3601	3875	23710	0	82	79	3	0
0.729000	183.965512	2478	2746	16947	0	18	13	5	0
0.698000	185.308658	2645	2922	18287	0	22	17	5	0
1.123000	182.610173	5054	5356	33869	0	8	4	4	0
0.816000	183.710678	3515	3848	23571	0	18	15	3	0
0.611000	184.183766	2964	3281	20202	0	34	29	5	0
0.686000	183.308658	2754	3008	19073	0	16	9	7	0
0.333000	180.627417	1440	1754	10663	0	12	6	6	0
1.405000	181.468037	4339	4687	30548	0	21	14	7	0
1.334000	181.923882	5027	5329	32836	0	18	10	7	1
3.913000	184.254834	11731	12101	86345	0	10	4	6	0
0.852000	187.953319	3696	4045	25141	0	36	30	6	0
0.859000	189.610173	4608	4928	30602	0	12	7	4	1
1.083000	186.195959	4931	5253	33873	0	13	6	7	0
0.761000	189.480231	3217	3505	22608	0	66	56	8	2
0.853000	189.166522	3734	4026	24090	0	60	52	6	2
0.992000	189.722871	4039	4313	28031	0	66	59	6	1
0.408000	188.112698	2903	3207	20380	0	4	2	2	0
1.429000	187.095454	6280	6605	43366	0	15	7	8	0
1.244000	189.882251	5051	5298	34107	0	16	9	7	0
1.712000	186.681241	4328	4540	27520	0	10	5	5	0
1.290000	192.438600	5741	6080	38867	0	18	14	4	0
0.816000	192.308658	3710	3944	24473	0	68	59	7	2
0.517000	190.627417	2437	2762	17833	0	22	18	4	0
0.777000	193.195959	4623	5052	31712	0	8	4	4	0
1.424000	193.580736	5670	5932	36753	0	19	15	4	0
1.677000	192.592929	5455	5697	33345	0	19	15	4	0
1.465000	192.124892	4529	4839	34146	0	13	9	4	0
0.932000	191.651804	3650	3898	24766	0	22	19	3	0
1.342000	190.379726	5030	5368	31838	0	34	28	6	0
1.537000	192.396970	6586	6903	46745	0	11	5	6	0
0.301000	196.798990	1418	1723	10678	0	10	5	5	0
0.982000	197.308658	4009	4254	26279	0	76	68	7	1
1.122000	194.539105	4976	5407	34354	0	10	6	4	0
1.874000	196.396970	6502	6834	46538	0	15	8	6	1
1.245000	196.195959	5400	5615	34705	0	11	5	6	0
1.153000	198.580736	5069	5301	37709	0	18	14	4	0
1.519000	196.137085	4523	4737	27420	0	10	5	5	0
0.763000	197.509668	4185	4520	31414	0	28	23	4	1
1.218000	198.539105	5004	5322	37636	0	15	8	5	2
2.804000	196.355339	8136	8429	56315	0	17	12	5	0
1.066000	197.811183	4162	4563	28863	0	8	5	3	0
0.249000	197.455844	2447	2764	18501	0	7	3	4	0
0.536000	198.870058	2644	2966	19450	0	7	3	4	0
3.290000	201.669048	12097	12478	85786	0	19	11	6	2
1.271000	200.267027	5395	5625	34902	0	25	20	5	0
1.240000	199.438600	4908	5231	36816	0	22	17	4	1
1.306000	195.698485	5846	6288	44822	0	18	11	7	0
1.083000	202.681241	4537	5004	34005	0	30	24	6	0
1.213000	203.267027	4976	5313	37383	0	28	23	4	1
1.091000	199.308658	5458	5830	35559	0	22	15	6	1
1.376000	201.213203	6101	6388	44736	0	10	3	6	1
1.082000	203.781746	4582	4942	31396	0	28	23	4	1
1.465000	206.183766	4576	4876	32210	0	44	40	4	0
0.975000	205.840620	4692	5023	32262	0	58	55	3	0
0.828000	205.941125	4089	4421	29983	0	12	10	2	0
1.794000	206.166522	7172	7521	49676	0	30	25	5	0
1.071000	204.095454	4816	5166	32284	0	20	13	6	1
1.061000	205.367532	4863	5279	32571	0	12	6	6	0
0.523000	202.455844	2544	2895	18695	0	16	14	2	0
2.172000	204.083261	8318	8642	57438	0	31	27	4	0
0.717000	207.183766	4162	4483	28801	0	28	24	4	0
1.125000	209.183766	5148	5440	36208	0	50	45	5	0
1.201000	207.036580	4911	5153	30060	0	34	27	7	0
0.768000	208.112698	3633	3993	26861	0	32	28	4	0
2.585000	207.526912	12389	12771	88086	0	12	7	5	0
2.888000	208.597980	9236	9566	64621	0	39	35	4	0
3.041000	208.455844	13215	13553	94459	0	24	19	5	0
2.472000	207.526912	10542	10951	77876	0	15	6	8	1
1.544000	206.325902	7513	7988	59036	0	40	33	6	1
1.610000	209.852814	6942	7381	48727	0	27	18	8	1
0.675000	210.597980	3819	4164	27673	0	11	5	6	0
0.361000	213.384776	2333	2681	18041	0	14	10	4	0
2.715000	212.769553	9096	9471	65285	0	16	9	7	0
0.969000	210.793939	5577	5804	33922	0	30	20	10	0
0.723000	211.597980	3565	3915	25240	0	16	10	6	0
2.128000	210.597980	9275	9603	64791	0	19	15	4	0
2.122000	212.468037	9526	9858	65049	0	15	6	8	1
0.828000	213.823376	5577	5847	36673	0	26	20	6	0
2.046000	213.237590	5793	6055	42918	0	28	24	4	0
1.429000	212.237590	7305	7536	47274	0	11	5	6	0
1.235000	214.894444	5187	5553	34055	0	62	56	5	1
2.041000	216.852814	6899	7157	51233	0	12	7	5	0
1.655000	213.509668	5451	5796	41083	0	32	27	5	0
1.791000	216.651804	7971	8345	55026	0	32	23	7	2
1.921000	216.095454	6852	7091	50462	0	16	12	4	0
2.344000	216.882251	8692	9093	58607	0	12	6	6	0
2.459000	214.539105	10703	11062	74568	0	22	15	7	0
1.124000	214.166522	5660	5976	38764	0	15	7	8	0
2.044000	216.539105	10115	10480	71455	0	22	15	7	0
3.279000	213.769553	11139	11580	85141	0	12	5	7	0
1.615000	219.325902	8089	8642	60398	0	29	21	8	0
3.761000	219.610173	13271	13745	102582	0	12	4	7	1
2.580000	219.710678	11532	11876	82795	0	20	13	7	0
2.619000	220.539105	11929	12373	92155	0	10	4	6	0
2.363000	219.811183	11642	11965	79446	0	12	6	6	0
2.681000	221.852814	9462	9824	62690	0	10	4	6	0
1.621000	219.438600	7430	7793	48112	0	13	7	6	0
2.718000	222.681241	12119	12494	83218	0	25	19	6	0
3.578000	221.610173	11881	12252	89397	0	14	9	5	0
3.462000	218.284271	11463	11830	85305	0	22	14	8	0
0.834000	223.112698	3620	3979	26410	0	12	8	4	0
0.823000	225.284271	3655	4026	27029	0	8	6	2	0
0.632000	225.112698	4060	4501	30701	0	26	24	2	0
3.707000	225.497475	14219	14517	102865	0	15	9	6	0
3.163000	222.480231	11149	11573	81591	0	41	36	5	0
3.767000	224.367532	11767	12208	91336	0	14	8	6	0
2.417000	223.710678	11918	12243	81029	0	26	18	7	1
2.600000	224.195959	10941	11291	73639	0	11	5	6	0
1.605000	222.379726	6086	6270	37452	0	19	10	9	0
2.925000	227.095454	12450	12821	94977	0	10	5	5	0
4.009000	230.183766	13476	13789	98061	0	12	7	5	0
1.608000	227.007143	5006	5230	38252	0	30	25	5	0
1.407000	229.764502	5498	5770	40696	0	23	16	6	1
2.984000	227.610173	11553	12021	89463	0	20	14	6	0
3.481000	226.610173	13834	14322	108028	0	11	4	7	0
4.862000	227.526912	17267	17519	130935	0	14	6	8	0
1.706000	228.651804	6587	7147	49643	0	35	28	7	0
1.660000	230.923882	7363	7617	47289	0	15	9	5	1
3.481000	228.852814	13316	13676	93257	0	34	26	8	0
2.964000	228.438600	14087	14374	100261	0	20	12	8	0
0.757000	230.698485	3565	3967	27151	0	22	17	4	1
3.532000	232.597980	13980	14275	101289	0	22	16	6	0
1.304000	231.693434	5584	5784	41468	0	12	6	5	1
2.543000	233.509668	11520	11915	82412	0	45	38	7	0
4.840000	233.338095	17365	17622	133842	0	18	11	7	0
1.996000	230.710678	10737	11078	72583	0	14	5	8	1
3.444000	234.095454	12253	12616	82833	0	13	5	7	1
2.212000	232.367532	9400	9763	62974	0	11	5	6	0
1.233000	232.066017	6923	7184	42464	0	21	15	6	0
1.787000	232.551299	7256	7545	46384	0	33	28	5	0
4.037000	234.698485	13429	13746	97885	0	17	9	7	1
5.051000	236.166522	17697	17945	137212	0	22	14	7	1
2.180000	239.936075	6387	6667	47781	0	47	40	6	1
1.440000	236.107648	6061	6366	38790	0	30	24	6	0
1.396000	238.965512	7524	7812	47563	0	29	23	6	0
2.206000	237.994949	7513	7779	48163	0	15	9	5	1
1.321000	237.793939	7456	7756	47755	0	45	40	5	0
4.215000	236.681241	15493	15933	113583	0	11	6	5	0
2.988000	235.095454	12542	12910	90350	0	42	34	7	1
4.218000	235.840620	16689	17033	128582	0	12	5	7	0
2.794000	241.237590	12439	12788	84499	0	25	18	7	0
2.603000	238.651804	11530	11864	75731	0	26	20	6	0
2.063000	240.137085	7574	7855	47672	0	25	19	6	0
3.262000	240.923882	11304	11697	78340	0	46	39	7	0
2.658000	241.124892	12936	13317	91430	0	18	11	7	0
3.720000	240.769553	13721	14021	100345	0	10	5	5	0
1.047000	241.835570	7303	7565	43989	0	22	14	8	0
2.282000	239.107648	6509	6711	47668	0	14	7	6	1
1.480000	238.480231	7508	7820	50831	0	57	48	8	1
2.355000	238.651804	10274	10681	72964	0	33	25	8	0
0.912000	241.941125	3891	4280	29283	0	28	22	5	1
3.964000	245.953319	15982	16351	115724	0	18	13	5	0
4.389000	243.041631	16180	16456	116729	0	20	12	8	0
2.521000	244.124892	12604	12961	86956	0	16	8	8	0
2.311000	242.539105	10554	10903	71518	0	13	5	8	0
3.588000	245.681241	14453	14762	98165	0	32	26	6	0
2.234000	245.379726	11913	12284	80054	0	13	7	6	0
3.498000	242.124892	13287	13654	94355	0	18	10	7	1
4.587000	243.267027	17650	17892	136669	0	18	11	7	0
4.310000	246.154329	15367	15710	111737	0	48	41	6	1
2.804000	250.137085	12152	12658	94615	0	37	30	7	0
1.405000	249.350288	7480	7770	45379	0	38	31	7	0
4.189000	246.195959	13161	13589	105034	0	15	7	8	0
3.512000	248.497475	14234	14571	104039	0	22	16	6	0
2.662000	247.053824	12130	12534	87354	0	38	29	9	0
3.084000	248.823376	11987	12516	94210	0	52	46	6	0
1.482000	246.320851	5804	6051	43881	0	47	42	5	0
2.867000	248.208153	11996	12381	80997	0	13	7	6	0
3.715000	250.852814	15582	16026	122194	0	20	14	5	1
1.404000	248.906638	6244	6493	37252	0	46	39	7	0
1.462000	253.112698	5107	5654	39861	0	18	14	4	0
3.508000	249.597980	16241	16541	117240	0	38	29	9	0
4.042000	249.254834	15587	15956	110459	0	31	23	8	0
2.330000	254.178716	8223	8504	58624	0	21	15	6	0
2.961000	253.195959	12606	12988	85726	0	28	20	8	0
3.087000	253.894444	14207	14569	96948	0	18	11	7	0
1.512000	252.048773	5931	6201	35868	0	37	29	8	0
2.728000	251.296465	12724	13087	87511	0	16	6	10	0
2.825000	251.480231	12728	13119	86935	0	29	23	6	0
2.695000	251.208153	12946	13335	88236	0	14	7	7	0
2.319000	254.350288	6881	7098	50222	0	16	9	6	1
1.736000	256.249783	7709	8002	55816	0	14	8	6	0
2.826000	256.610173	11308	11704	76933	0	21	14	7	0
2.148000	253.823376	9421	9816	62513	0	17	9	7	1
4.400000	256.551299	16512	16948	125465	0	40	35	5	0
4.702000	257.551299	18369	18704	141799	0	26	21	5	0
3.869000	251.698485	17096	17375	123115	0	31	21	9	1
2.921000	257.793939	9036	9433	66744	0	11	5	6	0
3.563000	255.426407	14473	14849	104789	0	42	36	6	0
4.298000	255.183766	14883	15210	108129	0	13	6	7	0
3.410000	259.254834	15166	15474	110531	0	36	28	8	0
5.133000	258.568542	17305	17781	134675	0	38	31	7	0
2.648000	260.710678	11231	11630	76195	0	13	7	6	0
2.719000	261.450793	13117	13522	89133	0	27	21	6	0
3.235000	261.308658	12271	12675	83138	0	45	40	5	0
2.185000	259.994949	10939	11312	73603	0	21	15	6	0
2.957000	260.137085	10797	11217	80721	0	18	11	7	0
4.526000	258.811183	18299	18493	138440	0	21	13	8	0
3.913000	256.840620	17024	17331	120548	0	41	33	8	0
4.250000	260.468037	16170	16725	125400	0	57	50	7	0
3.023000	260.112698	14637	14895	103374	0	17	6	11	0
3.654000	261.438600	13393	13784	92922	0	15	6	9	0
2.853000	265.610173	13574	13961	93194	0	28	20	8	0
3.054000	264.195959	12595	13007	86624	0	26	18	8	0
2.901000	263.610173	13147	13551	89702	0	29	22	7	0
2.755000	262.195959	12179	12507	83269	0	23	15	8	0
2.660000	262.823376	10610	11005	72359	0	19	11	8	0
4.370000	266.195959	16142	16591	129074	0	12	7	5	0
2.327000	265.906638	7871	8173	56243	0	32	26	6	0
5.036000	263.438600	18102	18342	143842	0	18	11	7	0
2.082000	267.769553	7411	7810	56933	0	15	6	7	2
5.338000	266.396970	17651	17960	123831	0	35	26	9	0
3.311000	265.610173	13851	14237	96651	0	24	15	9	0
3.282000	269.438600	13570	13990	92674	0	35	29	6	0
3.039000	268.592929	13221	13634	89372	0	27	21	6	0
2.522000	269.877200	6956	7266	41892	0	64	57	7	0
3.131000	270.379726	12102	12591	92964	0	26	20	5	1
3.670000	268.894444	12983	13425	99388	0	28	21	7	0
4.754000	265.752309	18590	18793	143979	0	40	32	7	1
2.889000	266.024387	11931	12343	81258	0	35	27	7	1
2.224000	273.355339	10090	10576	77445	0	19	10	9	0
2.845000	272.220346	9121	9459	64118	0	22	16	6	0
2.756000	272.438600	12683	13035	86811	0	37	27	9	1
3.017000	270.823376	12720	13095	95206	0	18	9	8	1
3.990000	270.752309	13654	14053	105279	0	28	21	7	0
1.904000	270.764502	7893	8143	57629	0	18	9	8	1
2.763000	273.651804	11303	11729	77260	0	23	16	7	0
1.993000	272.450793	9082	9530	57864	0	21	14	7	0
2.681000	270.580736	11592	11987	79454	0	23	16	7	0
2.455000	272.320851	9260	9606	66161	0	42	36	6	0
4.133000	270.769553	15322	15606	109058	0	28	16	12	0
3.807000	274.468037	17090	17444	120534	0	29	20	9	0
2.263000	274.735065	9148	9492	64996	0	34	28	6	0
3.153000	272.965512	10734	11165	72832	0	14	6	8	0
2.313000	274.137085	11167	11568	76079	0	21	14	7	0
3.004000	278.450793	12403	12909	95054	0	30	25	5	0
3.835000	274.722871	13278	13735	103525	0	32	26	6	0
2.582000	274.877200	9916	10250	68697	0	16	10	6	0
3.476000	273.698485	15764	16035	111695	0	24	14	10	0
4.736000	274.166522	18812	19024	144009	0	42	34	7	1
2.551000	279.497475	9178	9559	69057	0	42	38	4	0
3.055000	277.580736	13279	13665	91641	0	34	25	9	0
3.239000	279.793939	13259	13726	102662	0	36	28	7	1
2.500000	280.208153	11050	11492	75215	0	13	6	7	0
2.298000	279.291414	9526	9868	66476	0	32	26	6	0
4.888000	279.681241	17816	18221	139132	0	26	16	9	1
4.578000	279.166522	19077	19331	149868	0	22	14	8	0
3.732000	275.769553	15696	15973	109675	0	25	15	10	0
2.166000	281.007143	8865	9199	63577	0	28	22	6	0
1.925000	279.078210	8290	8546	59061	0	14	6	8	0
2.817000	284.083261	11501	11943	87457	0	27	18	9	0
2.390000	283.568542	10753	11240	82012	0	36	30	6	0
3.346000	282.852814	15052	15357	104555	0	34	26	8	0
2.469000	284.036580	11333	11752	77615	0	21	13	8	0
3.383000	282.237590	13485	13940	93204	0	22	13	9	0
2.508000	282.776695	9975	10334	69095	0	26	20	6	0
3.500000	285.208153	12461	12920	91935	0	28	21	7	0
1.634000	284.592929	7883	8196	57218	0	18	12	6	0
2.468000	282.592929	7896	8201	57708	0	22	16	6	0
1.549000	282.107648	7750	8079	56433	0	12	5	6	1
2.444000	286.325902	11728	12159	87795	0	33	25	8	0
2.892000	285.568542	10606	11115	82391	0	20	12	8	0
4.999000	286.225397	19159	19424	147228	0	23	14	9	0
3.727000	282.597980	15913	16184	112007	0	33	22	11	0
2.998000	286.107648	11704	12180	86531	0	38	32	6	0
4.351000	287.190909	10655	11041	73925	0	30	24	6	0
5.949000	286.811183	18809	19069	144729	0	25	16	9	0
3.482000	288.237590	14332	14772	100023	0	17	8	9	0
2.217000	285.592929	8918	9177	64089	0	16	8	8	0
2.716000	286.592929	9220	9482	66598	0	16	8	8	0
3.224000	292.355339	14540	14856	107413	0	9	4	5	0
3.723000	292.254834	15306	15599	114455	0	18	8	10	0
2.579000	290.154329	11654	12115	87523	0	38	31	7	0
3.282000	291.740115	12696	13091	94738	0	29	24	5	0
1.959000	292.806133	8293	8602	60242	0	24	17	7	0
2.247000	291.149278	8689	8978	63086	0	24	16	7	1
1.939000	292.764502	9246	9507	67164	0	18	10	8	0
2.141000	292.563492	8605	8950	63172	0	30	23	7	0
1.899000	289.705627	8362	8662	60204	0	16	8	7	1
3.527000	290.325902	13680	14055	103946	0	42	36	6	0
3.315000	293.669048	13689	14063	101615	0	23	18	5	0
3.567000	295.426407	15539	15825	115512	0	29	19	10	0
7.014000	294.396970	13431	13834	102379	0	42	32	9	1
3.614000	295.840620	16917	17235	125413	0	39	34	5	0
16.696000	294.124892	18830	19155	144549	0	17	8	9	0
8.993000	293.764502	9142	9398	66165	0	23	14	8	1
2.568000	294.048773	8153	8451	58288	0	22	15	7	0
6.882000	296.735065	9732	10105	68110	0	32	26	6	0
9.614000	293.840620	19745	19923	152351	0	19	9	10	0
3.962000	294.048773	8269	8589	59987	0	14	7	7	0
2.443000	298.396970	11119	11616	85303	0	18	11	7	0
4.808000	300.669048	14940	15230	109525	0	23	15	8	0
2.571000	297.154329	10464	10946	80989	0	22	11	11	0
4.612000	299.083261	16549	16805	121414	0	17	9	7	1
2.493000	300.149278	9826	10206	68559	0	32	26	6	0
6.756000	297.894444	19217	19502	149463	0	19	11	8	0
5.986000	298.480231	19514	19771	152143	0	23	15	8	0
2.711000	299.291414	8920	9223	64259	0	26	19	7	0
4.117000	299.355339	18234	18451	133211	0	12	6	6	0
2.773000	295.811183	10725	11226	81384	0	47	37	10	0
2.224000	304.053824	11484	11955	86862	0	54	43	10	1
4.083000	300.840620	16481	16743	120627	0	18	8	10	0
5.017000	299.053824	19577	19837	150497	0	31	22	9	0
2.268000	302.977705	9331	9606	66447	0	30	22	8	0
6.810000	301.119841	9034	9343	65382	0	28	21	7	0
10.689000	305.497475	15476	15826	114688	0	49	42	7	0
3.644000	299.183766	14682	14985	109829	0	22	12	10	0
17.398000	305.355339	16045	16365	118116	0	25	20	5	0
3.658000	303.367532	12094	12558	90444	0	14	7	7	0
3.476000	301.982756	13981	14333	104747	0	43	35	8	0
2.616000	305.296465	11648	12140	88684	0	20	10	10	0
4.115000	306.639610	13958	14314	104632	0	49	40	9	0
3.495000	307.568542	14243	14601	107381	0	48	42	6	0
3.755000	308.053824	14776	15108	108573	0	41	33	8	0
4.041000	306.468037	14122	14506	104916	0	46	38	8	0
3.719000	303.154329	14538	14872	108849	0	49	39	10	0
3.541000	306.568542	15130	15462	112687	0	59	51	7	1
5.221000	305.012193	18742	18924	135714	0	16	10	6	0
3.153000	306.296465	14565	14938	110019	0	46	38	7	1
4.627000	307.740115	17543	17805	127073	0	25	19	6	0
3.643000	310.183766	15284	15615	112582	0	33	27	6	0
5.117000	311.911688	17672	17985	129787	0	49	40	9	0
3.269000	310.124892	13935	14364	103510	0	30	21	9	0
3.411000	311.710678	14570	14911	107507	0	46	40	6	0
4.684000	311.497475	15883	16237	116867	0	41	36	5	0
3.295000	310.083261	15345	15679	113183	0	40	30	10	0
4.021000	309.254834	16031	16390	118115	0	35	25	10	0
3.603000	310.195959	13789	14230	103025	0	28	18	10	0
3.558000	309.840620	15203	15532	112609	0	40	31	9	0
3.540000	311.568542	16225	16603	119564	0	57	52	5	0
3.576000	316.396970	15078	15408	111371	0	53	46	6	1
4.160000	315.982756	18783	18988	134484	0	23	16	7	0
3.850000	313.396970	14995	15324	111610	0	56	46	10	0
4.101000	313.639610	18831	19033	134771	0	21	15	6	0
4.667000	313.053824	18743	18953	134467	0	23	15	7	1
3.623000	310.882251	14452	14793	107220	0	49	40	9	0
5.134000	315.811183	18549	18819	133075	0	32	25	7	0
2.435000	314.497475	8898	9417	66133	0	15	7	7	1
2.583000	314.811183	9077	9596	67866	0	15	8	7	0
2.000000	315.225397	8036	8788	57137	0	13	6	7	0
5.504000	318.396970	17909	18179	128931	0	33	26	7	0
4.508000	318.225397	18333	18598	131727	0	21	15	6	0
4.698000	314.396970	17456	17710	126358	0	21	11	10	0
3.346000	316.154329	15317	15650	113314	0	58	48	9	1
4.718000	319.254834	17652	17935	127302	0	17	10	6	1
4.061000	317.367532	18569	18801	132669	0	11	5	6	0
2.881000	320.195959	9886	10351	73011	0	24	17	6	1
1.539000	320.740115	8296	9039	58751	0	13	7	6	0
2.667000	319.982756	9962	10453	73657	0	19	12	7	0
4.208000	316.154329	16248	16742	124416	0	23	12	11	0
3.595000	323.840620	15959	16276	115790	0	29	21	8	0
3.500000	325.053824	15554	15899	114351	0	63	55	8	0
4.319000	322.769553	16148	16478	117674	0	29	23	5	1
3.426000	324.225397	15751	16106	115289	0	55	47	8	0
5.037000	321.254834	17602	17872	127326	0	13	5	8	0
3.887000	317.769553	18950	19110	136244	0	16	6	10	0
4.580000	322.468037	19289	19485	136726	0	31	25	6	0
4.260000	322.781746	18704	18936	133051	0	10	4	6	0
3.284000	321.781746	14536	14898	107773	0	37	27	10	0
4.509000	321.426407	19084	19237	136468	0	18	9	9	0
4.953000	323.710678	18163	18422	130095	0	18	7	11	0
4.161000	325.325902	17099	17379	123508	0	20	9	11	0
4.931000	325.426407	19206	19357	136860	0	21	11	10	0
4.247000	327.296465	18854	19098	134993	0	32	24	8	0
4.844000	324.396970	17969	18241	128951	0	30	20	10	0
3.626000	323.396970	15506	15848	114503	0	62	53	9	0
4.241000	327.325902	17846	18152	129139	0	17	10	7	0
4.866000	326.325902	18336	18630	132634	0	21	14	7	0
4.652000	324.154329	17849	18150	129085	0	13	6	7	0
3.922000	325.811183	17851	18114	127813	0	35	26	9	0
4.294000	330.953319	15484	15844	114808	0	76	68	8	0
3.791000	330.497475	17543	17827	126785	0	17	11	6	0
4.834000	328.840620	18513	18782	133979	0	13	5	8	0
3.522000	326.982756	16244	16603	118848	0	53	43	10	0
4.674000	329.053824	18909	19109	133968	0	25	17	7	1
4.275000	331.911688	18252	18558	132092	0	21	15	6	0
4.734000	328.597980	19030	19187	136255	0	17	7	10	0
2.339000	329.396970	9138	9676	68373	0	15	8	7	0
2.341000	328.882251	10633	11067	78178	0	29	21	6	2
2.308000	329.468037	10434	10915	77942	0	23	15	8	0
5.219000	331.296465	18946	19150	134249	0	28	18	10	0
4.615000	336.024387	19057	19299	135653	0	23	16	7	0
5.364000	335.781746	19136	19387	136490	0	25	19	6	0
4.695000	331.083261	17294	17567	124210	0	20	9	10	1
5.020000	333.982756	19280	19451	136252	0	43	33	10	0
4.166000	330.468037	18651	18872	132895	0	24	14	10	0
4.774000	331.568542	18310	18619	132612	0	17	10	7	0
3.926000	336.254834	18010	18318	130789	0	17	11	6	0
2.834000	332.426407	11281	11647	83045	0	18	9	9	0
2.019000	332.840620	9910	10361	72067	0	19	10	9	0
4.678000	337.325902	18691	18973	134981	0	21	13	8	0
4.659000	336.195959	18722	18961	133086	0	26	15	11	0
4.173000	337.367532	18781	19028	133989	0	32	21	11	0
4.469000	333.497475	17310	17597	124507	0	19	8	11	0
3.395000	334.953319	15936	16310	117338	0	77	67	10	0
4.246000	339.911688	18223	18555	132763	0	27	21	6	0
4.917000	338.024387	18666	18899	131807	0	17	9	8	0
3.980000	338.325902	18332	18645	132963	0	21	15	6	0
3.541000	340.024387	11478	11938	85550	0	20	10	10	0
2.723000	337.539105	9559	10078	70380	0	15	8	7	0
5.434000	343.083261	18609	18877	133144	0	19	8	11	0
4.868000	340.840620	19253	19496	139377	0	15	7	8	0
5.903000	344.497475	18187	18496	131766	0	19	13	6	0
5.699000	343.982756	19062	19337	137280	0	35	29	6	0
4.541000	337.911688	18169	18443	131003	0	19	7	12	0
4.373000	342.911688	19586	19824	141636	0	23	15	8	0
2.745000	344.024387	10361	10848	76588	0	23	15	7	1
2.041000	343.953319	11402	11842	83525	0	33	25	8	0
4.410000	339.053824	15659	16088	117532	0	21	9	11	1
2.175000	342.639610	11301	11735	82871	0	29	22	7	0
4.873000	348.610173	19072	19318	134248	0	23	16	7	0
5.354000	346.639610	18822	19101	134038	0	43	36	6	1
5.590000	347.497475	19553	19788	141496	0	15	6	9	0
4.662000	346.669048	18117	18446	132167	0	21	15	6	0
4.423000	346.811183	18455	18801	134266	0	31	24	7	0
4.956000	347.124892	18751	19074	136080	0	19	12	7	0
4.469000	343.882251	19055	19354	138031	0	29	20	8	1
4.492000	345.497475	17602	17908	126556	0	17	9	7	1
3.724000	342.367532	16504	16949	124420	0	22	12	10	0
3.495000	343.497475	15179	15571	112172	0	24	13	11	0
4.845000	351.396970	18420	18720	131846	0	29	21	8	0
4.023000	351.325902	17881	18191	128054	0	27	18	9	0
4.374000	348.468037	18852	19166	136538	0	23	16	7	0
4.221000	350.095454	15134	15569	112447	0	27	14	11	2
2.538000	350.781746	11498	11943	84400	0	31	24	7	0
1.759000	351.396970	9729	10218	70206	0	17	9	8	0
3.357000	348.639610	13266	13650	97168	0	33	21	11	1
2.196000	352.740115	10243	10699	74016	0	19	12	7	0
2.557000	347.840620	11642	12047	85053	0	19	9	10	0
1.871000	351.669048	9977	10454	72275	0	18	11	7	0
6.650000	353.296465	19294	19589	139929	0	31	24	7	0
4.420000	355.497475	18084	18408	130115	0	25	18	7	0
2.510000	353.740115	9482	9982	68335	0	13	6	7	0
2.269000	353.911688	9743	10238	70367	0	15	8	7	0
2.374000	355.568542	10782	11216	78155	0	21	12	8	1
2.820000	352.740115	10584	11018	76636	0	18	9	8	1
2.246000	354.497475	10196	10656	73881	0	19	11	7	1
2.313000	353.669048	11811	12230	86231	0	20	10	10	0
3.058000	352.811183	11028	11504	80311	0	28	21	7	0
2.033000	354.396970	10445	10901	75898	0	22	15	7	0
5.009000	356.024387	18663	19012	135935	0	15	8	7	0
4.844000	358.225397	18990	19265	135816	0	42	32	10	0
3.680000	355.982756	14932	15299	110110	0	19	8	11	0
3.929000	357.325902	14172	14560	103809	0	20	9	11	0
2.867000	353.840620	12673	13072	92971	0	20	9	11	0
4.815000	357.468037	15896	16336	117407	0	24	13	11	0
3.150000	358.468037	11222	11583	81159	0	22	13	9	0
3.292000	355.882251	14073	14464	103322	0	23	12	11	0
2.105000	356.882251	10445	10901	75910	0	22	15	7	0
3.083000	357.468037	11518	11951	83979	0	33	25	8	0
5.064000	360.468037	18875	19190	135261	0	25	17	8	0
4.088000	359.781746	19015	19344	137985	0	27	18	9	0
4.637000	359.639610	18928	19220	136116	0	37	27	10	0
4.652000	361.639610	18868	19166	135169	0	35	26	9	0
4.279000	359.225397	16778	17207	123955	0	23	12	11	0
5.183000	358.811183	19027	19459	142542	0	22	11	11	0
2.324000	359.296465	12084	12497	88192	0	19	9	10	0
3.650000	358.911688	15689	16103	115959	0	23	10	12	1
2.140000	361.740115	9765	10266	70751	0	17	9	8	0
2.751000	359.781746	9939	10393	71049	0	19	11	8	0
4.262000	362.124892	19295	19579	139253	0	39	28	11	0
5.820000	362.053824	19487	19751	140491	0	45	33	12	0
4.972000	362.811183	18493	18837	133962	0	43	31	11	1
4.386000	366.438600	18483	18831	132687	0	15	7	8	0
3.143000	366.882251	11518	11951	83399	0	31	24	7	0
2.563000	364.367532	10521	10960	76125	0	22	15	7	0
2.522000	365.024387	10973	11391	79560	0	25	15	9	1
4.413000	363.053824	15056	15436	110717	0	23	11	12	0
2.054000	367.267027	10606	11046	76195	0	22	13	9	0

