0.005000	3.605551	0	0	0	1	0	0	0	0
0.001000	2.828427	0	0	0	1	0	0	0	0
0.001000	3.162278	0	0	0	1	0	0	0	0
0.001000	3.605551	0	0	0	1	0	0	0	0
0.001000	2.000000	0	0	0	1	0	0	0	0
0.000000	3.000000	0	0	0	1	0	0	0	0
0.001000	1.414214	0	0	0	1	0	0	0	0
0.001000	2.000000	0	0	0	1	0	0	0	0
0.001000	2.000000	0	0	0	1	0	0	0	0
0.001000	3.605551	0	0	0	1	0	0	0	0
0.001000	5.385165	0	0	0	1	0	0	0	0
0.001000	6.403124	0	0	0	1	0	0	0	0
0.001000	4.123106	0	0	0	1	0	0	0	0
0.001000	6.000000	0	0	0	1	0	0	0	0
0.001000	7.280110	0	0	0	1	0	0	0	0
0.001000	5.385165	0	0	0	1	0	0	0	0
0.001000	4.000000	0	0	0	1	0	0	0	0
0.001000	4.000000	0	0	0	1	0	0	0	0
0.001000	7.071068	0	0	0	1	0	0	0	0
0.000000	7.071068	0	0	0	1	0	0	0	0
0.002000	9.486833	0	0	0	1	0	0	0	0
0.001000	8.602325	0	0	0	1	0	0	0	0
0.001000	9.000000	0	0	0	1	0	0	0	0
0.001000	10.440307	0	0	0	1	0	0	0	0
0.000000	10.198039	0	0	0	1	0	0	0	0
0.001000	8.602325	0	0	0	1	0	0	0	0
0.001000	8.062258	0	0	0	1	0	0	0	0
0.001000	10.295630	0	0	0	1	0	0	0	0
0.001000	7.810250	0	0	0	1	0	0	0	0
0.001000	8.062258	0	0	0	1	0	0	0	0
0.001000	13.000000	0	0	0	1	0	0	0	0
0.001000	13.038405	0	0	0	1	0	0	0	0
0.001000	15.132746	0	0	0	1	0	0	0	0
0.001000	13.038405	0	0	0	1	0	0	0	0
0.001000	12.727922	0	0	0	1	0	0	0	0
0.001000	15.000000	0	0	0	1	0	0	0	0
0.000000	12.041595	0	0	0	1	0	0	0	0
0.000000	12.369317	0	0	0	1	0	0	0	0
0.001000	15.033296	0	0	0	1	0	0	0	0
0.001000	11.661904	0	0	0	1	0	0	0	0
0.001000	17.464249	0	0	0	1	0	0	0	0
0.024000	15.485281	4	23	26	1	2	0	1	1
0.000000	16.552945	0	0	0	1	0	0	0	0
0.001000	18.027756	0	0	0	1	0	0	0	0
0.001000	16.492423	0	0	0	1	0	0	0	0
0.001000	18.110770	0	0	0	1	0	0	0	0
0.016000	17.867957	8	27	53	1	4	0	2	2
0.020000	18.024152	5	20	29	1	3	0	1	2
0.001000	16.278821	0	0	0	1	0	0	0	0
0.000000	16.124515	0	0	0	1	0	0	0	0
0.008000	22.209345	4	12	16	1	2	0	1	1
0.010000	21.029987	4	23	26	1	3	0	2	1
0.000000	20.223748	0	0	0	1	0	0	0	0
0.001000	23.000000	0	0	0	1	0	0	0	0
0.000000	19.416488	0	0	0	1	0	0	0	0
0.001000	22.803509	0	0	0	1	0	0	0	0
0.000000	19.849433	0	0	0	1	0	0	0	0
0.011000	22.131873	7	26	46	1	5	0	2	3
0.000000	21.023796	0	0	0	1	0	0	0	0
0.017000	20.238327	5	25	42	1	3	0	1	2
0.021000	26.248931	2	25	41	1	1	0	1	0
0.014000	24.538825	5	23	37	1	3	0	1	2
0.020000	25.455808	5	21	28	1	3	0	2	1
0.001000	25.495098	0	0	0	1	0	0	0	0
0.001000	27.073973	0	0	0	1	0	0	0	0
0.001000	25.179357	0	0	0	1	0	0	0	0
0.001000	24.515301	0	0	0	1	0	0	0	0
0.000000	25.961510	0	0	0	1	0	0	0	0
0.001000	24.186773	0	0	0	1	0	0	0	0
0.001000	24.166092	0	0	0	1	0	0	0	0
0.001000	28.861739	0	0	0	1	0	0	0	0
0.016000	28.035058	12	28	53	1	4	0	3	1
0.001000	28.844410	0	0	0	1	0	0	0	0
0.017000	28.508097	4	21	30	1	2	0	1	1
0.001000	30.479501	0	0	0	1	0	0	0	0
0.015000	28.999563	5	25	49	1	4	0	2	2
0.018000	29.510157	6	38	60	1	4	0	1	3
0.017000	25.958217	8	21	39	1	3	0	3	0
0.001000	29.154759	0	0	0	1	0	0	0	0
0.001000	30.000000	0	0	0	1	0	0	0	0
0.016000	34.095474	4	21	33	1	3	0	1	2
0.012000	33.706730	7	35	41	1	4	0	3	1
0.001000	32.649655	0	0	0	1	0	0	0	0
0.016000	31.622216	11	40	75	1	4	0	3	1
0.001000	31.320920	0	0	0	1	0	0	0	0
0.012000	30.630005	6	25	44	1	3	0	1	2
0.001000	33.541020	0	0	0	1	0	0	0	0
0.001000	30.232433	0	0	0	1	0	0	0	0
0.012000	30.858414	11	30	65	1	2	0	1	1
0.001000	31.320920	0	0	0	1	0	0	0	0
0.001000	36.000000	0	0	0	1	0	0	0	0
0.017000	34.354671	11	44	103	1	5	0	3	2
0.001000	35.902646	0	0	0	1	0	0	0	0
0.014000	35.656270	8	24	41	1	3	0	2	1
0.001000	36.069378	0	0	0	1	0	0	0	0
0.019000	36.732472	4	32	57	1	3	0	1	2
0.011000	36.326725	6	23	43	1	3	0	1	2
0.001000	36.055513	0	0	0	1	0	0	0	0
0.009000	38.424187	6	32	56	1	4	0	1	3
0.018000	35.559112	5	26	47	1	3	0	1	2
0.007000	39.484517	7	17	21	1	4	0	3	1
0.013000	40.312265	8	47	76	1	5	0	3	2
0.011000	40.950360	12	43	77	1	4	0	2	2
0.002000	42.107007	0	0	0	1	0	0	0	0
0.014000	41.032299	8	36	69	1	5	0	2	3
0.001000	40.311289	0	0	0	1	0	0	0	0
0.014000	40.220462	5	32	48	1	4	0	2	2
0.010000	42.020568	6	24	44	1	5	0	2	3
0.015000	40.340038	4	17	28	1	3	0	2	1
0.013000	38.844023	9	41	74	1	5	0	4	1
0.013000	47.899495	16	38	97	1	3	0	1	2
0.011000	46.638475	7	35	44	1	3	0	1	2
0.018000	46.875298	7	37	68	1	3	0	1	2
0.001000	46.690470	0	0	0	1	0	0	0	0
0.012000	42.831797	10	33	79	1	4	0	2	2
0.014000	46.258221	11	47	108	1	5	0	2	3
0.011000	39.848195	11	34	66	1	4	0	3	1
0.000000	44.147480	0	0	0	1	0	0	0	0
0.016000	43.392967	5	19	27	1	3	0	1	2
0.017000	42.124612	5	28	51	1	3	0	1	2
0.011000	46.140523	15	23	26	1	4	0	4	0
0.010000	45.057227	12	23	25	1	6	0	5	1
0.002000	46.690470	0	0	0	1	0	0	0	0
0.012000	47.711116	7	41	80	1	5	0	2	3
0.011000	46.870058	8	24	38	1	4	0	3	1
0.012000	50.038561	15	34	88	1	5	0	2	3
0.011000	48.653583	11	39	55	1	4	0	3	1
0.012000	50.194788	11	38	59	1	3	0	1	2
0.016000	47.247054	7	28	46	1	5	0	2	3
0.015000	48.679464	5	25	32	1	2	0	1	1
0.013000	50.061642	13	23	30	1	5	0	4	1
0.011000	51.860413	4	23	38	1	3	0	1	2
0.014000	52.110972	4	18	27	1	2	0	1	1
0.015000	50.806248	8	29	49	1	3	0	2	1
0.014000	51.588991	8	37	69	1	6	0	2	4
0.017000	51.806248	11	31	62	1	3	0	2	1
0.015000	52.004595	12	30	79	1	3	0	1	2
0.011000	52.627417	14	40	82	1	4	0	1	3
0.014000	52.338428	20	40	110	1	6	0	2	4
0.013000	51.633758	9	36	67	1	4	0	3	1
0.013000	53.934399	9	23	33	1	6	0	4	2
0.014000	55.462715	11	23	33	1	5	0	3	2
0.001000	57.384667	0	0	0	1	0	0	0	0
0.021000	55.790180	17	42	75	1	5	0	3	2
0.001000	55.901699	0	0	0	1	0	0	0	0
0.016000	56.359281	20	45	109	1	6	0	2	4
0.011000	57.537319	10	39	79	1	3	0	1	2
0.018000	56.454420	6	27	49	1	2	0	1	1
0.015000	51.664795	15	35	63	1	5	0	3	2
0.002000	54.424259	0	0	0	1	0	0	0	0
0.013000	61.219544	12	48	127	1	2	0	1	1
0.001000	57.706152	0	0	0	1	0	0	0	0
0.014000	54.832826	10	46	84	1	7	0	5	2
0.011000	60.081386	9	45	75	1	4	0	2	2
0.015000	57.992438	13	39	68	1	5	0	5	0
0.011000	61.327045	6	32	44	1	4	0	2	2
0.017000	60.258850	3	37	36	1	2	0	1	1
0.017000	59.070389	10	29	68	1	6	0	2	4
0.016000	57.725247	16	42	89	1	6	0	3	3
0.002000	60.016664	0	0	0	1	0	0	0	0
0.015000	65.941125	13	51	116	1	2	0	1	1
0.020000	62.698291	10	38	76	1	2	0	2	0
0.014000	64.313708	9	30	49	1	2	0	1	1
0.001000	65.192024	0	0	0	1	0	0	0	0
0.010000	59.202508	21	38	105	1	5	0	4	1
0.018000	61.843802	13	39	97	1	5	0	2	3
0.002000	61.522354	0	0	0	1	0	0	0	0
0.016000	60.851618	25	57	162	1	6	0	4	2
0.011000	60.511647	20	45	119	1	5	0	3	2
0.017000	62.401618	11	42	58	1	4	0	4	0
0.015000	67.287810	12	27	36	1	6	0	5	1
0.002000	63.788714	0	0	0	1	0	0	0	0
0.017000	63.568964	11	39	83	1	5	0	3	2
0.013000	66.500625	9	37	57	1	6	0	3	3
0.012000	66.844752	10	35	69	1	2	0	1	1
0.012000	66.314169	14	35	86	1	4	0	3	1
0.014000	66.393251	12	41	101	1	9	0	4	5
0.002000	71.028163	0	0	0	1	0	0	0	0
0.014000	67.868843	17	43	98	1	1	0	1	0
0.013000	67.142136	6	35	51	1	5	0	3	2
0.020000	69.236921	11	25	34	1	4	0	2	2
0.014000	72.102436	12	45	103	1	4	0	2	2
0.017000	67.449760	25	54	109	1	7	0	5	2
0.021000	66.587425	21	54	119	1	8	0	6	2
0.017000	72.496705	15	37	117	1	4	0	2	2
0.001000	71.021124	0	0	0	1	0	0	0	0
0.018000	70.220462	20	52	119	1	5	0	3	2
0.022000	68.340171	23	64	149	1	8	0	5	3
0.019000	71.217740	25	52	130	1	6	0	3	3
0.015000	68.447611	7	29	33	1	4	0	2	2
0.015000	73.177620	10	26	22	1	6	0	5	1
0.018000	72.763708	23	69	199	1	9	0	6	3
0.015000	72.719398	15	49	97	1	9	0	7	2
0.014000	74.898196	15	46	115	1	3	0	2	1
0.011000	73.798111	7	37	50	1	4	0	2	2
0.020000	74.927874	8	26	48	1	3	0	1	2
0.013000	77.655373	8	40	49	1	4	0	3	1
0.023000	70.916851	33	58	118	1	6	0	4	2
0.012000	74.665621	21	47	143	1	8	0	3	5
0.002000	74.518454	0	0	0	1	0	0	0	0
0.017000	75.978386	14	29	54	1	5	0	3	2
0.014000	74.843203	12	22	19	1	7	0	6	1
0.012000	78.841351	13	36	71	1	6	0	2	4
0.012000	77.778252	14	37	80	1	6	0	3	3
0.021000	76.017465	24	54	120	1	7	0	6	1
0.008000	80.434758	7	38	48	1	4	0	2	2
0.018000	77.909432	35	56	162	1	6	0	4	2
0.019000	76.781370	46	79	198	1	8	0	7	1
0.014000	79.873067	22	47	123	1	5	0	2	3
0.018000	76.367308	6	26	50	1	4	0	2	2
0.009000	84.066144	4	33	23	1	1	0	1	0
0.020000	79.352550	29	68	217	1	8	0	6	2
0.014000	83.729474	14	49	101	1	6	0	4	2
0.010000	83.708627	12	42	83	1	7	0	3	4
0.019000	81.447699	12	39	84	1	5	0	3	2
0.018000	80.773002	49	75	215	1	8	0	6	2
0.018000	82.951684	16	49	112	1	7	0	4	3
0.013000	84.672074	7	36	52	1	4	0	2	2
0.018000	81.492994	15	40	104	1	4	0	2	2
0.016000	82.716414	28	60	123	1	6	0	4	2
0.015000	82.384959	12	23	32	1	5	0	3	2
0.011000	83.970662	22	39	85	1	8	0	7	1
0.013000	87.222207	13	40	100	1	4	0	2	2
0.023000	82.979660	38	84	276	1	11	0	6	5
0.013000	85.927557	17	50	90	1	6	0	4	2
0.014000	84.169225	16	48	98	1	8	0	6	2
0.025000	84.154716	56	88	242	1	8	0	6	2
0.017000	83.561656	21	54	124	1	10	0	7	3
0.018000	88.404030	23	53	133	1	4	0	1	3
0.016000	85.715243	19	53	119	1	4	0	2	2
0.013000	90.349583	8	21	20	1	4	0	2	2
0.016000	88.349711	9	24	25	1	5	0	2	3
0.010000	88.024955	19	35	63	1	9	0	9	0
0.016000	91.101816	11	46	79	1	6	0	3	3
0.015000	87.440930	24	64	142	1	10	0	7	3
0.018000	91.551356	10	30	46	1	5	0	4	1
0.016000	90.201719	23	50	142	1	8	0	4	4
0.016000	91.433812	22	51	127	1	6	0	3	3
0.016000	86.770249	30	79	196	1	10	0	6	4
0.016000	87.708135	12	37	83	1	5	0	3	2
0.016000	93.392828	8	22	23	1	5	0	4	1
0.008000	90.056815	15	30	38	1	10	0	8	2
0.003000	91.782351	0	0	0	1	0	0	0	0
0.026000	97.176608	28	72	203	1	7	0	5	2
0.010000	90.850467	10	27	60	1	7	0	3	4
0.011000	91.063864	13	28	65	1	7	0	3	4
0.020000	95.221540	8	36	73	1	6	0	4	2
0.020000	90.880019	25	64	158	1	10	0	8	2
0.027000	93.427369	45	76	214	1	6	0	4	2
0.019000	93.916813	30	57	179	1	10	0	3	7
0.022000	99.682230	28	65	203	1	6	0	4	2
0.016000	99.903462	7	40	66	1	5	0	2	3
0.016000	97.908648	25	61	202	1	9	0	4	5
0.020000	93.887890	21	47	106	1	4	0	3	1
0.027000	95.412160	37	62	152	1	7	0	5	2
0.020000	98.999397	9	41	80	1	7	0	3	4
0.020000	97.108685	26	60	159	1	7	0	4	3
0.021000	97.116683	43	71	177	1	7	0	5	2
0.022000	97.507074	45	69	265	1	10	0	3	7
0.017000	98.513145	22	55	117	1	7	0	4	3
0.008000	99.168255	8	22	25	1	5	0	4	1
0.011000	102.401754	8	25	32	1	2	0	2	0
0.028000	99.184507	47	94	380	1	11	0	6	5
0.038000	101.293982	28	72	170	1	8	0	5	3
0.024000	103.641243	15	53	122	1	5	0	3	2
0.031000	101.082949	35	88	213	1	6	0	4	2
0.021000	103.737443	19	53	136	1	7	0	4	3
0.026000	99.577263	20	46	109	1	4	0	3	1
0.030000	100.898421	67	96	259	1	8	0	6	2
0.022000	101.645560	46	71	187	1	7	0	5	2
0.013000	105.375253	17	41	80	1	10	0	6	4
0.012000	103.218179	17	28	41	1	7	0	6	1
0.003000	101.651365	0	0	0	1	0	0	0	0
0.028000	104.184633	48	90	300	1	10	0	6	4
0.022000	103.337764	47	84	312	1	13	0	8	5
0.014000	108.602662	20	53	125	1	7	0	4	3
0.021000	105.865144	38	88	257	1	8	0	5	3
0.020000	104.070409	10	41	67	1	7	0	4	3
0.027000	105.095135	40	66	215	1	12	0	5	7
0.023000	107.978503	37	61	198	1	7	0	4	3
0.020000	106.073412	16	34	34	1	7	0	6	1
0.016000	109.484517	7	23	33	1	4	0	3	1
0.034000	113.088367	43	73	273	1	7	0	5	2
0.041000	110.161958	61	82	308	1	10	0	6	4
0.027000	110.389362	30	69	171	1	8	0	5	3
0.039000	106.664091	68	91	283	1	7	0	5	2
0.025000	108.331612	35	79	194	1	10	0	7	3
0.023000	108.191275	30	64	176	1	8	0	5	3
0.024000	110.797961	28	61	184	1	7	0	4	3
0.024000	107.651541	38	70	190	1	8	0	6	2
0.022000	116.217561	18	45	71	1	9	0	6	3
0.026000	111.186484	12	69	114	1	5	0	2	3
0.032000	111.813822	17	60	121	1	8	0	5	3
0.040000	110.863008	68	91	271	1	7	0	5	2
0.026000	114.287995	22	54	127	1	5	0	4	1
0.039000	112.200058	59	84	257	1	6	0	4	2
0.035000	110.312723	52	72	240	1	13	0	5	8
0.037000	113.976692	62	81	242	1	6	0	3	3
0.044000	112.310065	77	98	305	1	7	0	4	3
0.025000	111.229409	78	112	390	1	11	0	6	5
0.012000	113.090022	22	38	75	1	8	0	5	3
0.025000	119.371331	29	60	128	1	8	0	5	3
0.015000	115.408489	22	40	77	1	8	0	5	3
0.018000	115.658576	7	38	48	1	1	0	1	0
0.024000	114.992665	52	78	283	1	5	0	3	2
0.019000	114.121401	21	56	102	1	7	0	4	3
0.022000	114.571909	33	54	126	1	6	0	4	2
0.027000	117.526143	66	83	265	1	7	0	5	2
0.020000	116.676245	18	58	128	1	8	0	3	5
0.030000	113.824357	61	86	269	1	6	0	4	2
0.008000	118.298110	22	39	75	1	10	0	7	3
0.016000	122.491782	18	49	92	1	7	0	4	3
0.011000	119.262301	16	40	43	1	9	0	6	3
0.010000	115.550268	12	24	19	1	7	0	7	0
0.031000	119.985599	65	102	483	1	12	0	7	5
0.016000	118.634669	19	69	187	1	10	0	5	5
0.020000	122.325504	17	46	96	1	9	0	6	3
0.020000	124.221931	35	60	169	1	10	0	6	4
0.018000	120.875281	11	45	90	1	8	0	3	5
0.025000	124.734823	69	87	305	1	9	0	5	4
0.013000	122.030713	14	25	36	1	4	0	4	0
0.012000	120.839393	17	31	59	1	5	0	4	1
0.017000	123.185559	24	49	116	1	10	0	7	3
0.011000	123.689525	22	45	90	1	12	0	8	4
0.020000	124.763946	18	59	128	1	7	0	5	2
0.018000	126.662712	13	41	57	1	5	0	3	2
0.021000	126.822102	43	60	213	1	7	0	4	3
0.000000	124.130462	49	85	247	1	10	0	5	5
0.000000	124.339752	36	69	229	1	10	0	5	5
0.020000	122.368664	40	93	240	1	10	0	6	4
0.014000	128.522969	26	50	116	1	14	0	10	4
0.018000	130.170855	22	51	100	1	7	0	4	3
0.012000	124.803863	18	29	35	1	9	0	5	4
0.013000	128.324794	23	55	107	1	12	0	8	4
0.022000	128.694211	33	67	146	1	11	0	7	4
0.018000	128.894573	19	49	86	1	7	0	3	4
0.000000	125.558197	29	98	228	1	11	0	7	4
0.000000	129.336857	27	66	213	1	10	0	5	5
0.049000	126.765594	57	97	266	1	8	0	5	3
0.032000	128.842543	80	93	316	1	14	0	6	8
0.021000	131.749325	18	43	59	1	8	0	4	4
0.019000	137.473339	14	43	62	1	5	0	3	2
0.019000	131.540185	20	68	154	1	9	0	6	3
0.017000	133.692636	17	47	103	1	10	0	6	4
0.021000	135.261414	39	65	196	1	9	0	5	4
0.001000	128.925687	63	110	374	1	10	0	6	4
0.000000	131.755692	71	109	357	1	10	0	6	4
0.000000	129.534307	74	96	293	1	6	0	4	2
0.000000	133.890309	39	68	208	1	13	0	5	8
0.034000	130.246819	78	98	285	1	7	0	5	2
0.015000	135.107149	17	31	61	1	5	0	4	1
0.013000	134.250396	27	54	88	1	11	0	6	5
0.022000	131.843907	20	50	84	1	7	0	3	4
0.020000	136.286390	18	49	91	1	7	0	4	3
0.024000	139.190723	35	63	185	1	9	0	5	4
0.022000	135.268661	49	77	265	1	10	0	5	5
0.020000	136.967464	57	92	260	1	10	0	6	4
0.022000	133.609218	60	99	290	1	12	0	7	5
0.021000	134.600949	33	70	205	1	13	0	4	9
0.025000	134.757890	39	64	215	1	7	0	3	4
0.016000	137.993334	42	71	145	1	9	0	5	4
0.011000	134.009105	20	34	45	1	11	0	6	5
0.015000	139.400952	29	59	129	1	12	0	8	4
0.016000	141.141059	27	62	131	1	10	0	7	3
0.011000	137.080626	21	42	60	1	12	0	9	3
0.017000	139.207070	17	43	57	1	8	0	2	6
0.018000	141.734248	20	59	153	1	8	0	4	4
0.036000	139.165148	112	149	576	1	11	0	8	3
0.020000	144.263561	24	61	144	1	8	0	5	3
0.020000	142.021785	39	67	226	1	9	0	5	4
0.015000	142.219314	32	60	114	1	10	0	7	3
0.017000	140.075475	36	67	122	1	10	0	6	4
0.013000	143.142338	35	65	135	1	10	0	5	5
0.016000	146.089843	7	22	28	1	5	0	1	4
0.028000	141.130227	70	108	431	1	12	0	7	5
0.018000	144.406471	16	56	122	1	8	0	5	3
0.019000	142.205939	34	55	195	1	9	0	4	5
0.040000	144.149949	122	167	664	1	10	0	8	2
0.024000	143.560668	32	74	181	1	7	0	4	3
0.019000	146.703374	36	61	177	1	9	0	5	4
0.013000	143.139988	26	42	79	1	9	0	7	2
0.013000	144.602723	25	41	78	1	9	0	6	3
0.014000	147.272689	17	31	62	1	5	0	4	1
0.014000	151.057560	29	63	141	1	10	0	5	5
0.017000	143.134345	42	71	154	1	9	0	6	3
0.015000	147.276710	32	60	117	1	10	0	5	5
0.012000	144.758725	25	53	114	1	12	0	9	3
0.020000	143.709497	19	63	152	1	9	0	5	4
0.016000	144.541154	36	79	186	1	8	0	5	3
0.024000	145.977419	52	95	304	1	12	0	8	4
0.016000	149.867627	40	69	142	1	10	0	6	4
0.017000	151.910508	30	61	178	1	10	0	6	4
0.021000	148.324694	16	44	58	1	8	0	3	5
0.015000	149.858868	7	23	31	1	5	0	3	2
0.023000	153.125495	25	56	147	1	6	0	4	2
0.022000	153.481350	25	75	167	1	9	0	6	3
0.017000	150.938623	16	50	103	1	10	0	6	4
0.028000	152.131205	82	116	403	1	11	0	7	4
0.022000	153.550852	41	95	253	1	11	0	6	5
0.025000	152.457441	66	108	379	1	11	0	7	4
0.019000	156.387467	15	42	69	1	8	0	5	3
0.018000	155.175523	27	58	148	1	14	0	8	6
0.016000	153.969148	29	63	169	1	13	0	7	6
0.016000	149.652056	26	55	125	1	15	0	10	5
0.019000	157.910715	14	57	123	1	9	0	5	4
0.029000	152.015213	68	94	316	1	13	0	8	5
0.022000	151.821183	56	95	286	1	10	0	6	4
0.024000	156.379389	51	93	332	1	11	0	6	5
0.027000	154.505631	66	119	397	1	12	0	7	5
0.025000	156.743085	78	95	284	1	10	0	4	6
0.016000	159.220804	26	58	146	1	14	0	9	5
0.017000	158.590078	35	67	183	1	16	0	8	8
0.016000	161.161056	17	42	61	1	7	0	3	4
0.019000	159.312116	23	64	181	1	8	0	5	3
0.013000	156.922223	17	51	112	1	11	0	6	5
0.011000	156.420369	17	48	117	1	11	0	7	4
0.029000	159.034749	72	118	417	1	13	0	8	5
0.012000	160.535414	13	44	92	1	10	0	5	5
0.040000	161.974912	106	145	528	1	8	0	5	3
0.015000	158.059485	36	64	185	1	15	0	6	9
0.009000	167.732845	14	41	69	1	5	0	3	2
0.015000	167.513191	17	45	76	1	8	0	6	2
0.018000	163.825696	46	75	230	1	9	0	7	2
0.029000	162.042435	76	129	492	1	12	0	7	5
0.024000	165.504065	60	79	298	1	10	0	6	4
0.022000	162.722023	44	81	297	1	11	0	6	5
0.038000	163.823923	90	135	438	1	10	0	6	4
0.035000	161.550818	88	138	488	1	10	0	6	4
0.029000	164.300583	88	135	494	1	15	0	8	7
0.028000	161.934676	61	81	302	1	10	0	5	5
0.017000	166.871121	37	65	193	1	17	0	9	8
0.016000	168.472674	35	67	177	1	10	0	8	2
0.017000	167.411843	27	59	125	1	12	0	8	4
0.029000	164.796229	83	100	331	1	13	0	8	5
0.029000	165.796229	85	103	328	1	13	0	8	5
0.034000	167.664274	109	133	483	1	14	0	6	8
0.015000	163.959884	27	60	161	1	9	0	3	6
0.050000	165.408064	83	136	484	1	11	0	7	4
0.043000	166.059714	83	123	503	1	12	0	8	4
0.041000	168.500444	107	132	450	1	12	0	5	7
0.028000	172.238952	46	100	279	1	12	0	7	5
0.021000	167.502129	38	64	195	1	14	0	7	7
0.021000	172.234683	32	71	164	1	12	0	7	5
0.031000	171.706061	52	84	344	1	11	0	6	5
0.032000	174.002257	67	90	398	1	9	0	5	4
0.033000	169.531822	85	108	327	1	12	0	7	5
0.014000	169.221088	18	56	127	1	12	0	6	6
0.044000	170.210788	138	177	683	1	11	0	8	3
0.032000	172.249418	104	145	534	1	10	0	6	4
0.034000	171.104579	104	142	492	1	10	0	6	4
0.019000	175.095941	44	70	205	1	11	0	8	3
0.014000	173.376444	54	80	280	1	16	0	9	7
0.015000	173.684417	38	65	198	1	12	0	6	6
0.019000	176.763907	24	54	100	1	6	0	3	3
0.016000	175.290837	23	60	126	1	9	0	5	4
0.023000	174.258595	43	68	195	1	12	0	6	6
0.029000	176.582237	55	82	339	1	10	0	5	5
0.022000	175.361647	43	70	264	1	9	0	5	4
0.046000	172.426731	154	186	769	1	12	0	9	3
0.019000	172.338201	33	69	192	1	9	0	4	5
0.016000	177.893455	39	67	195	1	10	0	6	4
0.017000	179.337577	44	74	215	1	9	0	6	3
0.024000	176.706576	60	102	301	1	11	0	7	4
0.017000	177.942447	35	73	175	1	11	0	6	5
0.016000	177.851500	20	52	80	1	9	0	4	5
0.015000	178.367690	37	64	167	1	11	0	8	3
0.018000	177.836912	20	55	86	1	12	0	7	5
0.022000	175.912038	48	97	278	1	14	0	10	4
0.025000	175.251882	78	117	362	1	16	0	11	5
0.042000	180.361333	144	178	668	1	12	0	8	4
0.020000	182.816694	36	80	197	1	12	0	7	5
0.021000	183.119736	52	95	249	1	11	0	6	5
0.023000	180.991253	60	102	323	1	12	0	7	5
0.016000	181.361915	41	73	208	1	18	0	10	8
0.019000	182.357491	48	73	209	1	14	0	7	7
0.018000	182.299315	57	79	254	1	16	0	7	9
0.017000	182.439221	21	51	90	1	7	0	4	3
0.023000	181.338045	60	102	279	1	13	0	10	3
0.023000	182.061429	67	88	350	1	14	0	9	5
0.022000	178.020021	59	80	285	1	11	0	7	4
0.024000	185.994258	60	103	312	1	11	0	6	5
0.016000	184.713089	49	72	196	1	16	0	8	8
0.019000	187.286154	20	57	100	1	11	0	6	5
0.021000	187.751848	50	97	263	1	10	0	4	6
0.025000	188.275659	83	116	379	1	12	0	7	5
0.026000	184.259265	86	105	348	1	13	0	8	5
0.024000	184.650664	39	79	275	1	11	0	6	5
0.019000	185.819562	60	78	296	1	9	0	4	5
0.000000	181.213384	80	106	335	1	15	0	10	5
0.000000	183.885838	45	76	278	1	8	0	6	2
0.000000	193.903466	22	55	112	1	10	0	7	3
0.000000	189.517834	52	70	219	1	16	0	8	8
0.000000	189.565590	56	99	296	1	12	0	7	5
0.001000	190.782864	53	73	303	1	12	0	7	5
0.000000	188.317464	83	105	389	1	13	0	7	6
0.033000	188.639867	52	82	292	1	16	0	7	9
0.022000	185.454771	56	81	272	1	15	0	7	8
0.018000	189.535098	33	63	185	1	10	0	4	6
0.024000	191.528456	53	89	344	1	11	0	5	6
0.027000	190.010036	66	83	330	1	10	0	6	4
0.026000	193.238952	57	109	349	1	12	0	7	5
0.019000	195.229171	28	60	120	1	11	0	5	6
0.016000	196.643385	29	63	127	1	11	0	5	6
0.038000	196.582737	117	151	613	1	13	0	7	6
0.026000	191.880105	72	97	360	1	12	0	7	5
0.018000	192.693038	55	80	258	1	10	0	4	6
0.000000	191.364123	40	98	321	1	13	0	9	4
0.017000	195.395826	26	59	143	1	13	0	8	5
0.024000	195.682852	53	82	305	1	12	0	6	6
0.027000	190.566793	82	126	376	1	16	0	10	6
0.032000	198.580995	77	113	444	1	14	0	9	5
0.025000	198.458884	60	106	378	1	11	0	6	5
0.019000	201.857301	49	80	264	1	12	0	8	4
0.021000	199.004057	27	58	104	1	9	0	4	5
0.019000	199.735319	32	66	157	1	9	0	5	4
0.015000	199.849087	67	109	329	1	14	0	6	8
0.000000	197.151541	49	96	241	1	11	0	5	6
0.018000	199.480350	50	96	256	1	10	0	7	3
0.018000	198.567449	21	53	106	1	10	0	5	5
0.034000	197.126104	71	91	408	1	9	0	5	4
0.017000	201.301800	25	55	111	1	9	0	5	4
0.021000	205.025645	58	89	314	1	13	0	8	5
0.022000	200.436415	66	94	277	1	11	0	8	3
0.018000	204.439577	26	79	167	1	13	0	8	5
0.047000	201.131672	120	149	646	1	9	0	6	3
0.033000	200.631029	77	100	440	1	9	0	5	4
0.043000	204.135145	137	159	774	1	12	0	7	5
0.036000	202.222206	113	139	637	1	14	0	9	5
0.023000	200.277548	44	99	332	1	13	0	8	5
0.027000	200.573199	73	89	382	1	15	0	10	5
0.020000	206.134969	30	67	141	1	10	0	5	5
0.017000	210.563845	21	55	103	1	12	0	7	5
0.032000	207.942225	104	135	501	1	13	0	8	5
0.023000	203.994094	64	98	262	1	12	0	10	2
0.018000	204.862349	21	52	70	1	10	0	6	4
0.030000	203.090352	73	91	385	1	8	0	5	3
0.032000	205.812040	95	124	506	1	15	0	10	5
0.026000	202.752894	73	89	355	1	13	0	8	5
0.026000	204.459976	65	95	326	1	14	0	6	8
0.028000	203.110307	83	98	372	1	16	0	8	8
0.026000	206.101070	72	101	363	1	18	0	10	8
0.029000	208.168702	88	97	391	1	10	0	5	5
0.022000	205.535098	56	80	288	1	10	0	5	5
0.036000	209.594251	109	148	502	1	16	0	10	6
0.030000	206.170288	81	101	376	1	12	0	7	5
0.030000	209.496624	82	116	429	1	11	0	7	4
0.034000	205.692849	103	132	563	1	13	0	9	4
0.024000	204.857807	72	88	371	1	14	0	9	5
0.036000	207.743598	102	134	602	1	13	0	8	5
0.037000	207.744195	105	144	679	1	13	0	9	4
0.028000	213.469156	70	99	433	1	14	0	10	4
0.041000	212.286816	135	155	720	1	14	0	9	5
1.928000	211.633720	117	142	623	1	14	0	9	5
0.044000	213.233925	131	146	698	1	13	0	8	5
0.036000	212.782567	107	133	551	1	12	0	8	4
0.037000	213.423767	111	137	533	1	12	0	8	4
0.030000	210.566397	91	101	399	1	12	0	8	4
0.041000	215.035869	120	153	657	1	12	0	7	5
0.021000	214.842852	115	146	619	1	11	0	5	6
0.021000	213.799628	124	144	676	1	13	0	9	4
0.018000	216.971384	22	52	91	1	9	0	5	4
0.017000	219.798970	25	55	102	1	7	0	4	3
0.020000	219.998816	30	72	170	1	11	0	6	5
0.042000	220.980222	133	142	619	1	10	0	7	3
0.037000	216.370335	131	165	598	1	15	0	8	7
0.042000	215.680562	120	144	686	1	14	0	8	6
0.038000	215.920009	112	136	589	1	14	0	9	5
0.035000	216.969051	103	123	493	1	12	0	8	4
0.027000	213.691545	75	98	359	1	13	0	8	5
0.037000	219.983147	113	137	537	1	10	0	5	5
0.043000	222.308713	137	152	739	1	10	0	7	3
0.019000	217.625426	44	67	237	1	12	0	6	6
0.025000	217.956171	57	85	291	1	17	0	8	9
0.040000	219.824331	114	133	635	1	12	0	6	6
0.045000	219.260637	131	147	737	1	12	0	7	5
0.059000	223.046826	201	228	1184	1	15	0	9	6
0.019000	217.727235	36	70	199	1	15	0	9	6
0.028000	221.557993	82	98	389	1	16	0	7	9
0.037000	218.964779	126	142	668	1	13	0	9	4
0.038000	220.034849	135	154	707	1	13	0	9	4
0.016000	226.729541	29	75	154	1	13	0	7	6
0.043000	227.364648	135	149	685	1	12	0	8	4
0.020000	223.810075	57	82	294	1	12	0	5	7
0.035000	223.431350	107	129	566	1	15	0	10	5
0.054000	224.868386	193	214	1052	1	14	0	9	5
0.033000	222.999297	103	124	528	1	15	0	11	4
0.039000	227.155186	120	134	603	1	13	0	9	4
0.034000	222.883102	110	139	521	1	13	0	9	4
0.030000	220.762895	85	102	371	1	17	0	9	8
0.030000	219.639042	77	94	345	1	16	0	7	9
0.039000	229.590750	135	144	610	1	15	0	10	5
0.056000	229.103983	191	208	984	1	15	0	9	6
0.023000	226.820788	60	85	316	1	18	0	8	10
0.026000	225.865900	81	98	353	1	18	0	9	9
0.028000	226.538354	80	98	371	1	17	0	7	10
0.027000	228.851937	83	104	376	1	16	0	7	9
0.025000	225.738470	79	92	350	1	17	0	8	9
0.048000	228.919271	164	199	740	1	13	0	5	8
0.039000	225.883717	120	135	619	1	14	0	9	5
0.059000	229.806199	183	192	1097	1	13	0	9	4
0.041000	232.161495	129	149	583	1	15	0	8	7
0.036000	226.988114	112	138	512	1	18	0	9	9
0.027000	229.997489	82	98	365	1	17	0	7	10
0.033000	230.005747	102	132	559	1	13	0	8	5
0.040000	232.967505	129	150	703	1	13	0	8	5
0.042000	232.910395	137	152	722	1	9	0	7	2
0.027000	233.438497	87	121	386	1	14	0	8	6
0.025000	230.812600	66	81	315	1	12	0	6	6
0.026000	226.994218	77	100	420	1	15	0	10	5
0.034000	227.342147	95	130	560	1	14	0	9	5
0.018000	237.706798	33	81	179	1	14	0	9	5
0.043000	242.180743	149	174	793	1	10	0	6	4
0.051000	238.723542	173	214	951	1	14	0	10	4
0.040000	235.238558	133	145	659	1	16	0	11	5
0.032000	234.358982	108	129	500	1	15	0	11	4
0.041000	235.262913	150	174	667	1	13	0	8	5
0.039000	236.307381	118	135	544	1	17	0	9	8
0.040000	235.134966	130	148	678	1	13	0	8	5
0.054000	235.339844	190	200	1059	1	12	0	7	5
0.043000	239.065992	143	166	796	1	13	0	8	5
0.031000	238.600951	92	129	574	1	15	0	9	6
0.026000	238.076255	86	113	369	1	13	0	8	5
0.039000	238.412427	119	159	639	1	15	0	9	6
0.021000	239.510516	137	152	724	1	11	0	8	3
0.012000	238.574559	120	143	732	1	15	0	10	5
0.033000	237.139752	102	126	543	1	15	0	9	6
0.020000	234.874496	48	72	262	1	13	0	6	7
0.039000	239.152030	120	137	544	1	17	0	9	8
0.045000	242.545780	146	177	749	1	12	0	6	6
0.026000	236.249743	76	94	308	1	14	0	8	6
0.019000	247.727946	37	77	223	1	11	0	6	5
0.045000	244.031588	152	177	734	1	15	0	11	4
0.049000	244.013546	165	193	912	1	15	0	10	5
0.028000	244.824620	86	118	412	1	13	0	6	7
0.036000	244.254652	116	130	543	1	15	0	11	4
0.034000	247.238447	133	149	561	1	13	0	9	4
0.024000	238.365074	70	87	295	1	14	0	8	6
0.034000	243.269890	116	143	574	1	17	0	13	4
0.039000	242.217975	131	147	585	1	14	0	9	5
0.037000	243.019370	137	143	552	1	13	0	8	5
0.025000	245.159610	69	88	344	1	14	0	7	7
0.026000	247.533681	81	106	405	1	12	0	6	6
0.034000	247.523079	103	125	490	1	15	0	10	5
0.033000	244.050083	95	122	439	1	20	0	11	9
0.051000	246.266133	176	202	885	1	14	0	6	8
0.050000	249.468594	196	197	893	1	11	0	5	6
0.049000	247.156199	182	203	869	1	15	0	11	4
0.027000	246.972468	88	99	362	1	17	0	8	9
0.043000	249.930987	137	161	801	1	15	0	9	6
0.041000	248.013147	138	160	695	1	12	0	9	3
0.041000	253.971537	139	166	781	1	15	0	10	5
0.054000	252.285810	188	201	1116	1	15	0	9	6
0.035000	252.756657	103	127	527	1	15	0	10	5
0.039000	251.478793	129	143	566	1	18	0	9	9
0.038000	249.237159	115	139	529	1	19	0	10	9
0.037000	249.279598	112	133	522	1	19	0	10	9
0.028000	248.802101	89	113	377	1	19	0	9	10
0.058000	251.972963	199	211	1123	1	13	0	9	4
0.055000	250.486925	194	217	1055	1	15	0	10	5
0.050000	251.140518	160	195	1054	1	15	0	9	6
0.041000	254.739226	151	174	860	1	17	0	13	4
0.042000	252.886333	136	145	669	1	16	0	12	4
0.035000	255.892600	130	137	565	1	16	0	11	5
0.034000	254.817753	115	130	548	1	17	0	12	5
0.033000	253.771608	124	135	535	1	15	0	10	5
0.031000	253.133556	101	134	483	1	16	0	11	5
0.035000	253.137642	115	138	520	1	17	0	10	7
0.046000	258.027501	167	182	887	1	12	0	6	6
0.027000	254.687385	80	107	392	1	14	0	7	7
0.056000	254.231346	187	193	1027	1	14	0	8	6
0.026000	261.455616	64	100	363	1	16	0	9	7
0.057000	259.940319	210	227	1041	1	15	0	10	5
0.041000	256.042498	138	149	663	1	17	0	12	5
0.037000	261.157355	131	150	577	1	15	0	9	6
0.037000	257.180223	125	138	539	1	18	0	9	9
0.026000	255.041509	76	95	319	1	14	0	8	6
0.032000	259.714761	101	132	447	1	16	0	7	9
0.036000	258.430489	108	147	507	1	18	0	9	9
0.055000	255.234641	192	198	1026	1	14	0	8	6
0.033000	256.170870	104	128	522	1	16	0	11	5
0.033000	267.079843	100	135	584	1	17	0	12	5
0.030000	262.567539	89	116	420	1	12	0	6	6
0.031000	264.449691	104	133	515	1	17	0	12	5
0.030000	261.051722	99	138	482	1	19	0	9	10
0.038000	261.763187	122	152	613	1	14	0	8	6
0.023000	261.602883	73	101	375	1	16	0	9	7
0.035000	262.844664	107	133	539	1	15	0	10	5
0.029000	261.206173	92	121	408	1	21	0	12	9
0.032000	261.642380	107	143	520	1	16	0	11	5
0.030000	260.735108	91	120	457	1	14	0	7	7
0.038000	264.870697	142	165	652	1	18	0	14	4
0.053000	269.094566	200	215	1030	1	15	0	10	5
0.030000	264.771227	91	120	459	1	14	0	7	7
0.032000	264.060693	115	138	509	1	16	0	10	6
0.000000	264.260521	111	147	511	1	20	0	12	8
0.000000	265.489347	97	128	426	1	18	0	8	10
0.000000	263.936585	127	151	609	1	15	0	7	8
0.000000	266.728104	103	138	512	1	13	0	6	7
0.032000	268.558087	143	168	640	1	17	0	13	4
0.060000	265.998832	189	192	982	1	14	0	8	6
0.031000	272.852459	80	117	442	1	14	0	8	6
0.032000	267.793647	109	141	531	1	17	0	13	4
0.034000	268.066132	112	134	521	1	18	0	8	10
0.034000	271.239986	116	139	532	1	15	0	9	6
0.030000	268.467481	94	125	457	1	14	0	7	7
0.046000	270.625893	165	200	926	1	16	0	10	6
0.050000	270.880576	188	205	1019	1	16	0	10	6
0.047000	269.283533	154	189	869	1	18	0	13	5
0.029000	270.701061	88	114	444	1	14	0	7	7
0.024000	268.462964	80	109	388	1	15	0	9	6
0.037000	276.534225	106	139	593	1	17	0	9	8
0.029000	276.090465	84	113	447	1	15	0	10	5
0.043000	272.726393	149	169	742	1	17	0	12	5
0.035000	274.845799	116	152	552	1	18	0	11	7
0.034000	272.919276	116	130	535	1	17	0	12	5
0.034000	272.087659	100	128	480	1	13	0	6	7
0.026000	273.310355	90	110	383	1	19	0	9	10
0.024000	273.585507	75	92	386	1	15	0	8	7
0.023000	272.247114	74	91	366	1	15	0	8	7
0.023000	273.168905	75	93	379	1	13	0	7	6
0.036000	277.672289	103	138	563	1	15	0	8	7
0.033000	278.054586	86	125	526	1	18	0	11	7
0.054000	278.784102	195	224	1144	1	17	0	12	5
0.691000	275.878251	152	188	829	1	18	0	13	5
0.033000	272.566556	88	99	367	1	18	0	9	9
0.041000	276.790840	107	138	501	1	14	0	7	7
0.061000	278.479910	195	210	1131	1	16	0	11	5
0.039000	279.967609	129	136	578	1	16	0	12	4
0.029000	274.944725	79	107	395	1	16	0	9	7
0.025000	276.355723	82	114	413	1	16	0	10	6
0.045000	285.985202	158	178	832	1	13	0	8	5
0.046000	286.331293	155	173	817	1	17	0	12	5
0.034000	282.013349	98	127	514	1	16	0	10	6
0.036000	284.109799	124	146	640	1	14	0	8	6
0.025000	281.025916	72	87	356	1	15	0	8	7
0.022000	281.422603	73	101	380	1	16	0	9	7
0.024000	282.261880	82	114	410	1	16	0	9	7
0.029000	280.841143	70	87	356	1	15	0	8	7
0.022000	280.218289	72	88	366	1	15	0	9	6
0.046000	282.865868	148	160	857	1	17	0	10	7
0.044000	286.458183	148	165	808	1	14	0	8	6
0.046000	288.625121	155	173	831	1	17	0	11	6
0.043000	286.164965	138	154	792	1	18	0	12	6
0.045000	288.843968	168	191	896	1	16	0	10	6
0.034000	286.943601	194	210	1137	1	16	0	11	5
0.024000	284.357017	76	102	365	1	15	0	9	6
0.024000	282.430500	74	90	371	1	15	0	8	7
0.027000	283.894970	91	118	435	1	14	0	7	7
0.054000	286.320760	195	220	1174	1	17	0	12	5
0.024000	283.692679	71	87	355	1	15	0	8	7
0.035000	291.513452	101	139	617	1	18	0	11	7
0.046000	293.074059	154	173	758	1	15	0	10	5
0.032000	289.290720	87	126	536	1	19	0	13	6
0.046000	291.478433	160	177	781	1	14	0	9	5
0.028000	287.096411	92	121	448	1	14	0	7	7
0.053000	289.304232	193	202	1031	1	14	0	9	5
0.051000	290.137588	193	216	1044	1	15	0	10	5
0.024000	288.034650	75	104	392	1	16	0	9	7
0.050000	293.011281	195	202	913	1	14	0	10	4
0.029000	286.765595	82	110	398	1	18	0	13	5
0.028000	294.492015	82	111	417	1	17	0	11	6
0.045000	293.692333	159	176	804	1	16	0	12	4
0.053000	290.997560	194	220	1125	1	17	0	12	5
0.023000	291.491234	78	103	396	1	15	0	9	6
0.023000	289.965149	74	103	388	1	16	0	9	7
0.044000	297.417388	151	168	818	1	17	0	11	6
0.044000	292.733965	152	169	802	1	18	0	12	6
0.046000	299.591484	163	186	892	1	16	0	9	7
0.034000	294.809879	99	128	528	1	16	0	8	8
0.043000	294.442597	146	155	792	1	18	0	10	8
0.037000	297.844817	114	142	677	1	18	0	12	6
0.042000	297.893599	143	155	802	1	18	0	10	8
0.043000	299.384248	150	162	867	1	17	0	10	7
0.041000	298.986480	148	156	750	1	16	0	9	7
0.041000	296.287317	136	149	711	1	16	0	11	5
0.042000	295.302276	146	155	797	1	19	0	13	6
0.041000	298.195814	145	154	821	1	18	0	11	7
0.053000	298.450258	201	212	963	1	15	0	9	6
0.044000	296.933636	147	160	876	1	17	0	10	7
0.049000	300.110415	185	194	890	1	15	0	9	6
0.048000	303.350920	155	172	820	1	17	0	10	7
0.047000	303.826946	176	196	913	1	17	0	11	6
0.039000	300.030106	134	148	701	1	16	0	10	6
0.040000	301.667002	143	152	736	1	16	0	8	8
0.044000	303.003363	154	170	820	1	16	0	9	7
0.042000	302.357827	150	167	791	1	19	0	12	7
0.039000	302.045298	153	171	765	1	19	0	13	6
0.040000	300.212473	129	146	682	1	17	0	11	6
0.042000	302.015247	153	170	789	1	18	0	12	6
0.044000	302.879220	158	175	879	1	16	0	9	7
0.041000	307.342890	148	156	816	1	17	0	10	7
0.051000	308.656665	195	202	877	1	16	0	10	6
0.040000	304.599520	146	155	797	1	19	0	13	6
0.050000	306.383042	195	202	910	1	15	0	8	7
0.052000	306.027553	195	202	876	1	16	0	9	7
0.040000	301.031397	143	152	723	1	18	0	12	6
0.051000	308.237381	196	199	895	1	16	0	11	5
0.020000	307.598693	46	87	262	1	15	0	9	6
0.019000	307.930912	46	87	266	1	15	0	9	6
0.017000	306.683824	43	87	256	1	14	0	9	5
0.050000	310.052359	191	198	877	1	17	0	9	8
0.052000	309.986794	200	201	935	1	14	0	9	5
0.000000	306.658344	181	190	843	1	16	0	11	5
0.035000	307.782587	149	161	785	1	18	0	12	6
0.051000	311.661896	192	201	930	1	16	0	10	6
0.049000	310.847860	194	195	890	1	14	0	8	6
0.020000	313.962510	46	91	270	1	14	0	8	6
0.016000	313.976034	41	77	210	1	15	0	8	7
0.028000	311.311531	49	93	289	1	16	0	10	6
0.039000	308.651963	128	167	758	1	16	0	12	4
0.046000	316.990715	158	181	856	1	17	0	9	8
0.042000	315.490651	151	159	784	1	18	0	12	6
0.045000	316.837840	165	188	900	1	16	0	9	7
0.043000	314.771171	152	169	798	1	17	0	9	8
0.048000	313.521094	190	199	918	1	17	0	12	5
0.050000	311.126931	193	206	906	1	16	0	12	4
0.051000	314.053209	201	208	943	1	15	0	9	6
0.048000	316.802026	194	195	850	1	13	0	9	4
0.039000	310.912658	140	152	739	1	18	0	12	6
0.050000	313.841723	197	210	928	1	16	0	12	4
0.048000	316.440078	191	192	854	1	17	0	12	5
0.047000	317.283747	173	194	825	1	20	0	14	6
0.049000	317.912822	196	209	863	1	17	0	12	5
0.048000	319.929910	196	199	838	1	17	0	12	5
0.049000	315.588905	191	195	854	1	16	0	12	4
0.041000	314.296351	149	157	761	1	19	0	13	6
0.049000	319.578560	183	192	886	1	16	0	11	5
0.049000	318.805517	191	213	951	1	18	0	12	6
0.049000	316.223009	188	198	923	1	16	0	11	5
0.048000	317.644435	193	200	883	1	17	0	12	5
0.042000	320.783234	146	160	820	1	20	0	13	7
0.048000	321.993631	184	193	856	1	17	0	11	6
0.049000	321.196634	194	216	951	1	17	0	12	5
0.042000	319.647446	153	165	766	1	20	0	13	7
0.008000	320.411166	196	203	851	1	15	0	9	6
0.000000	323.149909	197	202	851	1	15	0	9	6
0.000000	321.288208	196	209	906	1	17	0	12	5
0.000000	321.587089	46	87	265	1	15	0	9	6
0.024000	319.659222	57	98	366	1	17	0	9	8
0.021000	320.421621	50	93	312	1	15	0	11	4
0.059000	323.367930	196	203	853	1	17	0	12	5
0.047000	329.370070	195	204	802	1	16	0	10	6
0.047000	328.746642	195	196	804	1	14	0	9	5
0.048000	322.672673	184	194	843	1	18	0	13	5
0.048000	327.060331	196	207	880	1	18	0	12	6
0.048000	322.959371	195	202	860	1	17	0	12	5
0.050000	324.533439	185	207	878	1	17	0	12	5
0.049000	327.919981	196	202	881	1	16	0	10	6
0.027000	324.728401	75	104	389	1	16	0	12	4
0.018000	325.362255	44	79	220	1	17	0	12	5
0.048000	328.452119	187	209	865	1	18	0	12	6
0.048000	327.905098	191	192	824	1	17	0	12	5
0.045000	329.325378	192	193	831	1	18	0	12	6
0.045000	325.265032	183	193	837	1	18	0	14	4
0.041000	324.191057	145	153	750	1	20	0	13	7
0.047000	330.938600	186	195	845	1	16	0	11	5
0.049000	330.477075	195	196	837	1	15	0	9	6
0.045000	329.461098	191	196	779	1	16	0	9	7
0.028000	332.566134	78	108	467	1	16	0	11	5
0.020000	330.131383	45	86	264	1	16	0	10	6
0.047000	334.629448	190	212	873	1	18	0	14	4
0.039000	333.184729	199	215	918	1	18	0	12	6
0.050000	335.380759	197	202	836	1	16	0	10	6
0.049000	336.325750	204	215	825	1	17	0	10	7
0.045000	329.869534	184	206	825	1	19	0	14	5
0.050000	335.101147	201	213	975	1	18	0	12	6
0.021000	335.195977	49	92	285	1	15	0	11	4
0.024000	333.589547	60	96	356	1	17	0	11	6
0.038000	330.395218	119	162	695	1	19	0	13	6
0.024000	334.266005	66	100	387	1	17	0	10	7
0.047000	341.855585	196	197	763	1	16	0	10	6
0.050000	338.343731	198	200	839	1	16	0	10	6
0.048000	339.660324	196	208	925	1	18	0	11	7
0.051000	338.261361	187	196	808	1	16	0	11	5
0.047000	337.630187	184	193	809	1	16	0	11	5
0.049000	339.449226	191	213	926	1	18	0	12	6
0.047000	335.207539	187	209	884	1	19	0	12	7
0.047000	336.659641	187	196	827	1	17	0	11	6
0.038000	333.655966	125	162	758	1	17	0	11	6
0.034000	334.647510	112	137	556	1	19	0	14	5
0.049000	341.840097	194	197	818	1	17	0	10	7
0.047000	341.827915	185	194	820	1	18	0	13	5
0.049000	340.036119	191	213	937	1	18	0	12	6
0.031000	342.665267	101	132	542	1	17	0	11	6
0.023000	340.297641	59	96	345	1	17	0	10	7
0.017000	343.460550	44	82	219	1	19	0	12	7
0.025000	339.178403	89	104	430	1	18	0	12	6
0.018000	342.821445	45	77	205	1	16	0	10	6
0.027000	340.142615	84	106	410	1	18	0	13	5
0.019000	343.225804	56	92	250	1	18	0	12	6
0.049000	343.924422	193	215	935	1	18	0	12	6
0.047000	346.575154	187	196	796	1	18	0	12	6
0.016000	344.488700	44	77	208	1	15	0	10	5
0.017000	344.645639	46	83	229	1	17	0	11	6
0.016000	345.678138	49	83	239	1	17	0	12	5
0.015000	343.466140	49	83	228	1	17	0	12	5
0.016000	345.174950	47	83	212	1	17	0	12	5
0.026000	344.967489	77	98	381	1	18	0	12	6
0.023000	343.005477	68	96	320	1	18	0	11	7
0.020000	344.354437	58	94	266	1	18	0	13	5
0.049000	347.985480	188	198	899	1	17	0	12	5
0.046000	349.666419	199	210	768	1	20	0	13	7
0.030000	346.325149	102	126	507	1	18	0	13	5
0.027000	348.023089	92	109	435	1	18	0	13	5
0.025000	345.964469	90	109	417	1	17	0	13	4
0.039000	348.571889	133	166	675	1	20	0	14	6
0.024000	348.624140	75	103	365	1	19	0	13	6
0.029000	346.614751	103	120	511	1	19	0	14	5
0.019000	347.422725	58	94	267	1	18	0	13	5
0.021000	347.446638	58	87	280	1	19	0	12	7
0.048000	352.308662	186	208	856	1	19	0	13	6
0.049000	351.346914	185	207	858	1	19	0	14	5
0.050000	349.381144	193	194	754	1	18	0	12	6
0.046000	350.986887	195	198	754	1	17	0	10	7
0.034000	350.666419	124	155	611	1	19	0	13	6
0.041000	348.907435	156	186	844	1	19	0	13	6
0.029000	350.142615	94	111	461	1	18	0	13	5
0.032000	350.589785	110	148	581	1	21	0	15	6
0.017000	354.373561	43	81	219	1	19	0	13	6
0.017000	351.101479	45	77	193	1	18	0	12	6
0.045000	352.171477	183	205	838	1	20	0	14	6
0.048000	354.355818	194	210	855	1	20	0	15	5
0.046000	352.689188	185	194	790	1	19	0	14	5
0.045000	358.315771	183	193	809	1	18	0	11	7
0.021000	355.690990	59	87	269	1	17	0	10	7
0.021000	355.263605	57	91	245	1	17	0	11	6
0.018000	356.404257	49	83	215	1	18	0	14	4
0.033000	353.482652	102	127	513	1	21	0	15	6
0.019000	359.157333	49	83	216	1	17	0	13	4

