0.007000	3.605551	3	19	21	3	0	0	0	0
0.003000	2.828427	2	14	13	2	0	0	0	0
0.003000	3.162278	3	17	20	3	0	0	0	0
0.003000	3.605551	3	19	25	3	0	0	0	0
0.003000	2.000000	2	12	10	2	0	0	0	0
0.002000	3.000000	3	15	17	3	0	0	0	0
0.003000	1.414214	1	6	2	1	0	0	0	0
0.001000	2.000000	2	11	8	2	0	0	0	0
0.003000	2.000000	2	12	10	2	0	0	0	0
0.005000	3.605551	3	19	23	3	0	0	0	0
0.006000	5.385165	7	27	45	5	0	0	0	0
0.007000	6.403124	5	29	47	5	0	0	0	0
0.005000	4.123106	4	20	26	4	0	0	0	0
0.003000	6.000000	6	24	40	6	0	0	0	0
0.006000	7.280110	11	33	66	7	0	0	0	0
0.005000	5.385165	7	27	45	5	0	0	0	0
0.003000	4.000000	4	18	23	4	0	0	0	0
0.004000	4.000000	4	18	23	4	0	0	0	0
0.006000	7.071068	7	29	63	7	0	0	0	0
0.004000	7.071068	5	29	40	5	0	0	0	0
0.012000	9.486833	20	49	114	9	0	0	0	0
0.006000	8.602325	12	40	70	7	0	0	0	0
0.007000	9.000000	9	33	62	9	0	0	0	0
0.012000	10.440307	23	55	131	10	0	0	0	0
0.010000	10.198039	17	47	100	10	0	0	0	0
0.009000	8.602325	12	42	86	7	0	0	0	0
0.008000	8.062258	14	42	80	7	0	0	0	0
0.011000	10.295630	23	57	136	9	0	0	0	0
0.007000	7.810250	6	34	59	6	0	0	0	0
0.005000	8.062258	8	32	69	8	0	0	0	0
0.017000	13.000000	40	82	218	12	0	0	0	0
0.015000	13.038405	33	75	199	11	0	0	0	0
0.108000	15.132746	31	73	197	15	0	0	0	0
0.008000	13.038405	13	47	133	13	0	0	0	0
0.008000	12.727922	9	48	84	9	0	0	0	0
0.018000	15.000000	34	82	233	12	0	0	0	0
0.006000	12.041595	9	49	93	9	0	0	0	0
0.013000	12.369317	31	69	172	12	0	0	0	0
0.007000	15.033296	15	53	150	15	0	0	0	0
0.016000	11.661904	28	66	178	10	0	0	0	0
0.024000	17.464249	62	112	326	17	0	0	0	0
0.012000	15.193485	23	65	149	12	1	0	1	0
0.022000	16.552945	66	118	358	15	0	0	0	0
0.012000	18.027756	18	62	204	18	0	0	0	0
0.021000	16.492423	56	99	293	16	0	0	0	0
0.018000	18.110770	40	88	240	18	0	0	0	0
0.029000	17.152404	79	141	453	15	2	1	1	0
0.022000	17.841397	61	108	321	17	1	0	1	0
0.008000	16.278821	12	64	143	12	0	0	0	0
0.021000	16.126582	48	94	279	14	1	0	0	1
0.032000	22.000330	106	148	449	20	1	0	1	0
0.030000	21.134392	70	124	391	18	2	1	1	0
0.022000	20.223748	63	117	351	20	0	0	0	0
0.012000	23.000000	23	75	187	23	0	0	0	0
0.024000	19.416488	73	123	377	19	0	0	0	0
0.028000	22.987025	71	137	464	18	1	0	0	1
0.018000	19.849433	36	93	263	15	0	0	0	0
0.025000	21.963698	83	137	424	21	2	1	1	0
0.040000	21.023796	107	171	610	19	0	0	0	0
0.028000	20.046897	80	143	448	19	1	0	1	0
0.028000	26.248931	56	132	408	20	1	0	1	0
0.036000	24.280110	117	194	688	22	1	0	1	0
0.042000	24.836419	133	194	755	22	2	0	2	0
0.038000	25.495098	119	186	648	25	0	0	0	0
0.646000	27.073973	67	133	439	27	0	0	0	0
0.049000	25.179357	83	147	473	25	0	0	0	0
0.050000	24.515301	116	182	623	24	0	0	0	0
0.056000	25.961510	153	227	802	25	0	0	0	0
0.032000	24.186773	79	141	439	24	0	0	0	0
0.049000	24.166092	142	211	754	22	0	0	0	0
0.064000	28.980244	160	225	797	28	1	0	0	1
0.077000	27.898009	311	363	1544	22	3	0	3	0
0.048000	28.931184	147	232	913	24	1	0	0	1
0.031000	28.134058	106	185	681	22	1	1	0	0
0.035000	30.479501	84	171	612	23	0	0	0	0
0.039000	28.687354	133	203	689	27	2	0	2	0
0.031000	28.730919	86	167	564	23	1	0	1	0
0.034000	26.122417	138	202	637	25	3	1	2	0
0.059000	29.154759	215	300	1182	27	0	0	0	0
0.012000	30.000000	30	96	256	30	0	0	0	0
0.050000	32.918896	170	260	995	28	1	0	1	0
0.055000	32.898569	200	271	1024	32	3	1	2	0
0.069000	32.649655	236	332	1430	29	0	0	0	0
0.093000	31.080305	381	482	1961	26	3	0	3	0
0.057000	31.320920	231	318	1274	30	0	0	0	0
0.056000	30.533651	195	280	1095	29	1	0	1	0
0.054000	33.541020	205	291	1147	33	0	0	0	0
0.043000	30.233593	149	241	933	25	1	0	0	1
0.043000	30.415145	149	226	927	29	1	0	1	0
0.057000	31.320920	231	319	1251	30	0	0	0	0
0.014000	36.000000	36	114	322	36	0	0	0	0
0.130000	33.426847	510	644	2823	30	3	0	3	0
0.068000	35.902646	271	371	1513	35	0	0	0	0
0.068000	35.649886	284	365	1388	28	2	0	2	0
0.019000	36.069378	26	134	372	26	0	0	0	0
0.103000	36.364649	314	425	1888	33	1	0	1	0
0.085000	36.223038	303	410	1801	32	1	0	1	0
0.029000	36.055513	94	178	673	36	0	0	0	0
0.059000	36.643317	202	304	1259	30	1	0	1	0
0.042000	35.536585	158	235	925	35	1	1	0	0
0.046000	40.267625	155	245	971	39	3	1	2	0
0.067000	40.283524	235	337	1335	37	2	1	1	0
0.151000	39.719321	565	717	3284	35	2	0	2	0
0.045000	42.107007	163	263	1110	42	0	0	0	0
0.076000	40.835636	272	394	1721	33	1	0	1	0
0.059000	40.311289	229	329	1376	40	0	0	0	0
0.079000	38.205635	263	348	1443	36	2	0	2	0
0.084000	40.968982	289	396	1746	36	1	0	1	0
0.073000	39.981209	220	322	1335	36	2	0	2	0
0.077000	38.894050	248	360	1589	33	3	0	3	0
0.079000	45.559804	311	426	1880	45	1	0	1	0
0.066000	46.124784	215	342	1534	35	1	0	1	0
0.023000	46.513074	206	332	1482	35	1	1	0	0
0.000000	46.690470	93	231	842	34	0	0	0	0
0.000000	42.638498	203	299	1172	42	2	0	2	0
0.108000	43.839688	400	512	2346	40	2	0	2	0
0.133000	39.774893	489	636	2870	37	3	0	3	0
0.102000	44.147480	416	516	2347	43	0	0	0	0
0.039000	42.850566	106	234	801	33	1	0	1	0
0.105000	41.658272	424	544	2498	38	1	0	1	0
0.115000	46.981410	490	528	2656	45	4	1	3	0
0.103000	44.801913	420	475	2238	42	4	1	2	1
0.091000	46.690470	396	515	2311	46	0	0	0	0
0.053000	47.315154	165	293	1137	37	2	0	1	1
0.109000	45.851037	480	574	2513	38	2	0	2	0
0.126000	47.650034	532	659	3063	45	1	1	0	0
0.179000	48.940490	600	728	3835	40	3	1	1	1
0.118000	50.160453	471	600	3106	41	1	0	1	0
0.105000	46.186126	402	509	2253	43	1	0	1	0
0.108000	48.526204	396	526	2518	40	1	1	0	0
0.098000	50.802942	451	525	2519	46	4	1	2	1
0.114000	51.313723	388	523	2441	45	1	0	1	0
0.041000	51.333715	115	268	883	39	1	0	1	0
0.091000	50.068884	394	498	2189	47	1	0	1	0
0.151000	51.078298	611	739	3555	48	1	0	1	0
0.129000	50.536406	532	658	3105	48	2	1	1	0
0.146000	50.283733	592	740	3554	47	1	0	1	0
0.139000	50.885799	493	629	3185	42	1	1	0	0
0.131000	51.420750	532	667	3117	49	1	1	0	0
0.089000	51.579739	370	476	1754	51	3	0	3	0
0.084000	54.738573	349	452	2140	53	4	2	2	0
0.097000	55.961370	408	480	2277	54	3	0	1	2
0.098000	57.384667	277	440	2109	43	0	0	0	0
0.191000	55.286447	712	840	3708	51	3	0	3	0
0.133000	55.901699	511	614	2879	55	0	0	0	0
0.229000	54.244289	647	794	3910	52	1	0	1	0
0.054000	57.245158	157	274	1181	57	1	0	1	0
0.317000	55.859526	626	793	4079	47	1	1	0	0
0.298000	50.910216	723	841	3765	46	2	0	2	0
0.295000	54.750024	718	864	4149	51	1	0	0	1
0.137000	61.152946	220	369	1418	61	1	0	1	0
0.249000	57.706152	570	696	3404	57	0	0	0	0
0.204000	56.179059	575	694	3253	50	5	1	4	0
0.119000	59.641062	420	515	2274	59	2	0	2	0
0.166000	59.490796	676	793	3830	49	5	1	4	0
0.083000	60.990966	280	383	1728	60	2	0	2	0
0.210000	60.113392	492	653	3450	47	1	1	0	0
0.306000	57.300072	767	926	4711	52	1	0	1	0
0.251000	57.578168	799	927	5227	50	3	1	2	0
0.208000	60.016664	666	819	4062	59	0	0	0	0
0.299000	61.029648	945	1107	5653	56	1	0	1	0
0.857000	62.851596	309	430	1837	58	2	1	1	0
0.100000	63.853721	361	476	2009	60	1	0	1	0
0.137000	65.192024	378	565	2829	49	0	0	0	0
0.295000	59.004442	1153	1303	6497	56	4	1	3	0
0.215000	61.350081	750	907	4580	59	2	1	1	0
0.138000	61.522354	576	728	3606	61	0	0	0	0
0.142000	60.528313	1041	1180	5963	58	4	0	3	1
0.212000	59.939280	931	1084	5159	54	2	0	2	0
0.132000	62.401618	521	666	2811	49	4	0	4	0
0.124000	68.128697	467	568	2626	64	6	1	4	1
0.209000	63.788714	881	1047	5274	62	0	0	0	0
0.139000	63.193112	605	736	3162	62	3	0	3	0
0.208000	64.467080	650	785	4034	59	2	0	2	0
0.089000	66.732605	334	467	2055	62	1	0	1	0
0.175000	65.686720	684	847	3910	56	2	0	2	0
0.218000	64.949394	761	926	4693	59	3	1	2	0
0.054000	71.028163	187	292	1466	71	0	0	0	0
0.216000	67.868843	743	894	4450	58	1	0	1	0
0.056000	66.717301	209	314	1437	65	3	1	2	0
0.133000	70.138380	553	658	3284	68	3	2	1	0
0.550000	71.530529	446	606	2767	61	2	1	1	0
0.390000	66.536491	1371	1553	7852	62	4	1	3	0
0.274000	67.593575	1047	1208	6099	59	5	1	4	0
0.323000	69.541479	1135	1300	6989	64	2	2	0	0
0.288000	71.210843	1031	1238	7073	60	1	0	0	1
0.209000	68.939530	876	1016	5215	65	3	1	2	0
0.291000	67.782808	1142	1315	6714	61	4	0	4	0
0.315000	69.563835	1348	1534	7726	66	2	0	2	0
0.201000	68.046955	597	762	3781	59	2	0	2	0
0.188000	73.539904	743	840	4175	68	5	1	4	0
0.505000	71.685030	1898	2139	12262	63	5	1	4	0
0.213000	74.157432	857	1014	5179	60	7	3	4	0
0.000000	74.873355	353	500	2217	71	2	1	1	0
0.127000	72.125584	637	773	3656	71	2	0	2	0
0.357000	72.860028	1286	1444	7746	67	2	0	2	0
0.121000	77.610767	500	643	2885	74	3	0	3	0
0.402000	70.601386	1734	1960	10317	63	4	0	4	0
0.392000	72.054265	1116	1294	6995	64	2	1	1	0
0.169000	74.518454	615	811	4587	57	0	0	0	0
0.176000	77.516750	779	875	4552	74	3	2	1	0
0.132000	76.375325	608	717	3405	73	6	2	4	0
0.254000	76.090471	928	1074	5628	72	3	0	2	1
0.234000	76.394741	938	1120	5480	69	2	0	2	0
0.297000	75.972144	1295	1487	7737	66	6	3	3	0
0.000000	80.386830	739	961	5566	62	2	0	2	0
0.395000	74.498023	1717	1917	10350	70	4	1	3	0
0.461000	76.073561	2300	2449	13953	72	7	1	6	0
0.859000	77.242181	971	1141	6070	70	2	0	2	0
0.272000	76.499048	967	1159	6590	64	2	1	1	0
0.270000	84.066144	1086	1275	6929	83	1	0	1	0
0.509000	78.341371	1969	2220	12622	66	5	0	5	0
0.136000	83.228014	605	789	3487	82	4	1	3	0
0.231000	82.313897	813	990	5280	72	3	1	2	0
0.216000	80.856600	985	1167	5607	79	3	0	3	0
0.560000	80.597384	2450	2758	15607	69	6	1	5	0
0.267000	82.008974	1052	1249	6319	73	3	0	3	0
0.171000	83.207956	745	897	4469	82	2	0	2	0
0.250000	80.605855	1083	1251	6589	78	2	1	1	0
0.249000	80.174130	1558	1760	8973	77	4	0	4	0
0.187000	83.748640	855	964	4872	80	3	1	1	1
0.272000	84.182445	919	1037	5456	78	7	1	6	0
0.223000	86.799314	917	1079	6111	85	3	1	2	0
0.896000	81.121532	2651	2900	17575	73	4	1	3	0
0.181000	84.228230	939	1090	5219	75	4	0	4	0
0.279000	86.414112	898	1100	5533	68	6	2	4	0
0.706000	83.686432	2564	2882	16502	70	6	1	5	0
0.298000	84.077620	1164	1357	6971	71	6	2	4	0
0.307000	84.946969	1208	1382	7394	80	1	0	1	0
0.262000	85.007373	1069	1207	6619	83	2	1	1	0
0.091000	89.898764	393	522	2225	88	4	0	1	3
0.412000	88.254900	499	627	3024	86	4	1	1	2
0.245000	88.024955	857	947	4882	81	9	0	9	0
0.437000	89.190901	868	1072	5877	77	2	0	2	0
0.441000	86.798774	1693	1987	11037	78	6	0	5	1
0.168000	91.530385	671	858	4053	91	4	0	4	0
0.414000	89.249224	1216	1424	7634	85	2	0	2	0
0.270000	88.557335	1039	1179	5754	86	3	0	3	0
0.523000	85.680291	2000	2289	12892	77	5	0	5	0
0.110000	86.798179	1276	1481	7428	84	3	0	3	0
0.146000	95.207322	840	969	5052	92	5	2	3	0
0.275000	88.922280	789	906	4704	80	8	1	6	1
1.071000	91.782351	1608	1826	10177	90	0	0	0	0
0.696000	95.132776	2722	2949	18053	93	4	0	4	0
0.424000	90.113248	1488	1638	9229	87	4	1	2	1
0.447000	91.817350	1830	1982	10776	80	5	2	2	1
0.210000	95.395045	801	994	5163	91	4	1	3	0
0.236000	93.001798	1583	1815	10008	79	8	4	4	0
0.643000	91.857776	2669	2868	16646	88	4	1	3	0
0.136000	91.306171	1691	1910	10828	85	2	2	0	0
1.049000	96.464761	2461	2674	15974	94	2	0	2	0
0.244000	97.610239	1010	1223	6738	97	1	0	1	0
0.332000	95.115969	1254	1425	7282	92	3	1	2	0
0.430000	93.528205	1751	2011	10683	88	3	0	3	0
0.589000	94.083848	2462	2729	15529	88	4	1	3	0
0.266000	97.131155	1112	1302	7105	93	2	0	2	0
0.311000	96.920085	1309	1521	8336	93	3	1	2	0
0.472000	95.251490	2736	2947	17183	90	4	1	3	0
0.501000	95.086320	1841	2049	11820	90	1	1	0	0
0.308000	98.097909	1038	1218	5685	83	4	0	4	0
0.182000	100.945531	841	979	5200	98	5	2	3	0
0.064000	103.242641	233	430	1845	102	2	1	1	0
0.980000	96.175200	3702	3971	25149	89	5	0	5	0
0.415000	99.132760	1776	2068	11182	95	4	1	3	0
0.199000	102.405793	889	1064	5079	99	3	0	3	0
0.576000	98.921324	2499	2840	16303	92	4	1	3	0
0.192000	103.229835	822	1014	5286	101	3	1	2	0
0.722000	98.745128	2113	2387	13049	92	3	0	3	0
0.906000	99.406934	3693	3897	21768	95	6	1	5	0
0.678000	98.517158	2790	2981	17203	93	4	1	3	0
0.287000	104.512137	1168	1305	6585	97	6	0	4	2
0.258000	103.899972	1113	1218	6239	90	6	2	3	1
0.502000	101.945750	2286	2518	14384	98	1	0	0	1
0.966000	100.894734	4132	4422	28449	90	4	0	4	0
0.828000	101.227460	3565	3847	24655	90	6	1	5	0
0.185000	107.842352	791	967	4979	106	4	1	3	0
0.727000	103.437817	3037	3313	21405	93	4	0	4	0
0.253000	103.866241	1033	1254	6573	100	4	1	3	0
0.540000	101.631960	2227	2429	15320	95	4	0	4	0
0.403000	107.011846	1731	1969	11186	102	4	2	2	0
0.265000	106.913743	1164	1260	6219	96	7	1	5	1
0.060000	110.288002	204	414	1650	109	3	1	2	0
1.503000	110.485250	4138	4337	27270	103	4	0	3	1
1.412000	111.942526	5721	5995	38587	106	7	2	5	0
0.549000	106.380002	2187	2443	13629	95	4	1	3	0
0.878000	106.980477	4483	4772	29677	101	4	1	3	0
0.448000	107.495507	1917	2201	12531	91	7	3	4	0
0.425000	105.832545	1763	2012	11397	97	4	1	3	0
0.388000	110.158044	1613	1865	10359	105	4	2	2	0
0.624000	107.825090	2603	2899	17375	99	6	2	4	0
0.305000	116.610696	1413	1591	9129	114	7	3	3	1
0.462000	109.344130	2391	2617	15316	106	2	0	1	1
0.170000	112.448401	1058	1299	6632	110	5	1	4	0
0.984000	110.851626	4244	4610	28745	105	4	1	3	0
0.873000	114.073976	1378	1604	8591	98	4	0	4	0
0.900000	111.050195	3738	3974	24013	107	4	1	3	0
0.859000	110.505194	2774	2938	18870	97	4	0	3	1
0.859000	112.493468	3482	3685	22067	110	3	1	2	0
0.793000	111.874455	4580	4829	29487	107	4	2	2	0
1.132000	109.971005	4912	5179	32242	96	4	0	3	1
0.312000	113.539418	1279	1410	7249	100	6	1	3	2
0.354000	119.788810	1639	1827	10681	116	5	3	2	0
0.298000	116.145062	1183	1374	7644	97	6	2	3	1
0.301000	115.658576	1449	1700	9509	114	1	0	1	0
0.961000	114.789072	4916	5164	32995	106	4	1	2	1
0.529000	112.876770	2319	2612	14564	106	4	0	3	1
0.810000	113.038110	3415	3780	22626	107	3	0	3	0
0.879000	117.178595	3760	4078	25318	114	5	2	3	0
0.362000	114.626506	1836	2066	12057	108	2	0	2	0
1.647000	112.812800	3855	4092	24785	109	4	1	3	0
0.318000	117.584411	1283	1437	7415	108	6	1	5	0
0.309000	122.727637	1359	1580	8894	119	4	2	2	0
0.173000	119.023718	804	977	5297	116	6	1	3	2
0.286000	116.394633	1173	1359	7399	99	8	1	6	1
1.109000	122.729742	4563	4805	30548	105	5	1	4	0
0.524000	117.119109	1990	2329	14167	104	4	0	4	0
0.386000	121.716957	1566	1803	10254	114	5	1	4	0
0.321000	121.483354	2114	2357	14051	116	5	0	5	0
0.382000	118.440803	1507	1754	10417	110	2	0	2	0
0.724000	122.025984	3030	3305	20544	117	4	1	3	0
0.372000	122.875078	1264	1431	7691	105	5	1	3	1
0.273000	121.284171	1254	1419	7541	104	5	1	3	1
0.232000	122.811511	893	1118	5811	103	6	1	5	0
0.370000	122.881423	1564	1737	9476	113	7	0	7	0
0.223000	125.412732	1008	1269	6496	123	5	1	4	0
0.323000	126.128237	1188	1448	6980	102	3	0	3	0
0.528000	125.051566	2254	2540	14973	120	4	3	1	0
1.082000	122.629335	2689	3021	18211	106	5	1	3	1
0.578000	121.617439	2230	2516	14592	115	3	1	2	0
0.812000	119.849789	3199	3550	22268	110	5	2	3	0
0.382000	127.849263	1674	1822	9615	118	9	1	8	0
0.163000	130.784934	1561	1781	10444	126	4	2	2	0
0.332000	123.909134	1484	1640	8457	109	7	0	3	4
0.314000	127.137409	1323	1507	8625	112	8	1	7	0
0.504000	128.596273	2634	2846	16402	120	8	2	6	0
0.728000	130.369356	1757	1962	11190	126	3	2	1	0
0.907000	124.250278	3661	3992	24670	121	7	0	7	0
0.378000	127.377144	2589	2937	18422	113	4	0	4	0
1.077000	122.352037	4405	4788	29963	115	4	1	3	0
0.788000	123.706257	4366	4479	27691	116	5	0	4	1
0.505000	133.055419	2127	2331	13001	127	6	2	3	1
0.263000	136.158292	856	1165	4958	109	3	0	3	0
0.325000	131.908606	1261	1569	8523	129	6	2	4	0
0.522000	132.263812	1949	2225	13620	120	5	1	4	0
0.578000	131.331430	2358	2635	16251	123	4	1	3	0
1.077000	127.345802	4792	5151	35164	120	5	1	4	0
1.202000	126.526758	4597	4928	31292	118	5	1	4	0
1.122000	128.505385	4872	5133	32091	125	4	1	3	0
0.650000	129.848920	2718	2977	19251	116	4	1	2	1
1.457000	129.150149	4876	5078	30678	124	5	2	3	0
0.336000	135.912313	1220	1430	7589	113	5	1	3	1
0.556000	134.658277	2215	2414	14494	118	7	1	4	2
0.485000	133.431407	2233	2482	14325	128	3	2	1	0
0.199000	136.952056	854	1068	6129	135	3	2	1	0
0.600000	135.547749	2420	2714	16920	126	4	1	3	0
0.670000	133.763986	2749	3054	18290	127	3	1	2	0
0.581000	135.927441	3271	3578	22012	117	6	2	3	1
0.894000	133.233868	3733	4002	24647	119	6	2	4	0
0.782000	130.219201	2843	3105	19705	119	3	0	3	0
0.657000	131.691156	2536	2836	17801	121	2	0	2	0
0.743000	138.042984	3294	3478	20189	135	6	1	5	0
0.082000	132.842924	1685	1842	9461	118	8	0	5	3
0.447000	137.565443	1835	2027	12015	124	8	1	7	0
0.989000	141.113341	1934	2163	12366	134	6	2	4	0
0.439000	137.210966	1768	1913	9793	123	8	3	4	1
0.554000	140.068212	2378	2627	15154	134	3	1	1	1
0.792000	139.659728	3287	3665	23591	136	5	1	4	0
2.607000	141.720182	8594	9079	63371	132	9	2	7	0
0.624000	142.909737	2287	2742	16558	129	4	0	4	0
0.642000	140.735369	3033	3382	21176	123	4	0	4	0
0.711000	142.500254	3057	3268	18552	134	8	2	6	0
0.718000	139.597905	3156	3362	19198	133	8	4	3	1
0.677000	142.573313	3041	3259	18690	134	6	2	4	0
0.101000	145.880657	337	605	2950	144	3	1	1	1
1.405000	141.887004	6164	6481	41997	123	5	1	4	0
0.302000	145.152007	1298	1593	8771	143	5	1	4	0
0.669000	141.825552	2243	2534	16381	119	4	1	3	0
3.188000	143.457111	9501	9946	70695	134	7	1	6	0
0.935000	142.527796	4130	4582	28869	136	4	0	4	0
0.683000	143.146681	2582	2895	18214	131	4	1	3	0
0.430000	144.149160	1704	1920	10622	122	8	3	4	1
0.386000	145.720000	1618	1845	10166	122	7	1	5	1
0.312000	147.713577	1362	1595	8684	122	5	1	3	1
0.499000	150.319472	2203	2440	13381	138	5	1	2	2
0.941000	143.227214	3672	3897	23324	139	7	1	6	0
0.633000	145.476102	2631	2861	17575	128	6	1	4	1
0.238000	144.142391	1470	1717	10221	123	9	1	8	0
0.580000	147.068424	3105	3513	21447	140	6	1	5	0
1.209000	142.483361	4846	5257	33971	132	4	0	4	0
1.075000	145.765756	4093	4419	28233	128	6	3	3	0
0.775000	149.401145	3370	3631	21358	139	6	1	4	1
0.838000	151.045516	1552	1798	10621	129	5	0	5	0
0.559000	149.043053	2393	2635	15230	143	5	1	2	2
0.392000	152.311798	1672	1969	11860	149	4	2	2	0
0.568000	152.065991	2114	2445	14577	126	4	1	3	0
0.741000	154.153712	3080	3590	23095	149	6	2	4	0
0.676000	150.117901	2331	2631	16632	139	5	1	4	0
1.321000	153.203510	6052	6582	44314	148	5	0	5	0
0.873000	150.661366	3407	3843	24400	134	5	2	3	0
1.215000	150.366086	4657	5016	33526	134	6	2	4	0
0.304000	157.676521	1341	1613	9706	155	5	2	2	1
0.871000	154.280589	1963	2232	13510	134	8	1	6	1
0.572000	153.513668	2077	2324	14138	134	6	0	6	0
0.588000	148.417184	2174	2430	15155	131	9	1	8	0
0.522000	157.895424	2555	2872	18222	155	5	2	3	0
1.041000	152.858488	3936	4075	25015	127	8	2	6	0
1.284000	149.297888	6015	6464	44075	140	5	0	5	0
0.880000	155.323606	3554	3953	25069	140	5	2	3	0
1.199000	152.794512	4713	5051	33135	139	5	1	4	0
0.945000	153.927519	3960	4223	26566	143	4	1	3	0
0.720000	158.363489	2000	2283	13822	137	8	1	7	0
0.629000	156.499494	2482	2701	16663	140	7	1	6	0
0.481000	161.418406	2207	2472	14751	157	4	1	1	2
1.044000	158.818261	4672	5003	34129	155	4	2	2	0
0.648000	155.807457	2571	2835	18225	145	5	0	5	0
0.434000	155.414132	2510	2764	17477	145	6	0	6	0
1.555000	161.537403	5880	6187	40797	141	6	2	4	0
0.768000	157.936421	2865	3122	19752	147	4	0	3	1
2.312000	159.657107	7673	8158	56479	152	4	0	4	0
0.990000	155.667069	3697	3882	25648	139	4	1	3	0
0.149000	168.537481	450	752	3850	167	3	2	1	0
0.197000	168.175932	695	996	5269	165	5	2	3	0
0.630000	164.055124	2471	2714	16988	138	7	1	6	0
1.480000	162.947451	6655	6932	45408	144	5	1	4	0
1.012000	166.301636	3774	3990	25059	143	6	2	4	0
1.036000	161.403432	4093	4502	29475	146	5	1	4	0
1.826000	160.519597	8325	8756	63564	153	5	1	4	0
1.441000	158.224075	6972	7323	50500	150	5	1	4	0
1.471000	160.181336	5866	6219	42709	147	6	2	4	0
1.295000	162.374799	3244	3438	21694	138	5	1	4	0
0.746000	164.274040	2821	3061	19042	149	8	0	8	0
0.460000	168.287536	1781	2089	12320	141	8	0	8	0
0.658000	170.761349	2873	3211	19074	154	7	2	5	0
0.831000	163.263673	5124	5316	31429	147	6	1	5	0
1.177000	165.902369	5445	5600	32509	148	7	1	6	0
2.457000	163.824846	9710	10130	70741	156	5	0	4	1
1.098000	164.194574	2888	3180	20898	136	4	1	3	0
1.681000	166.753582	6726	7026	46080	143	5	1	4	0
1.642000	168.915301	7106	7401	49320	149	6	2	4	0
2.601000	165.429404	9249	9686	67092	155	5	1	4	0
0.675000	175.581201	3364	3733	22684	159	6	3	3	0
0.459000	164.145723	2809	3025	18216	148	7	0	6	1
0.746000	173.837627	3600	3971	25191	157	6	2	4	0
1.525000	170.815370	6334	6628	45191	167	6	1	5	0
1.287000	172.182296	6913	7162	49004	170	3	0	3	0
1.314000	168.477718	5354	5525	31750	149	7	1	5	1
1.172000	167.843269	2946	3228	21300	155	5	1	4	0
3.979000	168.777973	11355	11751	84524	158	7	2	5	0
3.189000	169.115903	8378	8746	61707	162	5	1	4	0
3.032000	168.726541	8042	8408	58987	162	5	1	4	0
0.951000	175.575686	3112	3320	21005	149	9	1	7	1
0.813000	171.101038	3265	3544	21427	155	8	1	6	1
0.649000	170.299761	2972	3248	18738	155	8	0	4	4
1.306000	176.892461	4021	4361	27482	170	3	2	1	0
0.306000	176.217473	1255	1539	9437	173	4	2	2	0
1.021000	171.092274	3889	4257	26353	153	6	2	3	1
1.676000	173.973321	6382	6684	45735	168	6	1	5	0
1.081000	175.469270	3057	3324	19282	162	4	1	3	0
3.160000	171.206280	12168	12552	90585	164	8	2	6	0
1.463000	170.032990	3601	3875	23710	158	4	1	2	1
0.751000	177.262499	2478	2746	16947	150	6	0	5	1
0.712000	179.241621	2645	2922	18287	153	6	0	6	0
1.134000	180.906313	5054	5356	33869	159	7	3	4	0
0.827000	179.537081	3515	3848	23571	163	5	2	3	0
0.626000	178.741465	2964	3281	20202	173	6	1	2	3
0.699000	177.855000	2754	3008	19073	151	8	0	7	1
0.347000	177.956041	1440	1754	10663	174	7	1	4	2
1.417000	179.558435	4339	4687	30548	162	9	3	6	0
1.347000	174.388136	5027	5329	32836	155	9	2	7	0
3.929000	178.070965	11731	12101	86345	171	7	1	6	0
0.866000	182.500497	3696	4045	25141	166	7	2	3	2
0.859000	187.146727	4608	4928	30602	166	6	2	3	1
1.092000	183.256192	4931	5253	33873	163	8	1	4	3
0.775000	179.439410	3217	3505	22608	158	9	0	8	1
0.868000	180.386573	3734	4026	24090	161	7	1	4	2
0.992000	178.706868	4039	4313	28031	157	7	1	5	1
0.425000	186.310745	2903	3207	20380	179	4	2	2	0
1.439000	185.972916	6280	6605	43366	161	10	3	7	0
1.258000	185.083050	5051	5298	34107	170	8	1	7	0
1.732000	178.917102	4328	4540	27520	161	6	1	5	0
1.300000	190.252783	5741	6080	38867	168	6	2	4	0
0.829000	180.846907	3710	3944	24473	160	7	0	5	2
0.533000	187.991154	2437	2762	17833	184	6	2	3	1
0.788000	190.831135	4623	5052	31712	170	5	1	3	1
1.442000	188.380579	5670	5932	36753	165	7	2	5	0
1.706000	186.676570	5455	5697	33345	152	8	3	5	0
1.484000	183.127120	4529	4839	34146	171	4	0	3	1
0.952000	184.109976	3650	3898	24766	161	4	1	3	0
1.356000	180.487086	5030	5368	31838	156	8	2	6	0
1.553000	184.996383	6586	6903	46745	175	7	1	6	0
0.316000	195.328091	1418	1723	10678	191	6	2	4	0
0.996000	186.465299	4009	4254	26279	165	9	1	6	2
1.135000	193.710616	4976	5407	34354	173	7	3	4	0
1.901000	189.949777	6502	6834	46538	179	6	1	5	0
1.262000	188.144446	5400	5615	34705	173	7	1	6	0
1.153000	189.188216	5069	5301	37709	170	5	1	3	1
1.540000	188.791224	4523	4737	27420	163	6	1	5	0
0.787000	186.648938	4185	4520	31414	171	4	0	3	1
1.234000	189.475478	5004	5322	37636	177	5	0	4	1
2.834000	190.055049	8136	8429	56315	186	6	1	4	1
1.083000	196.581201	4162	4563	28863	180	6	3	3	0
0.265000	195.291923	2447	2764	18501	190	5	1	3	1
0.552000	196.706136	2644	2966	19450	191	5	1	3	1
3.308000	195.558302	12097	12478	85786	188	6	1	5	0
1.290000	190.761699	5395	5625	34902	175	6	1	5	0
1.265000	188.325130	4908	5231	36816	175	4	0	3	1
1.321000	193.293416	5846	6288	44822	187	10	3	7	0
1.101000	193.995249	4537	5004	34005	177	6	0	5	1
1.234000	191.729323	4976	5313	37383	178	4	0	3	1
1.107000	189.493164	5458	5830	35559	167	8	2	6	0
1.392000	199.532243	6101	6388	44736	195	8	2	6	0
1.098000	198.178401	4582	4942	31396	181	5	1	3	1
1.482000	200.999534	4576	4876	32210	195	7	3	3	1
0.989000	200.155393	4692	5023	32262	193	5	2	3	0
0.842000	204.460667	4089	4421	29983	196	5	3	2	0
1.806000	201.583362	7172	7521	49676	178	6	1	4	1
1.085000	199.382727	4816	5166	32284	178	7	1	4	2
1.073000	203.840923	4863	5279	32571	183	7	2	5	0
0.540000	198.651939	2544	2895	18695	195	4	2	2	0
2.205000	194.042222	8318	8642	57438	190	3	0	3	0
0.734000	203.399004	4162	4483	28801	196	6	2	3	1
1.142000	203.138346	5148	5440	36208	198	7	2	4	1
1.220000	199.956756	4911	5153	30060	171	8	0	8	0
0.786000	204.215509	3633	3993	26861	199	6	2	4	0
2.605000	200.372003	12389	12771	88086	198	5	0	4	1
2.913000	201.078268	9236	9566	64621	197	6	1	5	0
3.075000	203.737777	13215	13553	94459	201	7	1	6	0
2.485000	204.201076	10542	10951	77876	198	10	2	8	0
1.556000	201.087557	7513	7988	59036	191	8	2	5	1
1.624000	203.659073	6942	7381	48727	185	9	1	7	1
0.675000	207.940394	3819	4164	27673	199	7	1	3	3
0.376000	212.140344	2333	2681	18041	208	7	3	3	1
2.731000	209.966919	9096	9471	65285	202	9	2	5	2
0.985000	203.152716	5577	5804	33922	176	10	0	10	0
0.741000	208.171796	3565	3915	25240	200	7	1	4	2
2.149000	201.645827	9275	9603	64791	199	4	0	3	1
2.137000	208.350969	9526	9858	65049	193	9	1	8	0
0.844000	203.917913	5577	5847	36673	184	7	1	5	1
2.076000	201.440025	5793	6055	42918	183	5	0	3	2
1.443000	207.087535	7305	7536	47274	182	7	1	6	0
1.251000	203.932187	5187	5553	34055	183	7	2	5	0
2.087000	205.742318	6899	7157	51233	192	5	0	4	1
1.677000	202.784053	5451	5796	41083	187	5	0	4	1
1.808000	206.211916	7971	8345	55026	186	8	1	7	0
1.945000	203.967171	6852	7091	50462	190	5	1	3	1
2.370000	212.775939	8692	9093	58607	197	7	1	6	0
2.472000	209.336759	10703	11062	74568	193	9	2	7	0
1.137000	208.082248	5660	5976	38764	186	9	1	8	0
2.058000	210.455649	10115	10480	71455	195	8	1	7	0
3.307000	207.916694	11139	11580	85141	203	9	1	7	1
1.632000	213.169817	8089	8642	60398	204	9	2	7	0
3.801000	210.341983	13271	13745	102582	196	7	0	6	1
2.596000	213.875606	11532	11876	82795	199	8	1	7	0
2.637000	211.563514	11929	12373	92155	199	6	0	5	1
2.380000	216.015994	11642	11965	79446	202	7	1	6	0
2.710000	215.215278	9462	9824	62690	197	7	1	6	0
1.639000	211.463478	7430	7793	48112	195	7	1	6	0
2.734000	216.593439	12119	12494	83218	197	7	1	6	0
3.602000	212.790428	11881	12252	89397	198	5	0	4	1
3.524000	214.836375	11463	11830	85305	210	10	2	8	0
0.859000	221.615924	3620	3979	26410	214	6	2	3	1
0.840000	224.495045	3655	4026	27029	217	4	2	2	0
0.649000	221.618230	4060	4501	30701	216	5	3	2	0
3.728000	221.361052	14219	14517	102865	211	8	1	7	0
3.184000	215.046224	11149	11573	81591	191	7	1	6	0
3.793000	214.676437	11767	12208	91336	202	6	0	5	1
2.433000	218.570052	11918	12243	81029	203	8	1	7	0
2.642000	220.094000	10941	11291	73639	201	7	1	6	0
1.632000	213.153177	6086	6270	37452	188	10	1	8	1
2.960000	218.321192	12450	12821	94977	201	5	0	4	1
4.039000	224.086725	13476	13789	98061	219	8	2	6	0
1.629000	217.235617	5006	5230	38252	186	6	1	4	1
1.434000	214.615219	5498	5770	40696	190	6	0	4	2
3.005000	217.225467	11553	12021	89463	204	6	0	5	1
3.500000	217.982970	13834	14322	108028	203	7	0	6	1
4.881000	222.105813	17267	17519	130935	218	8	1	7	0
1.727000	216.704913	6587	7147	49643	198	7	0	5	2
1.679000	225.265597	7363	7617	47289	204	6	1	5	0
3.505000	222.203797	13316	13676	93257	204	9	1	8	0
2.978000	223.036626	14087	14374	100261	204	9	1	8	0
0.776000	227.413265	3565	3967	27151	222	6	2	3	1
3.552000	227.316827	13980	14275	101289	221	9	2	6	1
1.327000	222.417994	5584	5784	41468	194	6	1	4	1
2.561000	225.657707	11520	11915	82412	207	8	1	7	0
4.861000	223.355387	17365	17622	133842	206	7	0	6	1
2.018000	226.884717	10737	11078	72583	210	10	2	8	0
3.464000	230.105803	12253	12616	82833	208	8	1	7	0
2.231000	225.729996	9400	9763	62974	210	8	2	6	0
1.252000	223.786809	6923	7184	42464	201	7	1	6	0
1.808000	221.989671	7256	7545	46384	199	6	1	5	0
4.069000	230.722710	13429	13746	97885	226	11	3	8	0
5.078000	225.779358	17697	17945	137212	208	7	0	6	1
2.225000	223.036688	6387	6667	47781	201	6	0	3	3
1.461000	227.037100	6061	6366	38790	198	7	1	5	1
1.419000	227.775560	7524	7812	47563	205	7	1	6	0
2.227000	230.311461	7513	7779	48163	209	6	1	5	0
1.342000	227.462413	7456	7756	47755	203	6	1	5	0
4.285000	224.801065	15493	15933	113583	211	6	0	4	2
2.993000	226.925643	12542	12910	90350	209	8	1	7	0
4.240000	229.947811	16689	17033	128582	223	9	1	7	1
2.815000	231.516720	12439	12788	84499	211	8	1	7	0
2.629000	230.297821	11530	11864	75731	208	7	1	6	0
2.085000	229.466502	7574	7855	47672	207	7	1	6	0
3.284000	231.900681	11304	11697	78340	214	8	1	7	0
2.675000	235.295995	12936	13317	91430	220	8	1	7	0
3.756000	235.076323	13721	14021	100345	230	8	2	6	0
1.066000	230.898209	7303	7565	43989	200	10	1	8	1
2.311000	230.092166	6509	6711	47668	201	7	1	5	1
1.495000	229.733177	7508	7820	50831	207	9	1	7	1
2.370000	230.558488	10274	10681	72964	208	9	1	7	1
0.930000	238.798660	3891	4280	29283	232	7	3	4	0
3.989000	239.152709	15982	16351	115724	224	7	1	6	0
4.406000	239.428764	16180	16456	116729	236	11	2	9	0
2.539000	239.458751	12604	12961	86956	223	10	2	8	0
2.329000	237.211835	10554	10903	71518	221	10	2	8	0
3.607000	235.976116	14453	14762	98165	220	7	1	6	0
2.250000	240.239144	11913	12284	80054	211	7	1	6	0
3.540000	236.266920	13287	13654	94355	221	8	1	7	0
4.611000	233.618673	17650	17892	136669	218	7	0	6	1
4.341000	238.372314	15367	15710	111737	230	8	1	6	1
2.827000	237.024083	12152	12658	94615	217	7	0	5	2
1.424000	237.739480	7480	7770	45379	210	10	2	7	1
4.219000	237.846177	13161	13589	105034	223	9	1	7	1
3.566000	241.627754	14234	14571	104039	234	9	2	7	0
2.678000	240.205682	12130	12534	87354	228	11	2	8	1
3.110000	235.039733	11987	12516	94210	219	6	0	5	1
1.505000	234.599140	5804	6051	43881	202	6	1	4	1
2.885000	243.439103	11996	12381	80997	213	7	1	6	0
3.743000	240.379051	15582	16026	122194	226	6	1	4	1
1.426000	234.251325	6244	6493	37252	205	9	1	7	1
1.512000	250.283120	5107	5654	39861	244	7	3	4	0
3.514000	244.052602	16241	16541	117240	238	12	2	10	0
4.060000	243.683846	15587	15956	110459	236	11	2	9	0
2.369000	243.547385	8223	8504	58624	214	7	1	5	1
2.982000	247.465160	12606	12988	85726	230	10	2	8	0
3.567000	249.391717	14207	14569	96948	222	8	1	7	0
1.544000	237.616812	5931	6201	35868	204	10	1	7	2
2.745000	247.539047	12724	13087	87511	231	12	2	10	0
2.849000	241.778497	12728	13119	86935	220	7	1	6	0
2.720000	242.950708	12946	13335	88236	216	8	1	7	0
2.360000	244.904990	6881	7098	50222	215	8	2	5	1
1.758000	247.750908	7709	8002	55816	214	7	1	5	1
2.861000	251.673637	11308	11704	76933	233	9	2	7	0
2.167000	247.059021	9421	9816	62513	224	9	2	7	0
4.440000	244.429091	16512	16948	125465	223	6	0	4	2
4.734000	245.310102	18369	18704	141799	224	5	0	4	1
3.887000	246.534922	17096	17375	123115	243	12	2	10	0
2.947000	247.922462	9036	9433	66744	223	8	1	5	2
3.589000	247.651868	14473	14849	104789	243	10	2	8	0
4.335000	248.286791	14883	15210	108129	244	8	1	6	1
3.435000	252.949816	15166	15474	110531	246	11	2	8	1
5.173000	248.706823	17305	17781	134675	242	7	1	6	0
2.667000	255.932561	11231	11630	76195	240	9	3	6	0
2.739000	254.843547	13117	13522	89133	225	7	1	6	0
3.267000	253.595316	12271	12675	83138	229	7	2	5	0
2.204000	253.738994	10939	11312	73603	231	8	2	6	0
3.011000	248.442554	10797	11217	80721	227	9	2	6	1
4.552000	252.260302	18299	18493	138440	241	9	1	7	1
3.933000	250.461210	17024	17331	120548	244	11	2	9	0
4.274000	249.615874	16170	16725	125400	241	7	1	6	0
3.044000	256.108842	14637	14895	103374	251	14	2	12	0
3.686000	257.123351	13393	13784	92922	237	11	2	9	0
2.874000	259.385195	13574	13961	93194	242	10	2	8	0
3.074000	259.079790	12595	13007	86624	241	11	3	8	0
2.921000	257.431708	13147	13551	89702	240	9	2	7	0
2.774000	255.770494	12179	12507	83269	239	10	2	8	0
2.689000	254.010673	10610	11005	72359	233	10	2	8	0
4.401000	256.930105	16142	16591	129074	243	6	1	4	1
2.382000	254.140052	7871	8173	56243	222	7	1	5	1
5.064000	253.769879	18102	18342	143842	239	8	1	6	1
2.105000	263.495852	7411	7810	56933	257	9	2	6	1
5.381000	259.317864	17651	17960	123831	249	11	1	10	0
3.331000	260.243268	13851	14237	96651	242	11	2	9	0
3.304000	262.218405	13570	13990	92674	245	8	2	6	0
3.062000	259.372829	13221	13634	89372	228	7	1	6	0
2.565000	253.577207	6956	7266	41892	221	9	1	7	1
3.164000	257.635653	12102	12591	92964	236	8	3	4	1
3.707000	259.576068	12983	13425	99388	237	9	2	6	1
4.777000	254.248160	18590	18793	143979	238	8	1	6	1
2.909000	260.202587	11931	12343	81258	242	10	3	7	0
2.245000	269.788823	10090	10576	77445	263	12	4	8	0
2.887000	261.436328	9121	9459	64118	225	7	1	5	1
2.776000	266.183602	12683	13035	86811	248	11	2	9	0
3.048000	258.029586	12720	13095	95206	241	9	1	7	1
4.017000	258.756200	13654	14053	105279	243	8	1	6	1
1.927000	261.688618	7893	8143	57629	231	10	2	7	1
2.807000	266.279718	11303	11729	77260	243	9	2	7	0
2.013000	264.914015	9082	9530	57864	236	10	3	7	0
2.698000	265.687939	11592	11987	79454	242	10	3	7	0
2.482000	260.466369	9260	9606	66161	228	7	1	5	1
4.133000	266.011281	15322	15606	109058	260	15	2	13	0
3.832000	268.241433	17090	17444	120534	255	11	1	10	0
2.290000	263.331304	9148	9492	64996	230	7	1	5	1
3.187000	265.027649	10734	11165	72832	239	10	2	8	0
2.331000	269.914816	11167	11568	76079	241	10	3	7	0
3.030000	266.317804	12403	12909	95054	242	8	3	4	1
3.864000	263.669537	13278	13735	103525	242	8	1	5	2
2.622000	264.776024	9916	10250	68697	226	7	1	5	1
3.498000	270.001875	15764	16035	111695	265	14	3	11	0
4.760000	262.456877	18812	19024	144009	246	8	1	6	1
2.590000	273.601329	9178	9559	69057	265	7	3	3	1
3.074000	272.127613	13279	13665	91641	249	12	3	9	0
3.296000	265.015585	13259	13726	102662	245	8	1	5	2
2.523000	272.185115	11050	11492	75215	245	9	2	7	0
2.326000	267.151272	9526	9868	66476	230	7	1	5	1
4.927000	269.547345	17816	18221	139132	254	10	1	8	1
4.602000	269.938485	19077	19331	149868	251	10	2	7	1
3.753000	270.812658	15696	15973	109675	265	14	3	11	0
2.192000	270.723107	8865	9199	63577	240	8	2	5	1
1.950000	269.826857	8290	8546	59061	236	10	2	7	1
2.845000	277.630162	11501	11943	87457	270	11	2	7	2
2.415000	277.007593	10753	11240	82012	267	9	3	5	1
3.367000	276.526375	15052	15357	104555	258	11	3	8	0
2.492000	275.471849	11333	11752	77615	248	11	3	8	0
3.404000	277.151488	13485	13940	93204	252	11	2	9	0
2.535000	271.211935	9975	10334	69095	231	7	1	5	1
3.536000	272.180190	12461	12920	91935	250	9	1	6	2
1.658000	275.038198	7883	8196	57218	244	9	3	5	1
2.496000	273.118554	7896	8201	57708	242	9	3	5	1
1.571000	273.825236	7750	8079	56433	244	8	2	5	1
2.475000	277.593447	11728	12159	87795	271	9	1	4	4
2.926000	279.453009	10606	11115	82391	269	11	3	8	0
5.036000	279.742687	19159	19424	147228	268	12	3	8	1
3.751000	277.125136	15913	16184	112007	271	14	2	12	0
3.027000	273.126475	11704	12180	86531	248	9	3	5	1
4.386000	275.170628	10655	11041	73925	235	7	1	5	1
5.998000	279.709341	18809	19069	144729	269	11	2	8	1
3.503000	284.263712	14332	14772	100023	258	11	2	9	0
2.245000	276.035590	8918	9177	64089	245	10	2	7	1
2.757000	277.596293	9220	9482	66598	246	11	3	7	1
3.252000	287.336499	14540	14856	107413	282	7	2	4	1
3.747000	288.866463	15306	15599	114455	279	12	3	9	0
2.605000	282.734916	11654	12115	87523	274	9	2	5	2
3.307000	283.130040	12696	13091	94738	276	7	2	4	1
2.012000	282.165863	8293	8602	60242	246	9	2	6	1
2.271000	281.878844	8689	8978	63086	246	10	3	6	1
1.963000	283.471949	9246	9507	67164	253	10	2	7	1
2.163000	282.143235	8605	8950	63172	247	9	2	6	1
1.919000	281.137081	8362	8662	60204	240	10	3	6	1
3.565000	284.673177	13680	14055	103946	275	9	3	6	0
3.315000	286.213437	13689	14063	101615	280	7	2	4	1
3.590000	291.160291	15539	15825	115512	283	12	3	8	1
7.054000	288.609966	13431	13834	102379	277	12	3	8	1
3.634000	289.963881	16917	17235	125413	283	10	4	6	0
16.757000	288.285147	18830	19155	144549	273	11	2	8	1
9.033000	284.605084	9142	9398	66165	254	10	2	7	1
2.597000	283.375241	8153	8451	58288	246	9	2	6	1
6.927000	284.308727	9732	10105	68110	252	8	2	5	1
9.655000	287.532493	19745	19923	152351	281	12	2	9	1
3.993000	284.981215	8269	8589	59987	246	9	2	6	1
2.466000	293.569109	11119	11616	85303	281	11	4	7	0
4.861000	293.246913	14940	15230	109525	287	9	2	6	1
2.594000	291.808994	10464	10946	80989	281	13	3	10	0
4.648000	292.022747	16549	16805	121414	285	8	1	5	2
2.525000	287.558603	9826	10206	68559	255	8	2	5	1
7.101000	289.129113	19217	19502	149463	266	9	1	7	1
6.015000	289.789825	19514	19771	152143	267	10	2	7	1
2.750000	289.047759	8920	9223	64259	250	10	3	6	1
4.147000	294.557864	18234	18451	133211	289	9	3	5	1
2.809000	288.194927	10725	11226	81384	278	12	3	8	1
2.247000	295.591492	11484	11955	86862	285	11	2	7	2
4.109000	295.052723	16481	16743	120627	288	11	2	8	1
5.042000	292.437584	19577	19837	150497	280	12	3	8	1
2.296000	291.585729	9331	9606	66447	257	10	2	7	1
6.857000	290.930647	9034	9343	65382	251	10	3	6	1
10.689000	297.557559	15476	15826	114688	291	11	3	8	0
3.644000	295.215410	14682	14985	109829	288	12	3	9	0
17.446000	299.007782	16045	16365	118116	295	9	3	6	0
3.718000	294.812389	12094	12558	90444	281	8	1	5	2
3.500000	294.337414	13981	14333	104747	285	10	2	6	2
2.667000	300.659790	11648	12140	88684	285	13	4	8	1
4.156000	298.299256	13958	14314	104632	288	11	2	7	2
3.529000	301.371327	14243	14601	107381	291	9	3	6	0
3.787000	297.278355	14776	15108	108573	289	9	1	5	3
4.071000	297.326801	14122	14506	104916	287	9	2	6	1
3.743000	296.691834	14538	14872	108849	287	12	3	9	0
3.569000	298.930440	15130	15462	112687	290	10	3	7	0
5.252000	298.346570	18742	18924	135714	293	8	2	5	1
3.185000	298.551152	14565	14938	110019	286	10	3	6	1
4.660000	299.591697	17543	17805	127073	292	7	1	5	1
3.668000	304.175502	15284	15615	112582	299	10	3	7	0
5.160000	304.646387	17672	17985	129787	297	12	3	8	1
3.297000	301.345592	13935	14364	103510	289	10	2	5	3
3.440000	301.261135	14570	14911	107507	291	7	1	4	2
4.733000	302.406450	15883	16237	116867	297	9	3	6	0
3.295000	301.841713	15345	15679	113183	296	13	2	9	2
4.043000	302.320620	16031	16390	118115	296	14	3	9	2
3.633000	300.248460	13789	14230	103025	287	11	1	7	3
3.581000	302.916504	15203	15532	112609	297	12	3	9	0
3.567000	301.937191	16225	16603	119564	295	9	3	6	0
3.602000	307.683598	15078	15408	111371	299	9	3	6	0
4.190000	309.389523	18783	18988	134484	299	9	2	6	1
3.881000	305.808551	14995	15324	111610	296	12	3	9	0
4.132000	305.625981	18831	19033	134771	295	7	1	5	1
4.694000	305.243123	18743	18953	134467	294	8	1	5	2
3.648000	301.488791	14452	14793	107220	291	10	2	7	1
5.164000	308.582906	18549	18819	133075	298	9	2	6	1
2.458000	306.513687	8898	9417	66133	300	9	2	6	1
2.617000	308.161079	9077	9596	67866	297	9	2	6	1
2.000000	306.211076	8036	8788	57137	297	8	1	6	1
5.547000	309.472293	17909	18179	128931	301	8	1	5	2
4.538000	310.908253	18333	18598	131727	300	8	2	5	1
4.737000	306.727028	17456	17710	126358	297	11	1	7	3
3.372000	307.623462	15317	15650	113314	300	12	3	9	0
4.749000	313.210010	17652	17935	127302	306	9	3	5	1
4.089000	310.875693	18569	18801	132669	295	7	1	5	1
2.916000	313.824795	9886	10351	73011	297	8	2	5	1
1.564000	311.456034	8296	9039	58751	305	8	2	5	1
2.705000	311.460659	9962	10453	73657	303	9	2	6	1
4.262000	309.607067	16248	16742	124416	300	12	2	9	1
3.624000	316.209938	15959	16276	115790	311	11	2	7	2
3.528000	315.362647	15554	15899	114351	306	11	3	8	0
4.355000	316.562430	16148	16478	117674	312	9	3	6	0
3.453000	313.376759	15751	16106	115289	306	11	2	7	2
5.067000	315.101641	17602	17872	127326	308	11	3	7	1
3.917000	312.487321	18950	19110	136244	307	11	2	8	1
4.612000	314.025071	19289	19485	136726	303	8	2	5	1
4.288000	318.162417	18704	18936	133051	300	8	2	5	1
3.324000	312.174227	14536	14898	107773	299	11	2	7	2
4.543000	315.339162	19084	19237	136468	309	11	3	7	1
5.005000	316.508762	18163	18422	130095	303	12	1	8	3
4.194000	318.229670	17099	17379	123508	310	14	3	8	3
4.968000	319.159465	19206	19357	136860	313	11	2	8	1
4.279000	319.867524	18854	19098	134993	307	10	2	7	1
4.873000	316.949296	17969	18241	128951	307	11	2	8	1
3.652000	314.076234	15506	15848	114503	306	12	3	9	0
4.273000	321.978650	17846	18152	129139	312	10	3	6	1
4.895000	319.509050	18336	18630	132634	311	10	3	6	1
4.696000	318.023384	17849	18150	129085	308	10	3	6	1
3.951000	318.031890	17851	18114	127813	308	10	2	7	1
4.334000	320.897156	15484	15844	114808	309	11	3	8	0
3.823000	323.568347	17543	17827	126785	316	10	4	5	1
4.894000	323.173477	18513	18782	133979	316	11	3	7	1
3.552000	316.578239	16244	16603	118848	310	13	2	9	2
4.704000	320.802135	18909	19109	133968	310	8	1	5	2
4.307000	324.210711	18252	18558	132092	317	8	2	5	1
4.763000	322.640268	19030	19187	136255	317	11	2	8	1
2.392000	322.000952	9138	9676	68373	312	9	2	6	1
2.364000	319.058525	10633	11067	78178	309	9	3	5	1
2.312000	321.535756	10434	10915	77942	310	11	3	7	1
5.269000	324.087916	18946	19150	134249	311	11	2	8	1
4.648000	329.481023	19057	19299	135653	312	9	2	6	1
5.401000	328.928120	19136	19387	136490	313	8	2	5	1
4.725000	324.880136	17294	17567	124210	317	12	3	8	1
5.070000	325.462997	19280	19451	136252	317	11	2	8	1
4.195000	323.566400	18651	18872	132895	311	11	2	8	1
4.812000	326.505951	18310	18619	132612	315	11	4	6	1
3.959000	329.791289	18010	18318	130789	323	9	3	5	1
2.857000	326.779233	11281	11647	83045	320	13	4	7	2
2.040000	327.185617	9910	10361	72067	320	12	3	8	1
4.708000	329.849235	18691	18973	134981	322	11	3	7	1
4.710000	327.973782	18722	18961	133086	313	12	1	8	3
4.202000	328.330655	18781	19028	133989	315	12	1	8	3
4.498000	327.680806	17310	17597	124507	319	13	3	9	1
3.422000	323.060767	15936	16310	117338	313	13	2	9	2
4.286000	333.766945	18223	18555	132763	325	10	4	5	1
4.946000	330.488335	18666	18899	131807	314	9	1	5	3
4.025000	330.410508	18332	18645	132963	323	8	2	5	1
3.566000	333.457981	11478	11938	85550	316	11	2	8	1
2.752000	329.561345	9559	10078	70380	316	9	2	6	1
5.495000	337.045222	18609	18877	133144	329	13	3	9	1
4.893000	335.439986	19253	19496	139377	328	11	3	7	1
5.951000	336.855571	18187	18496	131766	330	9	3	5	1
5.733000	335.723654	19062	19337	137280	327	9	3	5	1
4.590000	330.993602	18169	18443	131003	323	14	2	9	3
4.402000	335.274690	19586	19824	141636	328	10	2	7	1
2.783000	336.550123	10361	10848	76588	320	10	3	6	1
2.068000	332.990380	11402	11842	83525	322	10	2	7	1
4.444000	330.231969	15659	16088	117532	320	12	2	9	1
2.202000	332.327583	11301	11735	82871	324	9	2	6	1
4.905000	341.794774	19072	19318	134248	325	9	2	6	1
5.389000	336.998032	18822	19101	134038	328	9	3	5	1
5.631000	340.834017	19553	19788	141496	333	11	2	7	2
4.696000	341.158990	18117	18446	132167	333	10	4	5	1
4.454000	339.995312	18455	18801	134266	329	10	3	6	1
4.999000	340.638328	18751	19074	136080	326	11	4	6	1
4.498000	336.140494	19055	19354	138031	324	11	3	6	2
4.520000	338.698692	17602	17908	126556	331	10	3	5	2
3.753000	332.731807	16504	16949	124420	320	11	1	8	2
3.517000	336.432762	15179	15571	112172	329	14	3	10	1
4.887000	342.211910	18420	18720	131846	334	10	2	5	3
4.080000	344.570727	17881	18191	128054	336	12	4	7	1
4.404000	341.812873	18852	19166	136538	329	11	4	6	1
4.255000	340.965241	15134	15569	112447	324	12	1	8	3
2.564000	339.959704	11498	11943	84400	328	9	2	6	1
1.785000	341.872127	9729	10218	70206	334	11	3	6	2
3.394000	337.696203	13266	13650	97168	330	13	2	8	3
2.221000	343.983273	10243	10699	74016	337	10	3	6	1
2.603000	341.761605	11642	12047	85053	335	13	3	9	1
1.894000	345.224857	9977	10454	72275	338	12	4	7	1
6.685000	345.862033	19294	19589	139929	333	11	4	6	1
4.453000	349.322769	18084	18408	130115	341	11	4	6	1
2.549000	345.062204	9482	9982	68335	338	10	3	6	1
2.295000	346.007005	9743	10238	70367	339	11	4	6	1
2.399000	347.119402	10782	11216	78155	339	12	4	7	1
2.861000	345.020443	10584	11018	76636	337	12	4	7	1
2.246000	347.426831	10196	10656	73881	340	11	4	6	1
2.337000	346.875632	11811	12230	86231	340	12	3	8	1
3.084000	344.118708	11028	11504	80311	335	11	3	7	1
2.057000	346.777043	10445	10901	75898	337	12	4	7	1
5.040000	349.892345	18663	19012	135935	332	11	4	6	1
4.880000	349.213438	18990	19265	135816	340	12	3	8	1
3.708000	346.347897	14932	15299	110110	339	13	3	9	1
3.994000	349.886835	14172	14560	103809	342	13	3	9	1
2.907000	347.974958	12673	13072	92971	341	13	3	9	1
4.860000	350.019000	15896	16336	117407	338	14	3	10	1
3.175000	350.243945	11222	11583	81159	339	14	4	8	2
3.293000	348.611783	14073	14464	103322	336	14	3	10	1
2.129000	349.918394	10445	10901	75910	337	12	4	7	1
3.118000	348.525007	11518	11951	83979	338	12	3	8	1
5.101000	354.471457	18875	19190	135261	341	12	4	7	1
4.116000	353.591008	19015	19344	137985	337	13	4	8	1
4.670000	349.726868	18928	19220	136116	341	12	2	7	3
4.700000	351.541632	18868	19166	135169	343	11	2	5	4
4.313000	348.862697	16778	17207	123955	341	13	3	9	1
5.219000	348.681554	19027	19459	142542	341	14	3	9	2
2.348000	352.139527	12084	12497	88192	339	13	3	9	1
3.674000	351.542149	15689	16103	115959	344	15	3	11	1
2.162000	354.383902	9765	10266	70751	346	13	4	8	1
2.797000	352.345116	9939	10393	71049	337	12	3	8	1
4.292000	353.230762	19295	19579	139253	341	14	3	8	3
5.855000	354.167313	19487	19751	140491	343	14	3	10	1
5.047000	355.014874	18493	18837	133962	345	13	3	9	1
4.419000	359.660571	18483	18831	132687	342	11	3	6	2
3.176000	355.697615	11518	11951	83399	347	10	3	6	1
2.588000	357.192994	10521	10960	76125	342	11	3	7	1
2.546000	358.529330	10973	11391	79560	341	14	4	9	1
4.442000	354.765512	15056	15436	110717	344	15	3	11	1
2.054000	361.387461	10606	11046	76195	342	13	4	8	1

