0.029000	3.605551	3	22	26	4	0	0	0	0
0.009000	2.828427	2	19	13	2	0	0	0	0
0.010000	3.162278	3	20	19	3	0	0	0	0
0.010000	3.605551	3	22	24	4	0	0	0	0
0.022000	2.000000	2	15	7	2	0	0	0	0
0.007000	3.000000	3	18	14	3	0	0	0	0
0.005000	1.414214	1	11	1	1	0	0	0	0
0.005000	2.000000	2	14	5	2	0	0	0	0
0.006000	2.000000	2	15	12	2	0	0	0	0
0.011000	3.605551	3	22	18	4	0	0	0	0
0.017000	5.385165	6	29	48	6	0	0	0	0
0.016000	6.403124	5	32	52	6	0	0	0	0
0.012000	4.123106	4	23	32	4	0	0	0	0
0.013000	6.000000	6	27	44	6	0	0	0	0
0.019000	7.280110	9	35	64	7	0	0	0	0
0.016000	5.385165	7	30	45	6	0	0	0	0
0.010000	4.000000	4	21	31	4	0	0	0	0
0.010000	4.000000	4	21	31	4	0	0	0	0
0.018000	7.071068	7	32	62	7	0	0	0	0
0.013000	7.071068	5	34	48	5	0	0	0	0
0.030000	9.486833	14	45	97	11	0	0	0	0
0.022000	8.602325	9	41	67	10	0	0	0	0
0.020000	9.000000	9	36	80	9	0	0	0	0
0.035000	10.440307	16	51	112	12	0	0	0	0
0.026000	10.198039	14	47	96	10	0	0	0	0
0.023000	8.602325	9	42	78	10	0	0	0	0
0.023000	8.062258	11	42	75	10	0	0	0	0
0.028000	10.295630	15	52	108	11	0	0	0	0
0.020000	7.810250	6	37	63	8	0	0	0	0
0.017000	8.062258	8	35	62	8	0	0	0	0
0.038000	13.000000	24	67	167	14	0	0	0	0
0.038000	13.038405	21	66	151	15	0	0	0	0
0.036000	15.132746	20	63	168	15	0	0	0	0
0.026000	13.038405	13	50	138	13	0	0	0	0
0.022000	12.727922	9	52	107	9	0	0	0	0
0.042000	15.000000	19	70	167	17	0	0	0	0
0.029000	12.041595	9	51	109	12	0	0	0	0
0.030000	12.369317	20	59	141	13	0	0	0	0
0.027000	15.033296	15	56	135	15	0	0	0	0
0.036000	11.661904	17	58	117	14	0	0	0	0
0.043000	17.464249	31	82	219	18	0	0	0	0
0.034000	15.193485	22	69	156	13	1	0	1	0
0.048000	16.552945	37	90	238	20	0	0	0	0
0.039000	18.027756	18	65	209	18	0	0	0	0
0.042000	16.492423	31	80	239	17	0	0	0	0
0.042000	18.110770	25	74	225	19	0	0	0	0
0.067000	17.066689	50	117	339	18	2	0	2	0
0.050000	17.841397	41	89	269	19	1	0	1	0
0.033000	16.278821	12	65	160	16	0	0	0	0
0.048000	16.124515	28	76	184	20	0	0	0	0
0.068000	22.000330	68	120	354	25	1	0	1	0
0.058000	20.940576	53	111	318	22	2	1	1	0
0.051000	20.223748	34	89	282	22	0	0	0	0
0.043000	23.000000	23	78	246	23	0	0	0	0
0.056000	19.416488	36	91	268	21	0	0	0	0
0.063000	22.803509	33	106	300	26	0	0	0	0
0.048000	19.849433	21	84	210	22	0	0	0	0
0.054000	21.720423	44	99	307	23	2	1	1	0
0.068000	21.023796	51	116	376	26	0	0	0	0
0.054000	20.046897	45	99	310	22	1	0	1	0
0.068000	26.248931	33	113	325	29	1	0	1	0
0.071000	24.280110	59	129	390	28	1	0	1	0
0.095000	24.836419	123	185	671	27	2	0	2	0
0.069000	25.495098	54	120	408	29	0	0	0	0
0.058000	27.073973	38	105	369	27	0	0	0	0
0.060000	25.179357	42	107	353	25	0	0	0	0
0.065000	24.515301	52	119	382	26	0	0	0	0
0.074000	25.961510	67	140	467	28	0	0	0	0
0.062000	24.186773	43	106	354	26	0	0	0	0
0.075000	24.166092	66	137	440	29	0	0	0	0
0.089000	28.861739	75	150	532	33	0	0	0	0
0.170000	27.898009	320	375	1585	22	3	0	3	0
0.093000	28.844410	69	155	516	36	0	0	0	0
0.076000	28.049245	83	164	582	29	1	0	1	0
0.080000	30.479501	41	134	402	35	0	0	0	0
0.082000	28.687354	96	168	516	29	2	0	2	0
0.081000	28.730919	48	132	385	32	1	0	1	0
0.086000	25.958217	130	195	608	26	3	0	3	0
0.089000	29.154759	90	175	632	33	0	0	0	0
0.059000	30.000000	30	99	377	30	0	0	0	0
0.104000	32.918896	116	207	746	40	1	0	1	0
0.054000	32.745264	188	260	952	34	3	1	2	0
0.000000	32.649655	108	201	740	31	0	0	0	0
0.008000	31.080305	342	448	1769	36	3	0	3	0
0.104000	31.320920	101	188	687	35	0	0	0	0
0.103000	30.533651	119	205	774	34	1	0	1	0
0.095000	33.541020	81	168	621	36	0	0	0	0
0.084000	30.233593	71	161	544	35	1	0	0	1
0.095000	30.455844	88	177	723	32	2	1	1	0
0.092000	31.320920	92	179	651	33	0	0	0	0
0.069000	36.000000	36	117	475	36	0	0	0	0
0.240000	33.426847	452	587	2447	37	3	0	3	0
0.144000	35.902646	108	203	779	39	0	0	0	0
0.176000	35.649886	268	352	1348	39	2	0	2	0
0.074000	36.069378	26	134	422	36	0	0	0	0
0.138000	36.364649	143	246	964	44	1	0	1	0
0.130000	36.223038	160	262	1056	41	1	0	1	0
0.077000	36.055513	52	137	540	37	0	0	0	0
0.114000	36.643317	123	223	859	41	1	0	1	0
0.089000	35.281016	69	154	577	37	1	1	0	0
0.114000	39.465291	101	180	739	40	3	1	2	0
0.148000	39.953524	183	284	1175	44	2	1	1	0
0.381000	39.719321	439	591	2500	46	2	0	2	0
0.109000	42.107007	76	175	690	42	0	0	0	0
0.145000	40.379448	149	267	1046	45	1	0	1	0
0.111000	40.311289	94	193	723	42	0	0	0	0
0.128000	38.205635	128	228	836	40	2	0	2	0
0.137000	40.968982	141	251	980	46	1	0	1	0
0.838000	39.981209	113	213	754	45	2	0	2	0
0.165000	38.259579	184	295	1212	41	4	2	2	0
0.136000	45.559804	117	224	934	47	1	0	1	0
0.152000	46.124784	129	254	1077	48	1	0	1	0
0.154000	46.365008	149	276	1169	49	1	1	0	0
0.099000	46.690470	49	190	632	49	0	0	0	0
0.134000	42.638498	163	261	967	42	2	0	2	0
0.168000	43.843866	199	315	1355	48	2	1	1	0
0.218000	39.774893	391	538	2241	46	3	0	3	0
0.000000	44.147480	166	283	1167	52	0	0	0	0
0.074000	42.850566	84	212	729	45	1	0	1	0
0.155000	41.658272	175	292	1202	49	1	0	1	0
0.262000	46.179075	479	527	2726	48	4	1	3	0
0.123000	44.117668	377	424	2147	49	4	1	3	0
0.149000	46.690470	160	279	1172	49	0	0	0	0
0.120000	47.315154	81	213	695	53	2	0	1	1
0.089000	45.851037	453	550	2545	46	2	0	2	0
0.201000	47.579396	226	351	1506	53	1	1	0	0
0.344000	48.687898	547	674	3501	54	3	1	1	1
0.928000	50.160453	436	565	2956	56	1	0	1	0
0.256000	46.186126	297	411	1899	53	1	0	1	0
0.181000	48.351424	226	358	1558	43	1	0	1	0
0.241000	49.978651	400	470	2360	53	4	2	2	0
0.175000	51.313723	182	318	1227	59	1	0	1	0
0.123000	51.333715	98	250	858	52	1	0	1	0
0.216000	50.068884	330	445	2088	57	1	0	1	0
0.222000	51.078298	317	456	2137	56	1	0	1	0
0.215000	50.123755	312	437	2107	58	2	1	1	0
0.190000	50.283733	279	423	1893	53	1	0	1	0
0.190000	50.725051	207	352	1506	55	1	1	0	0
0.159000	50.553291	190	322	1340	53	2	1	1	0
0.217000	51.579739	372	481	1839	52	3	0	3	0
0.169000	53.644442	222	337	1550	54	4	2	2	0
0.196000	55.089898	317	407	2004	57	3	1	1	1
0.155000	57.384667	108	279	1087	68	0	0	0	0
0.231000	55.286447	677	805	3476	61	3	0	3	0
0.195000	55.901699	213	344	1548	60	0	0	0	0
0.189000	54.244289	232	383	1746	61	1	0	1	0
0.167000	57.245158	186	307	1501	57	1	0	1	0
0.229000	55.763326	270	423	1956	68	1	1	0	0
0.328000	50.910216	618	736	3298	60	2	0	2	0
0.214000	54.424259	277	424	1947	63	0	0	0	0
0.182000	61.152946	218	370	1475	61	1	0	1	0
0.181000	57.706152	209	352	1599	63	0	0	0	0
0.286000	54.760006	512	631	2854	60	5	1	4	0
0.219000	59.641062	369	482	2031	60	2	0	2	0
0.332000	58.029470	637	753	3577	63	5	1	4	0
0.164000	60.990966	175	312	1280	63	2	0	2	0
0.217000	59.893755	183	357	1538	74	1	1	0	0
0.256000	57.300072	342	499	2340	67	1	0	1	0
0.237000	57.358976	667	803	4458	65	3	1	2	0
0.395000	60.016664	231	375	1709	62	0	0	0	0
0.293000	61.029648	359	527	2595	71	1	0	1	0
0.229000	62.738634	339	464	2127	66	2	1	1	0
0.214000	63.853721	336	458	2116	66	1	0	1	0
0.196000	65.192024	140	331	1362	78	0	0	0	0
0.609000	58.895143	1076	1225	6073	65	4	1	3	0
0.252000	60.953120	398	547	2746	66	2	1	1	0
0.206000	61.522354	210	359	1638	66	0	0	0	0
0.503000	60.410910	1035	1169	6336	64	4	1	3	0
0.397000	59.939280	767	912	4342	73	2	0	2	0
0.263000	62.401618	484	633	2628	57	4	0	4	0
0.758000	67.326362	372	487	2420	72	6	1	4	1
0.277000	63.788714	336	498	2395	70	0	0	0	0
0.291000	63.193112	456	600	2383	63	3	0	3	0
0.360000	64.467080	509	657	3136	71	2	0	2	0
0.201000	66.732605	270	407	1777	67	1	0	1	0
0.306000	65.686720	535	697	3154	66	2	0	2	0
0.265000	64.792164	388	553	2601	72	3	0	3	0
0.159000	71.028163	103	252	1193	71	0	0	0	0
0.392000	67.868843	737	890	4818	64	1	0	1	0
0.163000	66.525275	199	306	1433	67	3	1	2	0
0.240000	69.050782	369	486	2483	70	3	1	2	0
0.258000	71.253921	359	520	2204	68	2	1	1	0
0.407000	66.193690	1258	1444	7151	76	4	1	3	0
0.473000	66.223213	910	1062	5249	77	5	1	4	0
0.314000	69.507122	438	637	3278	83	1	0	1	0
0.292000	71.021124	349	545	2679	89	0	0	0	0
0.427000	68.486342	820	961	5301	74	3	0	3	0
0.485000	67.782808	971	1134	5650	78	4	0	4	0
0.397000	69.563835	1075	1270	6149	78	2	0	2	0
0.224000	68.046955	462	635	2986	74	2	0	2	0
0.308000	72.737570	525	650	3272	77	5	1	4	0
1.287000	71.395364	1706	1944	11077	78	5	1	4	0
0.466000	71.312352	734	898	4399	77	7	2	5	0
0.285000	74.725775	355	508	2313	78	2	1	1	0
0.282000	72.125584	379	548	2426	76	2	0	2	0
0.400000	72.860028	606	793	4378	86	2	0	2	0
0.321000	77.610767	538	686	3240	76	3	0	3	0
0.746000	70.601386	1612	1835	9440	81	4	0	4	0
0.335000	71.897034	487	680	3482	80	2	0	2	0
0.145000	74.518454	217	431	1982	92	0	0	0	0
0.298000	75.898909	481	628	3108	80	3	1	1	1
0.238000	74.713182	363	507	2337	77	6	2	4	0
0.430000	76.063679	671	834	4211	81	2	0	2	0
0.219000	76.394741	669	842	4101	75	2	0	2	0
1.022000	74.080928	1097	1284	6579	85	6	3	3	0
0.369000	80.386830	290	515	2441	91	2	0	2	0
0.759000	74.083651	1409	1610	8404	85	4	1	3	0
0.902000	75.640929	2229	2398	13638	83	7	1	6	0
0.420000	77.242181	679	853	4572	84	2	0	2	0
0.371000	76.134084	421	627	3181	93	2	1	1	0
0.458000	84.066144	742	937	5321	89	1	0	1	0
0.921000	78.341371	1907	2148	12512	80	5	0	5	0
0.305000	82.829850	505	689	2917	84	4	1	3	0
0.396000	82.157953	624	814	4064	90	3	1	2	0
1.053000	80.856600	605	794	3526	87	3	0	3	0
1.047000	79.104846	2283	2575	14210	85	6	1	5	0
0.406000	82.008974	705	892	4369	83	3	0	3	0
0.274000	83.207956	377	557	2589	83	2	0	2	0
0.369000	80.160893	579	768	4079	87	2	1	1	0
0.632000	80.250346	1245	1456	6973	85	4	2	2	0
0.361000	82.211540	526	668	3411	93	3	2	1	0
0.459000	84.045187	823	934	4788	91	7	2	5	0
0.419000	86.417464	703	900	5008	90	2	0	2	0
1.140000	80.827653	2285	2544	15077	91	4	0	4	0
0.470000	84.228230	837	993	4569	97	4	0	4	0
0.406000	83.673387	698	899	4181	91	6	2	4	0
1.464000	83.439388	2421	2736	15329	91	6	1	5	0
0.529000	82.240359	904	1092	5336	90	6	2	4	0
0.454000	84.946969	678	857	4654	91	1	0	1	0
0.435000	84.425094	685	877	4959	89	2	1	1	0
0.261000	89.600518	360	503	2457	93	1	0	1	0
0.273000	87.431967	390	539	2717	92	2	1	1	0
0.434000	88.063507	820	913	4775	93	9	1	8	0
0.379000	89.190901	529	757	3559	101	2	0	2	0
0.492000	86.531376	1388	1675	8694	95	6	0	6	0
0.318000	91.530385	480	681	3016	91	4	0	4	0
0.381000	88.090346	601	817	3970	92	4	2	2	0
0.388000	88.557335	644	814	3899	96	3	0	3	0
0.820000	85.680291	1731	2016	10814	100	5	0	5	0
0.411000	86.798179	695	902	4148	93	3	0	3	0
0.309000	93.393233	453	639	3253	94	5	2	3	0
0.373000	88.671377	624	751	3743	99	7	0	7	0
0.374000	91.782351	548	771	4150	98	0	0	0	0
1.245000	95.132776	2788	3025	20677	96	4	0	4	0
0.593000	89.536451	1077	1261	7566	94	3	1	1	1
1.442000	90.128155	1448	1632	9709	100	3	1	2	0
0.317000	94.750523	463	647	3242	100	3	0	3	0
0.205000	90.046194	1315	1540	8092	99	8	3	5	0
1.494000	91.416807	2250	2488	14070	100	4	1	3	0
0.486000	90.507249	669	888	4984	99	2	1	1	0
1.041000	96.464761	1958	2168	14086	99	2	0	2	0
0.422000	97.610239	643	861	4853	102	1	0	1	0
0.513000	95.078814	730	919	4616	103	3	1	2	0
0.383000	93.528205	1129	1389	6888	101	3	0	3	0
0.837000	93.975224	1750	2028	10942	107	4	1	3	0
0.399000	97.131155	615	806	4102	107	2	0	2	0
0.596000	95.999566	1122	1337	7624	100	5	2	3	0
1.025000	94.809338	2220	2472	13952	109	4	1	3	0
0.451000	93.620165	741	983	5476	106	3	2	1	0
0.489000	98.097909	960	1146	5251	113	4	0	4	0
0.328000	99.206807	451	644	3231	100	5	1	3	1
0.226000	102.440307	231	433	2114	102	2	1	1	0
1.976000	96.175200	3134	3412	21085	108	5	0	5	0
0.601000	97.895303	985	1250	6234	106	4	1	3	0
0.405000	102.405793	764	936	4344	105	3	0	3	0
0.748000	97.633313	1762	2101	11482	107	4	1	3	0
0.385000	102.561385	615	810	4055	105	4	1	3	0
0.644000	98.745128	1223	1499	7679	109	3	0	3	0
1.512000	98.991548	3499	3693	20544	109	6	1	5	0
0.947000	97.813827	2348	2571	14767	109	4	0	4	0
0.522000	104.061480	870	1043	5950	119	5	1	4	0
0.488000	102.658739	942	1068	5569	111	7	1	5	1
0.513000	101.651365	781	1034	5930	105	0	0	0	0
3.016000	100.894734	3483	3775	23782	109	4	0	4	0
1.439000	100.599234	2942	3236	19902	114	5	0	5	0
0.415000	107.430613	688	880	4423	108	4	2	2	0
1.079000	103.437817	2629	2918	18489	110	4	0	4	0
0.426000	103.452031	652	864	4272	109	3	0	3	0
0.498000	101.631960	1801	2000	12626	108	4	0	4	0
0.712000	105.237446	1359	1581	9569	104	4	1	3	0
1.256000	106.115443	1153	1240	6260	121	8	1	5	2
0.279000	109.485668	186	401	1915	109	3	1	2	0
1.652000	109.549538	3836	4019	26036	111	3	0	3	0
2.306000	110.214203	5610	5880	39002	115	7	2	5	0
0.635000	106.369320	1109	1376	7184	114	3	0	3	0
1.877000	105.949933	3894	4205	25919	120	4	1	3	0
0.789000	105.631929	1528	1808	9652	120	7	3	4	0
0.760000	105.416337	1391	1642	9345	118	4	1	3	0
0.666000	108.831555	1184	1428	8411	114	4	1	3	0
0.987000	105.701715	1992	2292	13334	119	6	2	4	0
0.810000	115.698775	1493	1677	10836	114	7	2	4	1
0.636000	109.142275	976	1239	7422	118	1	0	1	0
0.440000	110.986206	720	968	4564	114	5	1	4	0
1.199000	109.582414	3567	3949	24125	123	4	1	3	0
0.722000	113.595449	1164	1408	7128	127	6	2	4	0
1.281000	110.609211	3066	3347	19813	121	4	1	3	0
1.307000	107.777379	2437	2613	17081	123	4	0	3	1
1.557000	111.751786	3314	3544	20810	120	3	1	2	0
1.953000	110.515378	4129	4375	26552	125	4	2	2	0
2.509000	109.898886	4535	4804	29522	132	3	0	3	0
0.595000	112.731554	1026	1174	6062	124	5	1	3	1
1.021000	118.817989	1694	1897	12312	120	5	3	2	0
0.523000	115.135072	897	1120	5816	125	6	2	3	1
0.723000	115.658576	1295	1547	9293	122	1	0	1	0
2.198000	113.345649	4552	4779	30966	123	3	1	2	0
0.652000	112.663115	1086	1367	7065	124	3	0	3	0
1.064000	113.038110	1989	2326	12977	121	3	0	3	0
2.080000	116.853895	3705	4030	24920	124	5	2	3	0
0.583000	114.626506	945	1179	6648	126	2	0	2	0
1.455000	112.371815	3209	3488	20790	124	4	1	3	0
0.563000	117.518196	996	1153	5795	129	6	1	5	0
1.197000	122.224049	1129	1358	8211	132	4	2	2	0
0.405000	118.312349	606	802	4277	123	5	2	3	0
0.465000	115.592299	716	965	4687	131	8	1	6	1
2.108000	118.453003	4378	4615	30802	124	6	1	5	0
0.471000	117.119109	1190	1473	8269	127	4	0	4	0
0.742000	121.467280	1364	1603	8672	127	5	1	4	0
0.919000	121.483354	1853	2084	12238	131	5	0	5	0
0.554000	118.440803	905	1151	6250	134	2	0	2	0
1.087000	121.852042	2754	3030	18223	130	4	0	4	0
0.274000	122.072744	860	1089	5375	135	5	1	3	1
0.502000	120.846746	831	1068	5280	138	5	1	3	1
0.495000	122.646601	835	1064	5563	122	7	2	5	0
1.400000	122.903799	1319	1509	8300	140	7	1	6	0
0.339000	123.971466	889	1151	5907	126	5	1	4	0
0.581000	126.128237	848	1122	4820	142	3	0	3	0
0.509000	123.583786	1549	1831	11290	129	4	1	3	0
1.014000	122.124135	2051	2392	13331	143	4	1	3	0
0.796000	120.330993	1218	1494	8475	136	4	1	3	0
1.323000	119.284450	2687	3048	19118	136	5	1	4	0
1.233000	127.740235	1476	1626	8690	143	9	2	7	0
0.758000	129.951016	1407	1639	10292	134	4	2	2	0
0.588000	123.452778	1085	1262	6445	139	4	0	3	1
0.501000	127.053118	753	1007	5094	146	8	2	6	0
1.107000	127.621149	2319	2551	16310	130	8	2	6	0
0.410000	127.605774	753	1010	5665	135	3	2	1	0
2.402000	124.250278	3395	3719	24189	129	7	0	7	0
0.850000	127.377144	1589	1894	11270	127	4	0	4	0
1.269000	122.102675	2874	3275	19651	132	4	1	3	0
1.875000	124.460261	4196	4332	26786	149	4	0	4	0
0.665000	131.006855	1210	1425	8464	135	6	1	3	2
0.370000	136.158292	736	1047	4291	147	3	0	3	0
0.644000	130.314582	1146	1440	8077	131	6	2	4	0
0.943000	131.666849	1608	1906	10955	144	5	1	4	0
0.931000	131.239170	1841	2123	12467	141	4	0	4	0
2.204000	127.097159	4097	4473	29826	146	5	1	4	0
1.541000	126.106446	3237	3633	22077	145	5	1	4	0
1.626000	128.070325	4100	4416	27352	143	4	1	3	0
1.381000	129.235301	2080	2362	14675	142	4	2	2	0
1.949000	127.334891	4485	4690	28490	137	5	1	4	0
0.575000	135.126238	892	1157	5766	149	5	1	3	1
1.067000	133.534720	1995	2196	14026	149	7	1	5	1
0.599000	130.946601	963	1207	7041	141	4	3	1	0
0.397000	135.757130	480	744	3992	136	4	3	1	0
0.981000	135.169365	1820	2117	12396	146	4	0	4	0
0.847000	132.241732	1639	1962	11794	141	5	2	3	0
1.431000	133.853746	2620	2937	17056	157	6	1	4	1
1.592000	131.103568	3039	3324	19813	149	6	1	5	0
1.355000	130.235955	1324	1620	9796	146	3	1	2	0
1.073000	131.691156	1805	2101	12233	144	2	0	2	0
1.549000	137.498814	3201	3394	21047	139	6	2	4	0
0.633000	132.677302	1213	1399	7267	150	5	0	4	1
0.808000	137.518917	1224	1465	8542	157	8	1	7	0
0.862000	140.341856	1691	1950	12094	150	6	2	4	0
0.783000	136.189612	1536	1690	9091	157	9	2	6	1
0.618000	137.601807	986	1257	7202	148	3	2	1	0
1.823000	138.555446	2146	2561	17594	144	3	1	2	0
4.270000	137.505504	8455	8919	63780	151	8	0	8	0
0.904000	142.909737	1896	2352	13738	136	4	0	4	0
1.870000	140.735369	2115	2433	15159	139	4	0	4	0
1.473000	140.922390	2783	2993	19072	147	8	3	5	0
1.055000	138.744654	2836	3034	19215	141	7	1	4	2
1.657000	142.150299	2753	2967	18875	148	6	2	4	0
0.364000	145.470702	311	583	2959	147	2	1	1	0
2.665000	137.574220	5733	6063	40535	150	6	1	5	0
0.582000	143.705099	933	1235	6331	146	5	1	4	0
1.127000	140.529116	1653	1963	12776	150	4	1	3	0
4.785000	143.292111	9367	9809	69996	156	7	1	6	0
1.273000	142.527796	2890	3312	21078	157	4	0	4	0
1.035000	142.494728	1926	2239	13206	159	4	0	4	0
0.696000	142.723475	1211	1449	7601	157	9	2	5	2
0.657000	144.254097	1230	1469	7774	157	8	2	5	1
0.582000	147.277483	949	1242	6261	166	5	1	3	1
0.958000	149.903659	2169	2424	15521	157	3	1	2	0
2.157000	142.683044	3437	3660	23245	146	7	2	5	0
0.747000	145.041691	1886	2143	13346	170	6	1	4	1
0.679000	143.981508	805	1113	5768	166	9	2	7	0
1.621000	142.547550	2291	2620	16290	148	5	1	4	0
1.671000	142.483361	3240	3658	23820	158	4	0	4	0
2.036000	144.024959	3566	3904	26237	161	6	1	5	0
1.601000	147.687762	3078	3331	20962	153	6	3	3	0
0.671000	151.096774	920	1220	6266	171	5	1	4	0
0.652000	146.673807	1035	1301	7397	156	4	2	1	1
0.311000	149.906620	654	963	5403	155	4	2	2	0
0.826000	151.506998	1273	1614	8393	175	4	1	3	0
1.075000	152.014763	1841	2307	14159	156	6	2	4	0
1.358000	149.982013	1339	1657	9327	167	5	1	4	0
2.835000	149.591203	5431	5870	40593	159	5	0	5	0
1.080000	150.129579	2084	2456	14449	172	5	1	4	0
1.941000	149.498025	3970	4351	29722	163	6	1	5	0
0.479000	155.902863	642	955	5399	156	6	3	2	1
1.092000	154.214172	1202	1499	8510	178	7	1	6	0
0.765000	152.899223	1166	1470	8294	172	7	2	5	0
0.695000	148.309201	1028	1344	7691	167	9	2	7	0
1.119000	156.250430	1993	2308	16403	158	5	2	2	1
1.789000	149.958717	3848	3985	25036	165	10	3	7	0
2.176000	149.297888	4502	4929	33621	168	5	0	5	0
1.241000	154.760732	2753	3144	20162	168	5	1	4	0
2.503000	151.049861	4106	4497	29604	167	6	1	5	0
1.717000	152.896146	3743	4025	25419	164	5	2	3	0
0.737000	158.234902	1156	1460	8208	176	8	2	6	0
0.832000	156.462929	1439	1719	10521	176	7	1	6	0
0.623000	159.073457	921	1214	6946	169	2	1	1	0
1.902000	157.689686	3422	3798	27952	165	3	1	2	0
0.933000	155.807457	1457	1782	10423	179	5	0	5	0
0.955000	155.414132	1652	1964	12192	176	6	0	6	0
3.220000	157.149540	5513	5820	40581	166	7	2	5	0
0.884000	157.873781	1502	1829	11162	181	3	0	3	0
3.431000	159.657107	7325	7835	55131	176	4	0	4	0
0.888000	155.017899	1730	2088	13867	189	4	0	3	1
0.367000	167.568374	400	716	4051	167	3	2	1	0
0.384000	166.934240	403	717	3678	167	5	2	3	0
1.006000	163.878962	2441	2682	17189	173	7	2	5	0
3.172000	158.670712	6185	6499	44283	169	6	1	5	0
1.890000	164.640678	3755	3977	25836	177	8	3	5	0
1.043000	161.152441	2594	2970	18762	167	5	1	4	0
3.224000	160.269469	7021	7518	53333	175	5	1	4	0
3.440000	157.522915	5992	6394	44071	172	5	0	5	0
2.141000	158.908272	4861	5268	35585	181	5	1	4	0
1.573000	160.964874	3225	3430	22502	179	7	2	5	0
0.957000	164.312592	1623	1925	11855	191	8	1	7	0
1.058000	168.326088	1486	1783	10385	181	8	1	7	0
1.186000	166.583445	2071	2318	14950	186	8	1	7	0
1.966000	161.808426	4683	4905	29732	169	6	1	5	0
2.393000	164.447122	5299	5461	32378	176	7	1	6	0
5.230000	163.831199	9316	9757	69822	181	5	1	4	0
0.923000	162.508603	1748	2131	13663	192	4	1	3	0
3.017000	162.440798	6330	6646	45073	172	6	1	5	0
2.951000	164.529374	6849	7155	50170	169	7	2	5	0
4.788000	164.399703	8724	9176	65100	182	5	1	4	0
1.271000	171.344706	2981	3328	22408	187	7	2	5	0
0.939000	164.049646	1650	1950	12169	191	5	0	5	0
1.168000	169.659722	2078	2357	15451	191	7	1	6	0
3.365000	169.294811	5723	6057	43658	179	5	2	3	0
2.942000	172.276066	6626	6887	49492	178	3	1	2	0
2.131000	167.916700	5163	5350	31600	183	8	2	6	0
1.014000	167.798275	1559	1920	11254	189	5	1	4	0
6.265000	168.089183	11315	11725	85025	188	7	2	5	0
3.188000	168.417163	7559	7986	55725	186	5	0	5	0
3.317000	167.982822	7656	8066	56002	180	5	1	4	0
1.541000	175.109653	2986	3198	20639	193	10	3	6	1
1.879000	170.289478	2373	2624	17593	195	8	1	7	0
1.127000	169.677866	1926	2217	14047	200	5	0	5	0
0.902000	173.101794	1511	1850	11690	183	4	3	1	0
0.474000	173.885464	839	1163	7042	173	4	2	2	0
1.007000	170.583174	2485	2762	17747	187	7	2	4	1
3.235000	172.452761	5584	5931	42733	187	5	2	3	0
1.424000	172.003277	2336	2603	17040	191	4	0	4	0
6.770000	170.600296	12166	12550	90724	187	8	2	6	0
1.426000	169.678812	2382	2685	17565	196	4	2	2	0
1.298000	177.244413	2281	2555	16099	194	5	0	5	0
1.010000	179.291384	2339	2625	16566	194	6	1	5	0
2.482000	176.099876	5177	5489	38288	178	8	2	5	1
0.996000	175.727258	2226	2493	16206	200	6	1	5	0
0.832000	175.856691	1360	1670	10247	187	4	1	1	2
1.369000	177.800607	2679	2929	18987	194	7	0	7	0
1.115000	175.942459	706	1037	5758	181	5	1	3	1
1.833000	175.140959	3840	4212	29327	191	10	1	9	0
2.537000	172.573673	4672	4987	31669	180	10	3	7	0
5.852000	177.360970	11814	12171	87320	194	7	0	7	0
1.178000	179.122933	2147	2431	15596	201	7	1	6	0
2.779000	182.160918	4622	4959	34319	184	7	2	4	1
2.255000	179.582376	4836	5171	36222	200	6	0	6	0
0.895000	178.900582	1415	1770	10666	205	8	2	6	0
1.433000	179.263016	2689	2951	18973	205	7	1	5	1
1.235000	178.366361	2444	2775	17972	214	7	1	5	1
1.039000	180.928181	1871	2188	14411	187	4	2	2	0
3.200000	180.758533	6442	6763	48464	175	11	2	8	1
2.421000	181.029281	4664	4914	33441	197	8	1	7	0
1.964000	175.444114	3932	4149	28337	199	6	1	5	0
2.544000	185.326336	5709	6047	42446	188	7	1	5	1
1.309000	180.413980	2423	2712	17015	201	7	2	4	1
0.707000	185.330016	1019	1381	8456	192	6	3	2	1
2.553000	186.488727	4813	5245	36859	191	5	0	4	1
3.073000	186.720754	5704	5957	38750	203	9	3	6	0
2.213000	183.197867	5173	5421	32543	209	10	4	6	0
2.082000	182.856917	4095	4409	30626	194	4	1	3	0
1.507000	182.699996	3031	3306	21741	203	6	2	4	0
2.795000	178.778177	4342	4619	27847	201	8	1	7	0
3.164000	183.607608	5941	6307	44501	192	6	2	4	0
0.564000	192.628092	938	1297	7792	195	6	2	4	0
0.939000	185.689706	2578	2868	18346	206	9	2	5	2
2.858000	188.584963	5171	5604	40036	190	8	2	5	1
3.290000	188.524381	6071	6421	46115	192	6	2	4	0
2.420000	184.766159	5095	5309	34928	206	7	1	6	0
2.728000	185.001084	4492	4776	33854	209	5	1	4	0
2.410000	183.286868	4240	4463	29931	210	6	3	3	0
1.476000	186.210753	3320	3648	25009	205	4	1	3	0
2.297000	188.893043	4559	4882	34200	200	5	1	4	0
4.487000	189.280799	7478	7748	54752	198	6	2	4	0
1.951000	192.281051	3834	4248	29527	206	7	2	5	0
1.373000	192.977910	2255	2582	19787	195	5	2	3	0
1.242000	194.365834	2437	2777	21423	194	5	2	3	0
5.557000	194.342542	11488	11862	85118	204	6	2	4	0
2.922000	187.316364	4894	5132	33840	209	6	1	5	0
2.127000	187.728441	4211	4541	31465	201	4	1	3	0
2.376000	190.503868	5057	5540	42839	195	9	3	6	0
1.542000	193.826471	2485	2863	18322	215	6	1	5	0
3.009000	191.431842	4236	4580	31761	203	4	1	3	0
2.350000	188.015680	5110	5488	34782	199	8	1	7	0
2.686000	197.205102	6275	6565	52052	198	8	2	6	0
1.984000	194.211477	2547	2939	19130	218	6	1	5	0
1.921000	198.901437	3641	3995	28741	208	7	3	4	0
1.003000	195.940878	1861	2246	14771	205	4	2	2	0
1.333000	198.438922	3353	3686	26593	207	5	2	3	0
3.750000	196.998484	6961	7306	52665	202	7	1	5	1
1.863000	195.113167	4413	4833	33250	206	6	0	4	2
2.291000	198.880271	5085	5502	38703	200	8	1	6	1
0.709000	196.557819	1018	1383	8342	204	4	3	1	0
4.068000	194.545968	7375	7668	54134	209	5	2	3	0
0.884000	198.363368	1666	2037	13274	207	6	2	2	2
5.763000	201.553955	4466	4787	34764	207	7	3	4	0
2.268000	200.090511	4569	4777	28181	230	8	2	6	0
0.871000	201.019215	1386	1802	11484	207	6	3	3	0
7.442000	200.566956	11859	12239	88356	212	4	1	3	0
4.150000	199.503583	8537	8891	61873	207	5	2	3	0
5.716000	202.297507	13026	13363	97240	208	6	2	4	0
4.682000	201.319154	10115	10503	78927	210	9	3	6	0
3.427000	198.565293	5579	6218	46660	211	7	2	5	0
2.238000	199.586787	4929	5213	35796	222	8	1	7	0
1.868000	205.735377	3646	4008	28696	207	4	1	3	0
1.004000	209.032574	1650	2035	15051	210	7	3	3	1
3.962000	207.415427	9103	9478	69593	216	8	3	5	0
2.454000	203.251194	5296	5541	32927	226	10	2	8	0
1.889000	202.865368	2038	2408	15932	211	5	1	4	0
3.669000	201.917753	8557	8920	62384	215	3	1	2	0
5.197000	204.245704	9124	9479	66761	224	9	1	8	0
3.902000	200.427348	4978	5251	34431	226	7	1	5	1
4.319000	198.535292	5129	5423	38469	220	5	1	4	0
3.539000	200.187265	7106	7349	47683	226	8	1	6	1
2.043000	202.763440	3993	4352	26998	214	6	1	5	0
3.880000	205.172408	6467	6744	47573	229	5	1	4	0
2.106000	202.181691	4625	4990	34911	215	5	1	4	0
3.796000	204.689535	7175	7528	50245	228	8	0	8	0
3.613000	203.160919	6317	6586	46372	231	5	2	3	0
3.599000	208.626676	7615	8035	53356	232	7	2	5	0
4.985000	204.794428	10199	10566	76021	222	9	2	7	0
2.272000	203.944914	5250	5566	37933	221	9	1	8	0
4.120000	206.318315	9359	9759	70713	225	8	1	7	0
5.291000	206.552665	10666	11082	83693	213	8	2	6	0
3.751000	211.521545	6990	7441	54133	219	9	3	6	0
6.278000	210.017595	12381	12813	98459	229	7	1	6	0
5.306000	209.794185	10787	11178	81875	228	8	1	7	0
5.340000	211.302209	11328	11774	91776	231	6	1	5	0
5.918000	211.910729	11423	11756	82258	234	7	1	6	0
3.931000	211.598341	8826	9217	62353	234	7	1	6	0
3.205000	207.966647	6589	6806	44782	229	7	1	6	0
5.351000	212.432661	11394	11772	80950	240	7	2	5	0
5.511000	212.145627	11074	11509	85468	235	5	1	4	0
4.772000	211.953139	10913	11305	85959	220	9	3	6	0
1.445000	215.646673	2436	2824	19537	220	6	2	3	1
1.282000	218.525794	2467	2862	19990	225	4	2	2	0
1.247000	218.483676	2343	2744	19005	223	5	3	2	0
6.533000	220.022082	14112	14415	103337	229	7	3	4	0
4.930000	213.638991	10655	11094	79292	237	9	2	7	0
5.480000	214.369094	10966	11443	89165	231	6	1	5	0
5.440000	214.464787	11562	11899	81552	241	8	1	7	0
4.793000	215.991496	10639	10981	74239	240	7	1	6	0
3.058000	212.566482	5924	6118	38370	233	10	3	7	0
6.393000	217.668770	11851	12247	91580	240	5	1	4	0
6.739000	222.330975	13128	13467	97580	239	5	2	3	0
2.621000	215.473474	4320	4627	34807	230	6	3	3	0
2.231000	213.998055	4753	5074	36157	242	6	1	5	0
5.565000	216.668296	10511	11020	85941	237	6	1	5	0
6.110000	217.354563	12735	13277	103283	237	7	1	6	0
8.656000	220.929188	17032	17298	132964	228	8	2	6	0
1.549000	216.505021	4481	4869	33373	239	6	1	5	0
3.220000	217.405076	6966	7252	47297	248	7	3	3	1
6.024000	218.042083	12636	13011	91354	253	9	2	7	0
6.521000	218.863247	13706	14023	103031	242	9	1	8	0
1.079000	224.143347	1741	2164	14496	228	4	2	2	0
6.561000	223.735078	13596	13915	100543	231	7	3	4	0
2.002000	220.417754	5281	5490	41632	251	6	2	4	0
5.591000	221.576285	10240	10667	77855	251	8	1	7	0
8.079000	223.012070	16846	17162	135435	249	7	1	6	0
4.717000	221.827298	10325	10660	71851	247	10	2	8	0
5.699000	226.000538	12042	12410	82953	249	8	1	7	0
4.393000	221.160906	8491	8886	58154	248	8	2	6	0
2.777000	218.943020	6652	6890	42145	249	8	1	7	0
3.486000	216.716316	6487	6804	42951	243	7	1	6	0
6.309000	228.239560	13248	13583	98535	234	10	5	5	0
9.165000	225.435910	17153	17456	137295	256	7	1	6	0
2.381000	222.622606	5353	5698	40556	249	5	1	4	0
3.052000	220.089524	5186	5508	34666	258	8	1	6	1
3.355000	223.507967	6792	7101	44413	255	7	3	4	0
3.723000	224.324867	7109	7399	47425	254	7	3	4	0
3.339000	220.753368	6517	6854	44090	248	7	2	5	0
9.154000	224.068867	14735	15178	111699	252	6	1	5	0
5.794000	222.788309	11511	11935	88205	244	8	1	7	0
7.896000	228.690126	16253	16640	129749	241	8	2	6	0
5.147000	228.114590	11839	12192	82796	261	8	1	7	0
5.662000	224.673445	10839	11169	74004	263	8	1	7	0
3.088000	226.115947	6905	7212	45267	250	7	3	4	0
5.561000	227.780872	9890	10317	72206	254	8	2	6	0
6.172000	231.247780	12236	12640	89219	258	8	3	5	0
6.006000	233.347057	13545	13871	100721	249	5	2	3	0
3.857000	230.819314	6980	7251	43335	248	9	3	6	0
2.955000	228.087765	6195	6403	47004	261	7	2	5	0
2.979000	225.468552	6440	6812	44532	246	8	1	7	0
3.658000	226.410854	8866	9353	66609	250	8	1	7	0
1.254000	235.072494	2061	2488	17133	239	7	3	4	0
6.980000	238.542544	15647	16017	114016	257	4	1	3	0
7.171000	237.674265	16152	16446	120694	242	10	3	7	0
5.475000	234.401332	12151	12508	85570	259	10	2	8	0
5.319000	232.223151	10099	10467	70559	260	10	2	8	0
6.253000	232.393986	13781	14118	96349	258	7	1	6	0
5.292000	232.646566	11422	11800	78322	268	8	3	5	0
6.422000	232.105659	12588	12968	92250	260	8	2	6	0
8.883000	232.972341	17170	17483	136881	254	7	1	6	0
19.505000	236.460828	14726	15067	107574	235	6	2	4	0
5.763000	236.616333	10756	11289	86688	263	6	0	6	0
15.325000	237.424988	6934	7211	42603	256	9	3	6	0
7.213000	236.251239	12422	12888	98797	260	9	2	7	0
6.817000	240.126257	13803	14162	103016	261	6	2	4	0
6.390000	237.331000	11094	11552	83513	253	9	3	6	0
4.701000	234.765367	9892	10488	81260	257	6	1	5	0
3.642000	232.557203	4971	5270	39859	276	6	1	5	0
5.389000	235.636513	11504	11893	77976	271	8	2	5	1
7.390000	238.772831	14042	14583	111459	264	6	2	4	0
2.659000	234.308867	5560	5838	34340	243	8	2	6	0
1.291000	246.062505	2483	2936	20511	253	6	3	2	1
7.643000	242.654516	15911	16239	116029	248	11	3	8	0
7.002000	242.293978	15322	15627	109499	253	10	3	7	0
4.082000	241.216858	7698	7963	55874	282	8	3	5	0
20.507000	242.407741	11851	12256	81748	269	10	2	8	0
6.592000	245.286452	13843	14215	94914	276	8	1	7	0
12.291000	237.615530	5286	5571	32689	255	8	2	6	0
8.797000	242.426038	12389	12761	87912	266	12	2	10	0
6.491000	238.250769	11884	12291	81404	275	7	1	6	0
6.547000	239.598224	12525	12912	85056	273	8	2	6	0
3.251000	241.805814	6453	6678	48186	276	9	4	5	0
3.864000	245.449000	7262	7526	53289	292	8	3	5	0
6.480000	246.618979	10720	11111	74952	276	9	2	7	0
3.320000	240.167809	8035	8477	53839	274	10	3	7	0
7.482000	241.173875	15096	15583	117010	268	6	1	5	0
8.198000	244.664156	17543	17923	138210	283	5	1	4	0
7.724000	245.053241	16902	17202	124265	250	11	3	8	0
3.437000	243.664079	7965	8276	58662	276	8	2	5	1
7.027000	246.110353	13538	13915	100324	260	9	3	6	0
6.370000	247.591471	14548	14885	108920	256	7	2	5	0
6.795000	250.141365	14678	15022	110407	256	9	3	6	0
8.483000	247.570696	15764	16320	127085	265	7	2	5	0
4.832000	250.709251	10808	11207	74676	278	9	3	6	0
5.844000	247.020199	12252	12664	82731	290	9	3	6	0
5.842000	245.490244	11096	11501	74708	286	9	3	6	0
4.666000	245.195851	9973	10365	67011	281	9	3	6	0
4.652000	245.457518	8651	9060	64156	272	10	3	7	0
8.541000	250.892745	18108	18321	138422	272	8	2	6	0
8.938000	249.095151	16694	17010	118644	252	10	3	7	0
7.158000	248.479747	14157	14782	114227	257	7	2	5	0
6.998000	253.762129	14645	14925	105495	258	13	4	9	0
5.527000	252.065932	13018	13404	92316	276	11	2	9	0
6.005000	254.327776	12733	13143	88060	281	10	2	8	0
4.928000	253.629409	11936	12350	83575	279	11	3	8	0
5.821000	252.374289	12282	12705	84557	280	9	2	7	0
5.088000	250.725391	11475	11833	81384	279	10	2	8	0
4.127000	249.644121	9538	9989	65678	285	10	3	7	0
7.507000	255.330416	15499	15979	125367	282	6	2	4	0
3.797000	251.817394	7175	7440	52243	296	8	3	5	0
8.865000	252.163663	17514	17861	141436	278	8	2	6	0
3.653000	259.593835	6877	7278	59609	270	8	4	4	0
8.222000	257.978893	17311	17624	121317	273	10	3	7	0
6.046000	255.185849	13286	13673	94367	283	11	2	9	0
5.446000	257.108158	12464	12899	85479	290	8	2	6	0
6.233000	253.910838	12342	12766	82553	309	9	3	6	0
2.712000	253.492616	5949	6271	36626	271	8	3	5	0
4.602000	254.910245	10102	10619	77401	292	9	3	6	0
5.811000	253.975821	11381	11860	87417	283	9	2	7	0
9.181000	253.150877	18146	18361	142509	283	7	2	5	0
4.718000	255.057411	11062	11472	77024	285	10	2	8	0
5.652000	265.445498	9258	9685	77112	275	11	5	6	0
4.821000	259.016652	8446	8787	60658	305	8	2	6	0
5.433000	261.094436	11913	12273	84336	287	11	2	9	0
6.754000	257.503353	11551	12004	88178	282	9	2	6	1
6.046000	257.194203	12525	12980	97410	279	8	2	6	0
3.702000	258.443915	7523	7778	56636	294	11	4	7	0
4.821000	261.278821	10210	10692	71813	296	9	2	7	0
4.374000	258.182190	8170	8483	52188	297	10	3	7	0
4.356000	260.023083	10690	11123	75124	291	10	3	7	0
4.559000	258.046385	8244	8584	60088	293	8	2	6	0
7.232000	263.664567	15175	15471	110013	270	14	4	10	0
7.566000	266.917008	16722	17076	117505	283	10	3	7	0
4.173000	260.911651	8225	8563	59455	308	8	2	6	0
4.520000	260.653275	9771	10256	67218	286	10	3	7	0
5.256000	260.478146	9832	10295	67362	301	12	5	6	1
5.111000	262.094798	9947	10467	76092	303	8	2	5	1
5.393000	259.463802	11702	12220	90826	295	8	2	6	0
5.017000	262.345423	9397	9738	67016	315	8	2	6	0
7.787000	267.633746	15641	15909	113195	271	13	4	9	0
8.679000	261.359613	18289	18511	141987	293	7	2	5	0
3.922000	270.651750	8145	8541	65964	279	7	4	3	0
5.944000	266.549706	12477	12883	88897	294	12	3	9	0
5.397000	263.648459	11185	11741	86502	301	9	3	6	0
4.784000	267.741111	10083	10563	70176	301	9	2	7	0
4.065000	264.727150	8635	8988	61842	315	8	2	6	0
8.210000	267.908439	17082	17542	137708	285	10	2	8	0
9.004000	268.103212	18567	18922	149675	293	10	3	7	0
12.194000	268.407490	15583	15864	111880	292	12	2	10	0
4.075000	267.351087	7810	8139	57277	311	9	3	6	0
3.963000	266.621666	7964	8214	59171	306	11	4	7	0
5.875000	274.073509	10806	11284	89049	288	8	3	4	1
4.080000	273.971650	9126	9564	73677	285	10	4	6	0
7.157000	271.375642	14474	14810	102269	301	11	2	9	0
5.118000	270.712617	10109	10589	69265	310	11	4	7	0
6.077000	272.038479	12856	13325	91304	304	11	2	9	0
4.466000	268.781296	9168	9531	65527	329	8	2	6	0
5.360000	268.989514	10714	11208	80298	296	10	3	7	0
3.585000	271.311702	7312	7617	54529	313	10	5	5	0
3.683000	269.392352	7321	7615	55160	310	10	5	5	0
3.614000	270.453859	7331	7625	54361	311	9	3	6	0
4.776000	275.152767	9764	10106	77140	290	7	3	4	0
4.971000	275.815491	9440	10032	79104	289	10	4	6	0
9.075000	277.048902	18796	19112	146959	286	11	4	7	0
7.581000	274.802265	15646	15932	112646	282	13	4	9	0
4.540000	269.455978	9344	9670	69031	293	10	3	7	0
5.248000	272.726978	9708	10096	69237	332	8	2	6	0
9.181000	277.334040	18401	18721	143319	296	10	3	7	0
6.402000	279.150703	13801	14237	98717	305	11	2	9	0
4.030000	273.087896	8554	8783	64083	305	10	3	7	0
4.124000	274.687780	8907	9136	66840	294	11	5	6	0
6.902000	284.343496	13935	14304	112388	297	8	4	4	0
7.111000	284.589408	15115	15408	120738	290	11	4	7	0
4.738000	279.749207	9419	9796	75121	292	9	3	5	1
5.483000	280.494752	10841	11310	87199	294	8	4	4	0
4.197000	278.868315	7678	8004	57664	328	10	4	6	0
3.434000	278.339187	8137	8429	61290	315	11	5	6	0
4.384000	280.622257	8866	9113	66917	306	10	3	7	0
3.363000	278.840752	7760	8119	58506	331	10	4	6	0
4.211000	277.509576	7913	8237	59532	317	11	5	6	0
6.683000	280.459282	12793	13237	106029	290	8	4	4	0
6.450000	283.229570	12308	12718	99382	298	8	4	4	0
8.005000	286.934569	15227	15512	121611	295	11	4	6	1
6.900000	284.290978	12482	12967	103694	300	10	4	6	0
7.602000	287.138317	16352	16714	128661	301	9	4	5	0
8.840000	285.875538	18505	18887	144415	299	10	3	7	0
4.017000	281.437424	8648	8884	65352	309	10	3	7	0
4.077000	280.072911	7590	7905	56238	332	10	4	6	0
3.981000	280.925956	8411	8785	61122	331	9	3	6	0
9.220000	285.346698	19562	19781	154726	293	11	3	8	0
3.853000	281.695374	7873	8203	59301	318	10	4	6	0
5.780000	289.132907	10296	10862	86552	300	10	5	5	0
6.664000	290.266728	14235	14558	114601	305	10	3	6	1
4.916000	287.579328	9018	9596	75476	299	12	4	8	0
7.408000	289.497846	16225	16527	127045	299	8	3	5	0
4.282000	284.175807	8489	8870	61607	337	9	3	6	0
8.865000	287.626089	18825	19168	148533	315	9	2	7	0
8.613000	287.795858	19106	19407	151617	316	10	3	7	0
4.794000	285.227990	8292	8591	62823	331	10	4	6	0
11.511000	291.409878	18179	18391	142018	304	10	4	5	1
6.601000	285.107618	9137	9567	73955	304	13	4	9	0
5.409000	292.638395	9278	9711	74862	312	12	3	7	2
9.276000	292.051000	16156	16468	127537	301	12	4	8	0
10.159000	289.658074	19070	19389	149391	301	11	4	7	0
4.752000	288.354680	8727	8975	65441	320	10	3	7	0
4.648000	287.161573	8359	8669	63345	331	10	4	6	0
9.033000	294.781978	14737	15056	117288	308	10	4	6	0
7.488000	290.989688	14460	14749	116451	304	11	4	7	0
7.384000	297.178667	15741	16067	122575	309	8	4	4	0
5.052000	292.208066	10232	10760	82615	303	9	4	5	0
6.188000	290.513334	13183	13584	108172	305	7	3	4	0
6.033000	296.150738	11166	11704	93439	300	12	5	6	1
6.408000	294.751709	13121	13527	107053	309	8	3	4	1
6.290000	297.185014	13377	13794	108793	306	8	4	4	0
7.200000	294.994232	13630	14033	110082	309	8	2	4	2
6.285000	294.390062	12344	12815	100395	306	10	4	6	0
6.470000	292.502157	13769	14160	111677	302	11	4	7	0
7.518000	295.513430	14304	14675	115073	306	9	4	5	0
9.685000	296.147240	18666	18865	143432	306	8	4	4	0
7.076000	294.870531	13661	14087	110635	313	8	4	4	0
7.518000	297.808109	17209	17494	131010	315	7	3	4	0
8.950000	301.295285	14786	15089	116762	318	9	4	5	0
8.692000	302.094951	17180	17496	132871	319	11	4	6	1
5.663000	298.408852	12134	12634	98684	318	11	4	5	2
6.331000	298.634041	13115	13580	105722	324	8	3	4	1
8.337000	300.447806	15086	15416	118614	315	8	4	4	0
6.563000	299.687248	14790	15097	116877	318	10	3	7	0
7.334000	299.789099	15691	15985	122320	313	11	4	7	0
5.295000	297.956287	11979	12474	97591	321	10	3	7	0
7.505000	299.906440	14679	14982	116646	310	11	4	7	0
7.176000	299.803864	15102	15449	118929	319	8	4	4	0
6.395000	304.512648	14282	14649	114214	315	8	4	4	0
9.538000	306.703837	18614	18827	139396	327	9	4	5	0
6.216000	301.876921	14188	14558	114211	311	11	4	7	0
9.479000	303.808086	18657	18861	139223	328	7	3	4	0
8.113000	303.268708	18587	18802	139005	326	7	3	4	0
6.886000	298.524398	12898	13365	104573	316	11	4	7	0
8.677000	305.996985	18136	18429	135075	329	9	4	5	0
4.708000	304.261278	7853	8503	61845	310	10	3	6	1
3.857000	305.960905	8047	8710	63495	315	10	2	6	2
2.679000	304.532890	5613	6154	37991	316	8	2	6	0
9.243000	307.575479	17531	17814	132319	327	7	3	4	0
8.111000	308.610547	18059	18337	135138	328	8	4	4	0
8.268000	304.932689	17254	17523	131902	321	10	3	6	1
6.809000	304.649444	14543	14879	115923	321	11	4	7	0
7.610000	309.736724	17303	17605	130030	325	9	5	4	0
8.238000	308.992341	18558	18786	137083	323	7	3	4	0
4.428000	312.049098	8684	9279	68068	303	8	1	6	1
3.048000	309.731016	6453	6954	44641	331	9	2	5	2
4.386000	309.196130	8692	9314	68346	316	9	2	6	1
7.377000	307.180566	15583	16108	127408	318	12	4	8	0
8.257000	314.393492	15731	16053	121390	333	7	3	4	0
7.026000	312.587066	14663	15014	116435	324	10	4	6	0
8.050000	314.123683	15685	16015	121623	324	8	4	4	0
8.061000	311.448740	14874	15198	116972	331	8	3	4	1
7.830000	312.208813	17488	17773	133158	326	11	5	6	0
9.768000	309.867093	18953	19108	145222	324	11	4	7	0
9.489000	311.953395	18993	19190	139440	329	8	4	4	0
8.436000	315.476731	18707	18943	137095	315	8	4	4	0
6.270000	309.207199	13084	13573	105537	330	12	3	7	2
9.663000	312.605972	19077	19216	145244	326	11	5	6	0
8.569000	314.579626	18100	18367	135595	332	10	3	7	0
8.163000	315.253116	16879	17172	128532	330	12	5	7	0
9.765000	316.505997	19134	19300	144361	330	11	4	7	0
10.592000	317.181838	18513	18778	136830	336	10	4	6	0
9.922000	314.398803	17681	17959	133049	333	11	4	7	0
9.022000	311.269299	14646	14993	116617	324	11	4	7	0
10.339000	318.440575	17543	17866	132707	335	10	5	5	0
8.011000	316.605827	18049	18357	137406	334	10	4	6	0
8.520000	315.050357	17630	17948	133609	325	10	5	5	0
7.437000	315.411661	17488	17766	131638	331	10	4	6	0
7.988000	318.090221	14438	14837	115308	323	10	4	6	0
8.963000	320.415631	17295	17598	130643	339	10	5	5	0
10.858000	319.971003	18375	18658	140647	333	11	5	6	0
7.775000	314.776663	15294	15646	119318	336	10	3	7	0
9.125000	318.445577	18718	18917	138697	340	8	4	4	0
7.860000	321.474969	17756	18081	131018	339	8	4	4	0
9.089000	320.020040	19018	19165	145122	334	11	4	7	0
3.780000	319.751709	8199	8862	64808	327	9	2	6	1
4.837000	317.187808	9231	9806	72721	322	8	1	6	1
4.454000	319.020372	8766	9347	69177	337	12	4	7	1
9.863000	321.434448	18755	18954	138493	340	11	4	7	0
10.546000	326.795337	18820	19068	136613	347	9	4	5	0
10.156000	326.242434	18808	19061	136805	348	8	4	4	0
8.151000	321.342060	17038	17332	128702	335	12	5	7	0
9.506000	322.809528	19016	19200	140786	340	11	4	7	0
8.198000	320.946171	18529	18756	137935	339	11	4	7	0
8.468000	322.643310	18022	18352	137194	342	11	6	5	0
8.052000	326.621147	17661	17983	130446	341	9	5	4	0
5.831000	323.397215	10333	10827	81668	335	13	5	7	1
5.289000	323.913345	8855	9446	68135	321	12	3	8	1
10.212000	326.900784	18419	18713	140724	341	11	5	6	0
13.323000	325.979190	18565	18806	136780	350	10	3	7	0
9.362000	326.336062	18500	18762	136521	352	10	3	7	0
8.039000	324.142731	17215	17503	130344	336	13	5	8	0
6.808000	321.219246	14835	15207	117236	339	10	3	7	0
8.165000	329.633795	17639	17983	131639	345	10	6	4	0
8.977000	328.219579	18599	18827	136202	349	7	3	4	0
8.890000	327.640458	17807	18141	131012	345	8	4	4	0
4.835000	331.097611	10426	10919	82287	347	12	4	7	1
4.587000	327.314881	8587	9232	66734	340	10	3	6	1
8.616000	333.486986	18494	18772	140699	346	13	5	8	0
9.669000	331.890312	19127	19381	146557	340	11	5	6	0
7.944000	333.931358	17730	18059	130486	351	9	5	4	0
8.341000	332.043644	18284	18623	133568	353	9	5	4	0
7.914000	328.218653	18041	18330	137895	346	12	4	8	0
9.260000	332.174810	19330	19591	147996	339	11	4	7	0
3.954000	333.773582	8667	9255	66823	354	12	4	7	1
5.268000	331.150111	9783	10323	77322	350	9	1	7	1
6.710000	327.871599	15095	15523	121023	345	13	4	8	1
4.576000	330.042996	9537	10112	75032	338	8	2	5	1
9.280000	339.109088	18797	19049	135360	360	9	4	5	0
9.062000	334.397973	18207	18519	133854	357	8	5	3	0
10.128000	337.611047	19499	19734	149386	345	11	4	7	0
8.903000	336.901364	17641	17979	130822	354	10	6	4	0
9.158000	336.367339	17842	18203	133892	356	10	5	5	0
8.385000	337.351807	18402	18737	139603	347	11	6	5	0
8.379000	332.977928	18631	18944	141859	347	10	5	5	0
7.669000	335.119349	17348	17670	129396	351	10	6	4	0
7.592000	331.150952	16047	16506	130049	345	10	1	8	1
6.717000	333.043503	14588	14987	115187	345	15	5	9	1
9.111000	339.056488	17830	18152	130895	358	8	4	4	0
7.754000	340.533853	17495	17819	130473	359	12	6	6	0
8.509000	338.232157	18465	18789	140443	354	11	6	5	0
7.215000	339.374574	14489	14925	116128	361	10	1	8	1
4.346000	337.671336	9538	10129	75104	354	8	2	5	1
4.691000	339.300865	8904	9488	68127	355	11	4	6	1
5.486000	335.936303	12490	12855	99012	351	11	2	8	1
4.491000	341.066953	8988	9597	68518	348	10	3	6	1
5.641000	338.372346	10783	11237	83535	347	14	5	8	1
4.161000	341.504331	8752	9353	66399	346	13	5	7	1
9.198000	342.171393	18803	19124	143082	358	11	6	5	0
8.662000	345.308635	17606	17944	130394	362	11	6	5	0
4.487000	342.309940	8859	9462	67418	355	11	4	6	1
3.670000	342.774973	8894	9486	67863	353	12	5	6	1
5.020000	344.002481	9298	9823	70844	356	13	5	7	1
5.168000	341.923036	9295	9816	71049	354	13	5	7	1
4.631000	343.750722	8935	9507	67923	355	13	6	6	1
5.384000	343.514218	10787	11242	83231	355	13	5	7	1
4.397000	340.829965	9414	9970	73433	345	10	3	6	1
5.127000	342.932667	8962	9527	68663	355	14	6	7	1
8.941000	346.694671	18389	18747	139568	359	11	6	5	0
8.935000	345.520008	18253	18583	133272	365	12	5	7	0
7.228000	343.802740	14546	14921	113893	365	14	5	8	1
6.747000	346.437112	13509	13908	105208	358	13	5	8	0
5.957000	344.610860	11909	12305	93189	352	14	5	8	1
7.343000	346.650886	15226	15641	120365	364	15	5	9	1
4.968000	346.859574	10138	10624	78742	367	14	5	8	1
7.117000	345.222524	13470	13866	106337	358	15	5	9	1
4.242000	346.074018	8962	9527	69009	361	14	6	7	1
5.199000	345.228896	9635	10190	76307	351	11	3	7	1
9.854000	350.495015	18481	18809	139664	369	12	6	6	0
9.368000	349.551373	18580	18927	141318	364	13	6	7	0
8.058000	346.780121	18173	18514	132567	373	10	4	6	0
8.904000	348.479552	18138	18483	131751	371	8	4	4	0
8.402000	346.269223	16221	16676	127859	369	13	5	8	0
9.327000	346.021384	18596	19027	147042	366	13	5	8	0
5.519000	348.771413	11100	11507	86837	367	14	5	8	1
7.198000	348.174035	15180	15576	120045	357	16	5	10	1
5.057000	350.788294	8940	9532	69704	361	14	5	8	1
4.224000	349.077687	8905	9504	69569	358	12	3	8	1
8.974000	350.126928	18829	19140	142903	365	12	4	8	0
9.224000	350.645682	19033	19326	144840	359	14	5	9	0
8.289000	351.476798	17817	18173	132908	372	13	5	8	0
8.398000	356.206503	18301	18655	138205	365	11	6	5	0
5.270000	353.033061	9635	10190	74693	366	9	3	5	1
4.307000	353.967248	9091	9703	70963	363	11	2	7	2
4.392000	355.046632	9357	9884	72999	362	15	5	9	1
7.199000	351.397398	14550	14941	115830	364	16	5	10	1
4.359000	357.826147	9090	9620	70357	357	14	5	8	1

