0.000000	3.605551	0	0	0	1	0	0	0	0
0.000000	2.828427	0	0	0	1	0	0	0	0
0.000000	3.162278	0	0	0	1	0	0	0	0
0.001000	3.605551	0	0	0	1	0	0	0	0
0.000000	2.000000	0	0	0	1	0	0	0	0
0.000000	3.000000	0	0	0	1	0	0	0	0
0.000000	1.414214	0	0	0	1	0	0	0	0
0.000000	2.000000	0	0	0	1	0	0	0	0
0.000000	2.000000	0	0	0	1	0	0	0	0
0.000000	3.605551	0	0	0	1	0	0	0	0
0.000000	5.385165	0	0	0	1	0	0	0	0
0.000000	6.403124	0	0	0	1	0	0	0	0
0.001000	4.123106	0	0	0	1	0	0	0	0
0.000000	6.000000	0	0	0	1	0	0	0	0
0.001000	7.280110	0	0	0	1	0	0	0	0
0.000000	5.385165	0	0	0	1	0	0	0	0
0.000000	4.000000	0	0	0	1	0	0	0	0
0.001000	4.000000	0	0	0	1	0	0	0	0
0.001000	7.071068	0	0	0	1	0	0	0	0
0.000000	7.071068	0	0	0	1	0	0	0	0
0.001000	9.486833	0	0	0	1	0	0	0	0
0.001000	8.602325	0	0	0	1	0	0	0	0
0.000000	9.000000	0	0	0	1	0	0	0	0
0.001000	10.440307	0	0	0	1	0	0	0	0
0.000000	10.198039	0	0	0	1	0	0	0	0
0.000000	8.602325	0	0	0	1	0	0	0	0
0.000000	8.062258	0	0	0	1	0	0	0	0
0.000000	10.295630	0	0	0	1	0	0	0	0
0.000000	7.810250	0	0	0	1	0	0	0	0
0.001000	8.062258	0	0	0	1	0	0	0	0
0.001000	13.000000	0	0	0	1	0	0	0	0
0.001000	13.038405	0	0	0	1	0	0	0	0
0.001000	15.132746	0	0	0	1	0	0	0	0
0.001000	13.038405	0	0	0	1	0	0	0	0
0.001000	12.727922	0	0	0	1	0	0	0	0
0.001000	15.000000	0	0	0	1	0	0	0	0
0.001000	12.041595	0	0	0	1	0	0	0	0
0.001000	12.369317	0	0	0	1	0	0	0	0
0.000000	15.033296	0	0	0	1	0	0	0	0
0.001000	11.661904	0	0	0	1	0	0	0	0
0.001000	17.464249	0	0	0	1	0	0	0	0
0.018000	15.485281	4	23	25	1	2	0	1	1
0.000000	16.552945	0	0	0	1	0	0	0	0
0.001000	18.027756	0	0	0	1	0	0	0	0
0.001000	16.492423	0	0	0	1	0	0	0	0
0.001000	18.110770	0	0	0	1	0	0	0	0
0.012000	17.867957	8	27	53	1	4	0	2	2
0.009000	18.024152	5	21	33	1	3	0	1	2
0.000000	16.278821	0	0	0	1	0	0	0	0
0.001000	16.124515	0	0	0	1	0	0	0	0
0.007000	22.209345	4	12	15	1	2	0	1	1
0.008000	21.029987	4	24	26	1	3	0	2	1
0.001000	20.223748	0	0	0	1	0	0	0	0
0.000000	23.000000	0	0	0	1	0	0	0	0
0.001000	19.416488	0	0	0	1	0	0	0	0
0.000000	22.803509	0	0	0	1	0	0	0	0
0.001000	19.849433	0	0	0	1	0	0	0	0
0.011000	22.131873	7	27	47	1	5	0	2	3
0.001000	21.023796	0	0	0	1	0	0	0	0
0.015000	20.238327	5	27	43	1	3	0	1	2
0.020000	26.248931	2	31	42	1	1	0	1	0
0.012000	24.538825	5	23	37	1	3	0	1	2
0.013000	25.455808	5	28	38	1	3	0	2	1
0.001000	25.495098	0	0	0	1	0	0	0	0
0.001000	27.073973	0	0	0	1	0	0	0	0
0.001000	25.179357	0	0	0	1	0	0	0	0
0.001000	24.515301	0	0	0	1	0	0	0	0
0.001000	25.961510	0	0	0	1	0	0	0	0
0.001000	24.186773	0	0	0	1	0	0	0	0
0.001000	24.166092	0	0	0	1	0	0	0	0
0.001000	28.861739	0	0	0	1	0	0	0	0
0.013000	28.035058	12	37	66	1	4	0	3	1
0.001000	28.844410	0	0	0	1	0	0	0	0
0.013000	28.508097	4	29	35	1	2	0	1	1
0.001000	30.479501	0	0	0	1	0	0	0	0
0.012000	28.999563	5	31	52	1	4	0	2	2
0.014000	29.510157	6	39	54	1	4	0	1	3
0.013000	25.958217	8	29	46	1	3	0	3	0
0.001000	29.154759	0	0	0	1	0	0	0	0
0.002000	30.000000	0	0	0	1	0	0	0	0
0.033000	34.095474	4	27	36	1	3	0	1	2
0.022000	33.706730	7	36	41	1	4	0	3	1
0.009000	32.649655	0	0	0	1	0	0	0	0
0.019000	31.622216	12	49	100	1	4	0	3	1
0.004000	31.320920	0	0	0	1	0	0	0	0
0.014000	30.630005	6	26	46	1	3	0	1	2
0.004000	33.541020	0	0	0	1	0	0	0	0
0.004000	30.232433	0	0	0	1	0	0	0	0
0.011000	30.858414	11	31	64	1	2	0	1	1
0.001000	31.320920	0	0	0	1	0	0	0	0
0.001000	36.000000	0	0	0	1	0	0	0	0
0.014000	34.354671	13	58	133	1	5	0	3	2
0.000000	35.902646	0	0	0	1	0	0	0	0
0.012000	35.656270	8	31	49	1	3	0	2	1
0.001000	36.069378	0	0	0	1	0	0	0	0
0.016000	36.732472	4	36	59	1	3	0	1	2
0.009000	36.326725	6	25	44	1	3	0	1	2
0.002000	36.055513	0	0	0	1	0	0	0	0
0.008000	38.424187	6	39	69	1	4	0	1	3
0.015000	35.559112	5	32	50	1	3	0	1	2
0.005000	39.569596	9	18	32	1	4	0	2	2
0.012000	40.316714	9	48	82	1	6	0	3	3
0.012000	41.117217	15	61	123	1	5	0	2	3
0.001000	42.107007	0	0	0	1	0	0	0	0
0.013000	41.032299	8	36	68	1	5	0	2	3
0.001000	40.311289	0	0	0	1	0	0	0	0
0.011000	40.220462	5	32	48	1	4	0	2	2
0.008000	42.020568	6	26	48	1	5	0	2	3
0.010000	40.340038	4	24	34	1	3	0	2	1
0.011000	39.063025	10	47	89	1	5	0	3	2
0.012000	47.899495	16	41	104	1	3	0	1	2
0.010000	47.135299	9	39	61	1	3	0	1	2
0.016000	46.875298	7	37	72	1	3	0	1	2
0.001000	46.690470	0	0	0	1	0	0	0	0
0.011000	42.831797	10	41	88	1	4	0	2	2
0.013000	46.258221	12	55	125	1	5	0	2	3
0.011000	39.848195	14	52	112	1	4	0	3	1
0.001000	44.147480	0	0	0	1	0	0	0	0
0.015000	43.392967	5	25	35	1	3	0	1	2
0.014000	42.124612	5	33	51	1	3	0	1	2
0.009000	46.225602	17	23	33	1	4	0	3	1
0.008000	45.142306	14	23	37	1	6	0	4	2
0.001000	46.690470	0	0	0	1	0	0	0	0
0.011000	47.711116	7	44	82	1	5	0	2	3
0.009000	46.870058	8	32	46	1	4	0	3	1
0.009000	50.038561	15	34	88	1	5	0	2	3
0.010000	49.150407	12	40	68	1	4	0	3	1
0.009000	50.691612	12	40	76	1	3	0	1	2
0.013000	47.413912	7	39	61	1	6	0	2	4
0.013000	48.679464	5	33	39	1	2	0	1	1
0.011000	50.146720	15	23	36	1	5	0	3	2
0.009000	51.860413	4	28	45	1	3	0	1	2
0.011000	52.110972	4	19	26	1	2	0	1	1
0.013000	50.806248	8	38	64	1	3	0	2	1
0.013000	51.588991	8	37	69	1	6	0	2	4
0.014000	51.806248	11	40	66	1	3	0	2	1
0.014000	52.004595	12	40	79	1	3	0	1	2
0.010000	52.627417	14	40	82	1	4	0	1	3
0.012000	52.338428	20	42	119	1	6	0	2	4
0.014000	51.633758	11	47	90	1	4	0	3	1
0.011000	54.019478	12	28	51	1	6	0	3	3
0.013000	55.547794	16	29	57	1	5	0	2	3
0.002000	57.384667	0	0	0	1	0	0	0	0
0.016000	55.790180	19	57	106	1	5	0	3	2
0.002000	55.901699	0	0	0	1	0	0	0	0
0.013000	57.049151	21	43	116	1	3	0	1	2
0.010000	57.537319	10	42	82	1	3	0	1	2
0.015000	56.454420	6	35	54	1	2	0	1	1
0.014000	51.831652	16	47	84	1	6	0	3	3
0.001000	54.424259	0	0	0	1	0	0	0	0
0.012000	61.219544	13	63	158	1	2	0	1	1
0.000000	57.706152	0	0	0	1	0	0	0	0
0.013000	56.331184	14	59	121	1	9	0	5	4
0.011000	60.081386	9	47	78	1	4	0	2	2
0.013000	59.490796	19	58	120	1	7	0	5	2
0.009000	61.327045	6	34	51	1	4	0	2	2
0.015000	60.258850	3	48	44	1	2	0	1	1
0.016000	60.033379	15	39	101	1	7	0	2	5
0.015000	58.506176	19	47	112	1	7	0	3	4
0.001000	60.016664	0	0	0	1	0	0	0	0
0.012000	65.941125	13	59	113	1	2	0	1	1
0.012000	62.698291	9	49	83	1	2	0	2	0
0.010000	64.313708	9	43	66	1	2	0	1	1
0.001000	65.192024	0	0	0	1	0	0	0	0
0.011000	59.202508	23	52	129	1	5	0	4	1
0.017000	61.843802	13	55	111	1	5	0	2	3
0.001000	61.522354	0	0	0	1	0	0	0	0
0.018000	61.018476	27	67	207	1	7	0	4	3
0.013000	62.046503	23	59	150	1	8	0	3	5
0.015000	63.769616	15	55	98	1	6	0	4	2
0.014000	67.372889	16	36	50	1	6	0	4	2
0.001000	63.788714	0	0	0	1	0	0	0	0
0.014000	63.568964	13	48	98	1	5	0	3	2
0.011000	66.500625	9	35	56	1	6	0	3	3
0.014000	66.844752	10	47	85	1	2	0	1	1
0.011000	66.481026	16	44	107	1	5	0	3	2
0.012000	66.393251	12	43	101	1	9	0	4	5
0.002000	71.028163	0	0	0	1	0	0	0	0
0.012000	67.868843	18	45	112	1	1	0	1	0
0.011000	67.142136	6	35	51	1	5	0	3	2
0.015000	69.322000	16	36	59	1	4	0	1	3
0.012000	72.102436	12	47	108	1	4	0	2	2
0.016000	67.449760	27	69	160	1	7	0	5	2
0.020000	68.085783	24	68	159	1	10	0	6	4
0.014000	72.496705	15	47	132	1	4	0	2	2
0.001000	71.021124	0	0	0	1	0	0	0	0
0.017000	70.220462	21	66	149	1	5	0	3	2
0.021000	69.875026	28	80	198	1	11	0	5	6
0.018000	71.384597	27	66	167	1	7	0	3	4
0.011000	68.447611	7	24	31	1	4	0	2	2
0.014000	73.280488	15	41	44	1	7	0	4	3
0.021000	72.763708	28	87	268	1	9	0	6	3
0.016000	74.692082	21	68	157	1	12	0	7	5
0.014000	74.898196	16	62	142	1	3	0	2	1
0.009000	73.798111	7	39	55	1	4	0	2	2
0.008000	74.927874	11	39	90	1	3	0	1	2
0.010000	77.655373	8	44	54	1	4	0	3	1
0.020000	70.916851	35	76	184	1	6	0	4	2
0.011000	74.665621	21	47	143	1	8	0	3	5
0.002000	74.518454	0	0	0	1	0	0	0	0
0.015000	76.063465	17	30	61	1	5	0	2	3
0.012000	74.928282	17	30	54	1	7	0	5	2
0.011000	78.972761	12	38	67	1	6	0	3	3
0.011000	77.945109	15	50	105	1	7	0	3	4
0.020000	77.515823	29	75	176	1	9	0	6	3
0.007000	80.434758	7	48	54	1	4	0	2	2
0.018000	77.909432	36	68	189	1	6	0	4	2
0.021000	76.781370	53	102	261	1	8	0	7	1
0.000000	79.873067	22	50	136	1	5	0	2	3
0.017000	77.119018	12	46	97	1	4	0	1	3
0.007000	84.066144	5	35	31	1	1	0	1	0
0.019000	79.352550	35	89	300	1	8	0	6	2
0.014000	83.729474	16	59	126	1	6	0	4	2
0.009000	84.205451	14	42	92	1	7	0	3	4
0.015000	81.447699	14	49	106	1	5	0	3	2
0.021000	80.992282	57	103	303	1	9	0	6	3
0.016000	83.118541	19	64	155	1	8	0	4	4
0.011000	84.672074	7	39	63	1	4	0	2	2
0.015000	81.492994	15	55	113	1	4	0	2	2
0.014000	82.716414	29	63	137	1	6	0	4	2
0.013000	82.470038	16	29	49	1	5	0	2	3
0.014000	84.636124	31	57	150	1	9	0	6	3
0.015000	87.307286	20	52	166	1	4	0	1	3
0.026000	83.146517	47	112	387	1	12	0	6	6
0.012000	85.927557	17	50	93	1	6	0	4	2
0.014000	86.141910	22	71	170	1	11	0	6	5
0.022000	84.154716	61	111	335	1	8	0	6	2
0.015000	85.534340	27	78	181	1	13	0	7	6
0.013000	88.629266	27	55	155	1	5	0	2	3
0.012000	85.940479	21	54	132	1	5	0	2	3
0.011000	90.324472	14	33	51	1	5	0	0	5
0.013000	88.324599	16	35	54	1	6	0	0	6
0.012000	88.690416	28	53	113	1	10	0	8	2
0.010000	91.101816	11	44	75	1	6	0	3	3
0.015000	87.440930	26	88	194	1	10	0	7	3
0.012000	91.551356	12	41	74	1	5	0	4	1
0.015000	90.368576	26	67	210	1	9	0	4	5
0.013000	91.433812	22	57	127	1	6	0	3	3
0.017000	86.770249	33	101	256	1	10	0	6	4
0.014000	87.708135	14	48	107	1	5	0	3	2
0.012000	93.477907	12	32	48	1	5	0	3	2
0.010000	90.612086	27	52	87	1	12	0	6	6
0.003000	91.782351	0	0	0	1	0	0	0	0
0.025000	97.176608	35	94	264	1	7	0	5	2
0.012000	90.935546	20	51	138	1	7	0	2	5
0.013000	91.170210	22	60	178	1	9	0	2	7
0.015000	95.446777	9	42	91	1	7	0	4	3
0.019000	92.852704	32	83	214	1	13	0	8	5
0.024000	93.427369	48	91	259	1	6	0	4	2
0.016000	94.142050	30	60	182	1	11	0	4	7
0.022000	100.757118	34	85	272	1	8	0	4	4
0.017000	99.903462	9	49	83	1	5	0	2	3
0.014000	97.908648	25	63	204	1	9	0	4	5
0.017000	93.887890	23	62	137	1	4	0	3	1
0.022000	95.958826	38	70	178	1	6	0	4	2
0.018000	99.837532	13	51	108	1	9	0	3	6
0.018000	97.275542	28	77	201	1	8	0	4	4
0.020000	97.803355	45	82	219	1	6	0	4	2
0.017000	97.732311	46	75	274	1	11	0	4	7
0.013000	99.009969	24	57	125	1	7	0	4	3
0.008000	99.253333	12	31	46	1	5	0	3	2
0.009000	102.486833	12	34	59	1	2	0	1	1
0.031000	99.351364	58	125	508	1	12	0	6	6
0.019000	101.293982	32	99	249	1	8	0	5	3
0.011000	103.866479	15	57	131	1	6	0	3	3
0.032000	101.082949	39	114	293	1	6	0	4	2
0.013000	103.962680	19	61	148	1	8	0	4	4
0.020000	99.577263	22	62	148	1	4	0	3	1
0.027000	100.898421	74	122	351	1	8	0	6	2
0.020000	102.750638	51	83	230	1	6	0	4	2
0.012000	105.930524	27	60	125	1	12	0	4	8
0.014000	103.324525	27	55	104	1	9	0	5	4
0.003000	101.651365	0	0	0	1	0	0	0	0
0.029000	104.351490	59	125	424	1	11	0	6	5
0.024000	103.337764	57	113	422	1	13	0	8	5
0.012000	108.827899	21	62	159	1	8	0	4	4
0.024000	106.032001	50	124	413	1	9	0	5	4
0.016000	104.295645	11	49	96	1	8	0	4	4
0.025000	105.933270	46	78	270	1	14	0	6	8
0.020000	108.145360	39	77	245	1	8	0	4	4
0.012000	106.179758	31	61	118	1	9	0	5	4
0.010000	109.569596	11	32	58	1	4	0	2	2
0.029000	114.163255	57	104	401	1	9	0	5	4
0.032000	110.161958	85	131	485	1	10	0	6	4
0.020000	111.602194	36	103	251	1	7	0	4	3
0.028000	106.664091	75	112	360	1	7	0	5	2
0.020000	109.829969	42	99	263	1	12	0	7	5
0.018000	108.358133	33	85	230	1	9	0	5	4
0.018000	110.797961	30	81	232	1	7	0	4	3
0.019000	109.149899	46	94	289	1	10	0	6	4
0.016000	116.302640	27	68	138	1	9	0	5	4
0.021000	112.261372	19	79	166	1	6	0	2	4
0.016000	111.813822	20	71	175	1	8	0	5	3
0.028000	110.863008	74	112	378	1	7	0	5	2
0.017000	114.287995	21	61	121	1	5	0	4	1
0.028000	112.200058	64	106	331	1	6	0	4	2
0.025000	110.537960	55	87	310	1	14	0	6	8
0.027000	114.024332	71	103	330	1	6	0	3	3
0.031000	112.310065	92	128	450	1	7	0	4	3
0.030000	111.396266	94	143	516	1	12	0	6	6
0.016000	113.977298	34	66	160	1	11	0	4	7
0.020000	119.456410	37	75	199	1	8	0	4	4
0.016000	115.514835	30	67	139	1	10	0	4	6
0.018000	115.658576	9	45	69	1	1	0	1	0
0.030000	116.776454	72	118	472	1	7	0	4	3
0.018000	114.121401	23	72	147	1	7	0	4	3
0.022000	114.571909	35	71	186	1	6	0	4	2
0.026000	117.526143	72	105	357	1	7	0	5	2
0.020000	117.514380	25	77	184	1	10	0	3	7
0.027000	113.824357	67	106	327	1	6	0	4	2
0.010000	119.744501	32	59	140	1	12	0	6	6
0.016000	122.576861	28	69	169	1	7	0	3	4
0.013000	119.237189	27	65	126	1	10	0	4	6
0.010000	115.656614	18	50	57	1	9	0	6	3
0.034000	120.152456	84	136	641	1	13	0	7	6
0.000000	118.801527	23	87	235	1	11	0	5	6
0.000000	123.163639	24	66	165	1	11	0	6	5
0.022000	125.060066	44	88	258	1	12	0	6	6
0.020000	121.713416	18	64	146	1	10	0	3	7
0.027000	125.572958	74	107	377	1	11	0	5	6
0.012000	122.137060	18	49	66	1	6	0	3	3
0.012000	120.945740	21	53	84	1	7	0	3	4
0.016000	123.851021	32	66	162	1	11	0	6	5
0.013000	125.317976	37	68	162	1	15	0	7	8
0.019000	124.763946	23	81	207	1	7	0	5	2
0.014000	126.662712	13	39	50	1	5	0	3	2
0.023000	126.869742	45	85	305	1	7	0	4	3
0.022000	125.498460	52	114	330	1	12	0	5	7
0.020000	124.339752	38	94	309	1	9	0	5	4
0.022000	122.368664	42	116	315	1	9	0	6	3
0.015000	130.151420	39	70	196	1	17	0	9	8
0.017000	130.255934	31	71	181	1	7	0	3	4
0.015000	125.580948	31	61	129	1	13	0	3	10
0.015000	128.990255	32	76	175	1	13	0	7	6
0.024000	128.779290	48	101	252	1	11	0	6	5
0.018000	128.979651	27	65	144	1	7	0	2	5
0.026000	125.558197	38	127	323	1	11	0	7	4
0.018000	129.503714	32	87	272	1	11	0	5	6
0.001000	127.978426	65	130	369	1	7	0	4	3
0.031000	129.680678	89	107	393	1	16	0	7	9
0.017000	131.834404	26	61	111	1	8	0	3	5
0.014000	137.473339	14	42	59	1	5	0	3	2
0.020000	131.540185	25	94	229	1	9	0	6	3
0.018000	134.530771	26	66	170	1	12	0	6	6
0.023000	136.099549	48	93	300	1	11	0	5	6
0.034000	129.092545	78	149	521	1	11	0	6	5
0.032000	132.968525	79	145	485	1	9	0	5	4
0.035000	129.534307	85	118	388	1	6	0	4	2
0.026000	134.728444	50	86	292	1	15	0	6	9
0.034000	130.246819	93	128	436	1	7	0	5	2
0.015000	135.213495	21	53	84	1	7	0	3	4
0.017000	134.356742	39	82	199	1	13	0	5	8
0.021000	131.928986	28	66	135	1	7	0	2	5
0.018000	136.371469	26	67	152	1	7	0	3	4
0.026000	140.028858	42	86	276	1	11	0	5	6
0.022000	135.435519	53	97	367	1	11	0	5	6
0.022000	138.465821	62	115	340	1	12	0	6	6
0.032000	135.107576	68	128	369	1	14	0	7	7
0.021000	134.945100	38	82	255	1	15	0	5	10
0.024000	134.983126	40	76	245	1	8	0	3	5
0.022000	138.078413	59	101	288	1	9	0	4	5
0.015000	134.968250	35	68	150	1	16	0	5	11
0.021000	140.066414	39	82	204	1	13	0	7	6
0.021000	141.226137	36	83	212	1	10	0	6	4
0.018000	138.149962	38	72	162	1	16	0	8	8
0.020000	139.292149	26	62	115	1	8	0	1	7
0.022000	141.734248	27	88	246	1	8	0	4	4
0.068000	139.165148	139	215	928	1	11	0	8	3
0.030000	145.101696	34	102	279	1	10	0	5	5
0.025000	142.188642	44	90	317	1	10	0	5	5
0.026000	142.478706	49	98	259	1	11	0	6	5
0.026000	140.379834	51	100	261	1	11	0	5	6
0.024000	143.227417	51	100	277	1	10	0	4	6
0.015000	146.174921	12	31	54	1	5	0	0	5
0.042000	141.297085	93	143	663	1	13	0	7	6
0.023000	144.406471	21	77	195	1	8	0	5	3
0.033000	142.612620	38	67	220	1	10	0	4	6
0.063000	144.316806	152	223	972	1	11	0	8	3
0.031000	143.560668	39	110	301	1	7	0	4	3
0.034000	147.541509	42	81	255	1	11	0	5	6
0.017000	143.520880	37	74	190	1	14	0	7	7
0.016000	144.983615	35	77	191	1	14	0	6	8
0.012000	147.379035	21	53	85	1	7	0	3	4
0.019000	151.032448	44	92	236	1	11	0	3	8
0.023000	143.219424	61	102	313	1	9	0	5	4
0.019000	147.383056	43	86	236	1	12	0	4	8
0.019000	145.424187	34	75	184	1	13	0	8	5
0.022000	143.709497	25	90	218	1	9	0	5	4
0.021000	145.616042	48	120	343	1	10	0	5	5
0.029000	146.144276	64	134	478	1	13	0	8	5
0.022000	150.171985	56	106	307	1	11	0	5	6
0.016000	152.575969	39	79	242	1	11	0	5	6
0.018000	148.299582	26	62	108	1	9	0	2	7
0.012000	149.943947	11	32	58	1	5	0	2	3
0.018000	153.125495	21	64	127	1	6	0	4	2
0.024000	153.481350	32	112	301	1	9	0	6	3
0.017000	152.053144	23	83	182	1	13	0	6	7
0.035000	153.206093	98	167	637	1	13	0	7	6
0.023000	153.717710	44	112	338	1	12	0	6	6
0.030000	152.624299	77	144	541	1	12	0	7	5
0.018000	156.472545	23	64	127	1	8	0	4	4
0.018000	155.840984	35	78	220	1	15	0	7	8
0.018000	154.634610	39	81	244	1	14	0	6	8
0.015000	150.317518	35	77	200	1	16	0	9	7
0.018000	157.910715	18	79	188	1	9	0	5	4
0.028000	153.496782	79	114	383	1	16	0	8	8
0.029000	152.896071	69	149	496	1	12	0	6	6
0.025000	156.546246	54	105	402	1	12	0	6	6
0.032000	154.672488	79	154	537	1	13	0	7	6
0.038000	156.968322	88	130	463	1	11	0	5	6
0.023000	159.886266	35	78	221	1	15	0	8	7
0.024000	159.255540	44	89	258	1	17	0	7	10
0.020000	161.135944	28	61	131	1	8	0	1	7
0.027000	159.312116	33	94	294	1	8	0	5	3
0.015000	158.036744	26	84	217	1	14	0	6	8
0.014000	157.534890	30	82	230	1	14	0	7	7
0.048000	159.201606	90	153	623	1	14	0	8	6
0.017000	161.649935	27	81	201	1	13	0	5	8
0.051000	162.813047	136	213	863	1	10	0	5	5
0.021000	159.174006	50	98	274	1	18	0	7	11
0.010000	167.817924	21	58	119	1	5	0	2	3
0.016000	167.598270	24	65	140	1	8	0	5	3
0.023000	164.491158	60	95	353	1	10	0	6	4
0.037000	162.209292	101	165	688	1	13	0	7	6
0.027000	165.910746	74	105	398	1	11	0	6	5
0.025000	162.888880	49	105	371	1	12	0	6	6
0.049000	163.990780	112	188	719	1	11	0	6	5
0.044000	161.717675	106	186	704	1	11	0	6	5
0.039000	164.467441	104	179	682	1	16	0	8	8
0.032000	162.341357	70	109	375	1	11	0	5	6
0.021000	167.536582	46	89	288	1	18	0	8	10
0.037000	169.138136	42	89	233	1	11	0	7	4
0.020000	168.077305	40	83	211	1	13	0	7	6
0.046000	165.078786	94	125	441	1	13	0	7	6
0.047000	165.963086	102	133	431	1	14	0	8	6
0.054000	167.889510	150	205	890	1	15	0	7	8
0.021000	165.246749	44	85	261	1	13	0	4	9
0.044000	165.574921	111	176	753	1	12	0	7	5
0.043000	166.226571	112	165	759	1	13	0	8	5
0.051000	168.725681	145	204	837	1	13	0	6	7
0.027000	172.904414	61	136	402	1	13	0	6	7
0.020000	168.057400	50	88	273	1	16	0	6	10
0.025000	172.900145	50	119	334	1	13	0	6	7
0.039000	171.706061	75	122	543	1	11	0	6	5
0.043000	174.002257	96	134	688	1	9	0	5	4
0.036000	169.940118	99	138	442	1	14	0	7	7
0.017000	170.335609	28	86	233	1	15	0	6	9
0.060000	170.377645	179	255	1105	1	12	0	8	4
0.045000	172.416275	127	204	803	1	11	0	6	5
0.045000	171.152219	130	193	747	1	10	0	6	4
0.022000	175.761402	61	92	313	1	12	0	7	5
0.020000	174.041906	65	105	392	1	17	0	8	9
0.019000	174.239688	51	91	293	1	14	0	4	10
0.022000	176.848986	37	82	197	1	6	0	2	4
0.016000	175.375916	32	81	203	1	9	0	4	5
0.027000	174.364941	59	105	360	1	14	0	5	9
0.039000	176.582237	79	126	570	1	10	0	5	5
0.026000	176.476167	59	102	387	1	12	0	5	7
0.065000	172.593589	202	266	1223	1	13	0	9	4
0.026000	173.443622	54	100	361	1	13	0	5	8
0.020000	178.448727	54	90	280	1	12	0	5	7
0.020000	180.003039	57	94	326	1	10	0	5	5
0.032000	176.812922	81	143	501	1	13	0	6	7
0.023000	178.607909	52	120	333	1	12	0	5	7
0.017000	177.826389	31	70	148	1	10	0	2	8
0.019000	178.922962	57	90	265	1	13	0	6	7
0.018000	177.811800	31	79	164	1	13	0	5	8
0.028000	176.577500	69	140	437	1	15	0	9	6
0.031000	176.791187	91	149	516	1	20	0	11	9
0.018000	180.528190	189	254	1112	1	13	0	8	5
0.026000	183.482156	52	118	321	1	13	0	6	7
0.030000	183.226082	73	139	425	1	13	0	5	8
0.041000	181.546524	83	147	513	1	14	0	5	9
0.021000	182.027377	50	95	310	1	19	0	9	10
0.026000	182.463837	61	100	355	1	16	0	6	10
0.025000	182.405662	72	106	403	1	18	0	6	12
0.021000	182.524300	34	82	194	1	7	0	3	4
0.035000	181.444391	90	151	546	1	15	0	9	6
0.032000	183.175950	84	129	542	1	17	0	9	8
0.027000	179.134542	71	111	404	1	14	0	7	7
0.034000	186.100605	82	148	498	1	13	0	5	8
0.022000	184.819435	61	97	333	1	18	0	7	11
0.020000	187.371233	29	78	178	1	11	0	5	6
0.031000	187.858194	74	144	464	1	12	0	3	9
0.034000	188.682340	108	160	580	1	13	0	7	6
0.034000	185.740834	103	139	478	1	16	0	8	8
0.035000	185.765184	61	112	438	1	14	0	6	8
0.024000	186.226243	71	106	384	1	10	0	4	6
0.031000	182.967520	92	137	474	1	19	0	10	9
0.037000	184.222285	66	123	515	1	9	0	6	3
0.020000	193.988545	33	87	213	1	10	0	6	4
0.023000	189.624180	67	99	364	1	18	0	7	11
0.028000	189.671936	79	146	494	1	14	0	6	8
0.037000	191.119311	78	123	574	1	13	0	7	6
0.039000	189.431984	102	139	547	1	16	0	8	8
0.029000	189.754388	70	112	421	1	19	0	8	11
0.028000	186.560192	72	114	405	1	19	0	9	10
0.025000	190.202519	53	104	372	1	15	0	6	9
0.032000	191.859431	75	130	532	1	16	0	7	9
0.044000	190.010036	112	150	738	1	10	0	6	4
0.032000	193.904414	74	155	514	1	13	0	6	7
0.023000	195.314250	43	98	250	1	11	0	4	7
0.021000	196.728464	44	99	259	1	11	0	4	7
0.092000	196.582737	167	230	1056	1	13	0	7	6
0.038000	192.994626	95	140	526	1	15	0	7	8
0.031000	193.024013	74	117	450	1	15	0	6	9
0.030000	191.364123	55	150	516	1	13	0	9	4
0.033000	196.510346	41	104	289	1	16	0	8	8
0.033000	196.797372	71	114	470	1	15	0	6	9
0.032000	190.733650	88	141	478	1	17	0	10	7
0.044000	198.666074	104	170	652	1	14	0	8	6
0.000000	199.124346	76	149	537	1	12	0	5	7
0.028000	203.017268	74	131	467	1	14	0	7	7
0.029000	200.590576	51	110	300	1	11	0	4	7
0.024000	199.820398	46	99	272	1	9	0	4	5
0.036000	200.180670	100	161	608	1	17	0	5	12
0.027000	197.147697	70	140	441	1	14	0	4	10
0.028000	199.586696	73	142	469	1	12	0	6	6
0.020000	198.652528	32	85	197	1	10	0	4	6
0.049000	197.126104	111	151	736	1	9	0	5	4
0.023000	201.386879	41	94	229	1	9	0	4	5
0.032000	206.185612	86	148	565	1	15	0	7	8
0.028000	201.101877	89	122	432	1	12	0	7	5
0.029000	205.599544	63	137	454	1	14	0	7	7
0.064000	201.131672	177	232	1102	1	9	0	6	3
0.057000	200.631029	119	164	770	1	9	0	5	4
0.069000	204.135145	196	247	1271	1	12	0	7	5
0.057000	203.141820	156	219	1138	1	14	0	9	5
0.035000	201.197162	74	158	662	1	13	0	8	5
0.042000	202.024167	91	139	604	1	19	0	10	9
0.028000	206.109857	50	110	293	1	11	0	3	8
0.023000	210.648923	33	90	217	1	12	0	6	6
0.058000	207.917113	148	203	857	1	14	0	6	8
0.031000	204.659556	96	139	457	1	13	0	9	4
0.023000	204.837237	36	85	184	1	11	0	4	7
0.048000	203.090352	119	161	725	1	8	0	5	3
0.048000	206.926561	135	202	868	1	18	0	10	8
2.487000	204.203862	98	137	547	1	17	0	8	9
0.052000	205.574496	91	134	526	1	17	0	7	10
0.053000	204.215728	115	150	608	1	20	0	10	10
0.012000	206.267927	77	126	451	1	19	0	10	9
0.000000	208.499677	114	146	626	1	15	0	7	8
0.000000	206.202519	77	126	533	1	15	0	7	8
0.050000	209.761108	130	195	715	1	17	0	10	7
0.044000	207.284809	111	143	586	1	15	0	7	8
0.044000	210.602045	121	176	726	1	15	0	8	7
0.056000	206.798270	153	209	1004	1	17	0	10	7
0.035000	206.299675	94	138	639	1	19	0	10	9
0.056000	208.849019	146	211	1036	1	17	0	9	8
0.063000	207.744195	155	223	1187	1	13	0	9	4
0.044000	213.805603	96	167	737	1	15	0	10	5
0.070000	213.401336	196	248	1381	1	17	0	9	8
0.066000	212.748240	167	220	1159	1	17	0	9	8
0.066000	214.348446	185	229	1294	1	16	0	8	8
0.058000	213.897088	157	213	958	1	15	0	8	7
0.053000	214.538288	146	212	870	1	15	0	8	7
0.041000	211.680918	119	159	599	1	15	0	8	7
0.060000	216.141290	170	222	1063	1	16	0	8	8
0.064000	215.173827	171	227	1030	1	16	0	7	9
0.059000	213.799628	171	223	1199	1	13	0	9	4
0.024000	217.056462	35	83	210	1	9	0	4	5
0.022000	219.884049	38	86	225	1	7	0	3	4
0.026000	220.083895	46	107	308	1	11	0	5	6
0.069000	220.980222	202	236	1297	1	10	0	7	3
0.060000	217.615151	184	248	1081	1	18	0	8	10
0.067000	216.795083	176	234	1275	1	17	0	8	9
0.055000	217.034530	160	215	1023	1	17	0	9	8
0.054000	218.083572	151	205	930	1	15	0	8	7
0.035000	214.978411	99	140	517	1	17	0	9	8
0.060000	220.314122	177	225	994	1	15	0	7	8
0.070000	222.490773	202	248	1346	1	11	0	7	4
0.028000	218.474292	64	104	396	1	18	0	8	10
0.033000	219.407138	75	122	464	1	21	0	9	12
0.061000	220.155306	162	218	1127	1	17	0	8	9
0.067000	219.591611	196	242	1313	1	17	0	9	8
0.087000	223.046826	274	314	1913	1	15	0	9	6
0.028000	219.178203	58	115	379	1	19	0	9	10
0.042000	222.663414	112	148	598	1	20	0	9	11
0.058000	220.070200	182	221	1136	1	17	0	10	7
0.066000	221.140270	205	234	1328	1	17	0	10	7
0.023000	226.814620	44	114	292	1	13	0	6	7
0.069000	227.546708	202	244	1358	1	13	0	8	5
0.032000	224.322494	86	122	490	1	17	0	7	10
0.053000	224.882318	151	210	1061	1	19	0	10	9
0.083000	225.982906	270	299	1813	1	17	0	9	8
0.052000	224.295878	152	207	983	1	19	0	11	8
0.060000	228.269707	169	217	1060	1	16	0	9	7
0.050000	224.179683	147	214	847	1	17	0	9	8
0.040000	221.877416	114	151	558	1	20	0	10	10
0.040000	220.744463	104	141	548	1	20	0	9	11
0.115000	229.772810	203	245	1321	1	16	0	10	6
0.101000	230.218504	274	303	1823	1	18	0	9	9
0.042000	228.271756	82	121	501	1	22	0	9	13
0.042000	227.316868	100	138	501	1	22	0	10	12
0.043000	227.643775	108	142	567	1	21	0	9	12
0.040000	229.957358	115	152	592	1	20	0	9	11
0.038000	227.180338	108	139	559	1	22	0	10	12
0.083000	229.250246	228	293	1301	1	18	0	8	10
0.074000	227.325585	177	219	1227	1	19	0	10	9
0.085000	229.806199	258	294	1838	1	13	0	9	4
0.062000	233.276016	180	230	1017	1	18	0	9	9
0.054000	228.102635	158	216	869	1	21	0	10	11
0.037000	231.102910	112	148	578	1	21	0	9	12
0.050000	231.111168	150	204	976	1	17	0	9	8
0.071000	234.072926	185	231	1255	1	17	0	9	8
0.068000	233.092455	204	246	1347	1	10	0	7	3
0.037000	234.725363	117	166	567	1	18	0	9	9
0.034000	231.325019	97	126	515	1	17	0	8	9
0.038000	231.210939	117	149	692	1	20	0	11	9
0.050000	228.784015	133	205	959	1	19	0	10	9
0.031000	237.791876	52	130	377	1	14	0	8	6
0.071000	242.180743	228	270	1427	1	10	0	6	4
0.077000	238.723542	244	301	1600	1	14	0	10	4
0.063000	236.535138	185	230	1212	1	20	0	11	9
0.049000	235.655562	151	208	886	1	19	0	11	8
0.065000	236.377434	211	266	1181	1	16	0	8	8
0.000000	237.421901	168	216	923	1	20	0	10	10
0.074000	236.240387	194	229	1261	1	17	0	9	8
0.108000	235.670819	272	298	1785	1	17	0	9	8
0.094000	239.248052	214	258	1399	1	14	0	8	6
0.076000	242.615467	173	227	1289	1	19	0	9	10
0.038000	239.363120	115	156	554	1	17	0	9	8
0.072000	238.925462	186	249	1142	1	21	0	11	10
0.068000	239.692576	202	246	1338	1	12	0	8	4
0.057000	238.911006	165	223	1228	1	16	0	10	6
0.052000	238.590720	145	206	1018	1	19	0	9	10
0.029000	235.723363	73	112	448	1	19	0	8	11
0.059000	240.266550	169	217	945	1	20	0	10	10
0.000000	243.058814	218	284	1365	1	18	0	8	10
0.000000	237.873056	101	138	507	1	19	0	9	10
0.029000	247.813025	54	125	392	1	11	0	5	6
0.072000	244.031588	228	279	1403	1	15	0	11	4
0.074000	244.013546	232	272	1495	1	15	0	10	5
0.065000	245.337040	126	181	625	1	18	0	8	10
0.057000	245.551232	168	221	1010	1	19	0	11	8
0.060000	248.352968	201	245	1125	1	16	0	9	7
0.033000	239.988387	91	125	463	1	19	0	9	10
0.064000	244.566470	171	231	1101	1	21	0	13	8
0.059000	243.514555	181	229	1015	1	18	0	9	9
0.058000	244.133891	195	229	1048	1	16	0	9	7
0.037000	245.854089	103	135	545	1	20	0	9	11
0.040000	248.046100	120	168	637	1	17	0	8	9
0.054000	248.819660	151	209	906	1	19	0	10	9
0.049000	245.346664	136	210	798	1	24	0	12	12
0.077000	246.779167	238	292	1424	1	20	0	9	11
0.081000	249.981628	276	302	1677	1	17	0	8	9
0.078000	247.156199	265	311	1628	1	15	0	11	4
0.041000	247.485503	128	165	661	1	23	0	11	12
0.066000	250.267434	204	242	1415	1	15	0	9	6
0.068000	248.195207	209	254	1296	1	13	0	9	4
0.072000	254.153597	213	259	1445	1	16	0	10	6
0.085000	252.622257	266	303	1881	1	16	0	9	7
0.055000	254.053237	155	212	967	1	19	0	10	9
0.059000	252.775373	184	232	1011	1	22	0	11	11
0.052000	250.533739	164	221	930	1	23	0	11	12
0.058000	250.576179	160	218	940	1	23	0	11	12
0.043000	249.315135	133	179	685	1	25	0	12	13
0.091000	251.972963	286	309	1889	1	13	0	9	4
0.081000	250.486925	264	306	1694	1	15	0	10	5
0.075000	251.476965	220	288	1710	1	16	0	9	7
0.073000	254.921286	221	256	1435	1	18	0	13	5
0.063000	254.182913	193	236	1236	1	20	0	12	8
0.058000	257.189181	188	235	1121	1	20	0	11	9
0.054000	256.114333	167	220	1019	1	21	0	12	9
0.055000	255.068188	177	226	1077	1	19	0	10	9
0.053000	254.430137	159	220	984	1	20	0	11	9
0.085000	254.434222	159	220	908	1	21	0	11	10
0.081000	258.540536	243	288	1580	1	18	0	8	10
0.043000	255.381865	121	169	655	1	20	0	9	11
0.088000	254.744381	276	306	1817	1	20	0	10	10
0.041000	261.540695	100	167	715	1	16	0	8	8
0.630000	259.940319	284	314	1683	1	15	0	10	5
0.081000	257.339079	196	249	1228	1	21	0	12	9
0.070000	262.453935	189	238	1102	1	19	0	9	10
0.059000	258.476803	182	224	999	1	22	0	11	11
0.033000	256.664821	100	138	494	1	19	0	9	10
0.050000	260.227795	144	214	824	1	22	0	10	12
0.053000	258.943524	163	237	917	1	24	0	12	12
0.089000	255.747676	283	304	1838	1	20	0	10	10
0.052000	257.467451	153	212	936	1	20	0	11	9
0.053000	267.164921	141	212	983	1	17	0	11	6
0.046000	263.079959	132	183	673	1	17	0	8	9
0.053000	265.746271	165	223	996	1	21	0	12	9
0.051000	261.564757	152	216	875	1	25	0	12	13
0.061000	262.276222	183	242	1075	1	20	0	10	10
0.038000	262.297362	116	156	623	1	22	0	11	11
0.051000	264.141245	150	208	882	1	19	0	10	9
0.056000	262.502753	131	187	671	1	25	0	13	12
0.051000	262.938961	156	222	927	1	20	0	11	9
0.044000	261.429588	134	187	759	1	20	0	9	11
0.065000	265.052757	218	259	1309	1	19	0	14	5
0.080000	269.276625	275	309	1646	1	15	0	10	5
0.049000	265.465706	135	188	734	1	20	0	9	11
0.052000	265.357273	158	218	894	1	20	0	11	9
0.052000	265.557102	158	225	920	1	24	0	13	11
0.046000	266.002382	137	195	737	1	24	0	11	13
0.060000	264.449620	181	238	1054	1	21	0	10	11
0.049000	267.240524	153	210	826	1	18	0	8	10
0.073000	268.740147	223	267	1357	1	18	0	13	5
0.086000	266.511866	283	304	1848	1	20	0	10	10
0.046000	272.937538	118	180	808	1	14	0	7	7
0.053000	269.090227	168	230	1041	1	21	0	13	8
0.057000	268.579166	167	228	949	1	24	0	11	13
0.053000	272.536567	163	220	959	1	19	0	10	9
0.054000	269.161960	137	192	739	1	20	0	9	11
0.079000	271.138928	255	310	1636	1	22	0	12	10
0.085000	271.393611	284	314	1844	1	22	0	12	10
0.072000	269.826382	231	276	1515	1	19	0	13	6
0.045000	271.395540	132	184	740	1	20	0	9	11
0.032000	269.157444	123	163	645	1	21	0	11	10
0.020000	276.509114	159	220	1110	1	18	0	8	10
0.051000	276.511991	134	199	918	1	16	0	9	7
0.069000	274.022974	217	256	1296	1	21	0	12	9
0.051000	276.142380	164	230	959	1	22	0	12	10
0.063000	274.215856	172	223	1069	1	21	0	12	9
0.048000	272.782138	150	202	822	1	18	0	8	10
0.046000	273.823390	143	186	755	1	25	0	12	13
0.037000	274.279986	116	152	629	1	21	0	10	11
0.036000	272.941593	114	150	619	1	21	0	10	11
0.037000	273.863384	119	161	647	1	19	0	9	10
0.059000	277.647178	159	228	1111	1	16	0	6	10
0.058000	278.476111	139	208	1007	1	19	0	10	9
0.088000	278.966162	286	323	1971	1	18	0	12	6
0.071000	276.060311	230	271	1457	1	19	0	13	6
0.040000	273.079590	136	167	724	1	24	0	12	12
0.051000	277.485319	160	217	895	1	20	0	9	11
0.281000	278.661970	284	313	1937	1	17	0	11	6
0.062000	281.264190	195	238	1190	1	20	0	12	8
0.041000	275.639205	129	170	676	1	22	0	11	11
0.042000	277.050202	135	183	753	1	22	0	12	10
0.075000	286.070281	234	270	1523	1	13	0	7	6
0.077000	286.416372	240	272	1550	1	17	0	11	6
0.059000	282.434875	154	225	1086	1	17	0	9	8
0.065000	284.531324	193	244	1300	1	15	0	7	8
0.040000	281.720396	115	146	609	1	21	0	10	11
0.038000	282.117082	121	159	644	1	22	0	11	11
0.046000	282.956360	132	175	715	1	22	0	11	11
0.037000	281.535623	113	146	607	1	21	0	10	11
0.036000	280.912768	117	145	621	1	21	0	11	10
0.071000	283.287394	213	253	1482	1	18	0	9	9
0.070000	286.543262	217	255	1424	1	14	0	7	7
0.076000	288.710200	240	272	1507	1	17	0	10	7
0.072000	286.586491	202	249	1407	1	19	0	11	8
0.077000	288.929047	260	295	1613	1	16	0	9	7
0.087000	287.125661	280	311	1915	1	17	0	11	6
0.039000	285.051496	125	166	646	1	21	0	11	10
0.038000	283.124979	117	149	620	1	21	0	10	11
0.043000	284.589449	137	189	752	1	20	0	9	11
0.089000	286.502820	293	325	2025	1	18	0	12	6
0.038000	284.387158	116	146	631	1	21	0	10	11
0.056000	291.934978	151	214	1109	1	19	0	10	9
0.075000	293.159138	232	270	1500	1	15	0	9	6
0.051000	289.712246	136	207	990	1	20	0	12	8
0.507000	291.563512	245	282	1514	1	14	0	8	6
0.063000	287.790891	138	192	766	1	20	0	9	11
0.100000	289.817266	284	307	1872	1	20	0	11	9
0.096000	290.650622	289	320	1938	1	21	0	12	9
0.046000	288.729129	123	162	662	1	22	0	11	11
0.093000	293.096360	292	317	1746	1	14	0	9	5
0.051000	287.187121	131	193	866	1	19	0	12	7
0.052000	294.913541	136	215	977	1	18	0	10	8
0.076000	293.777411	246	283	1502	1	16	0	11	5
0.086000	291.179620	288	322	1942	1	18	0	12	6
0.038000	292.185713	128	167	669	1	21	0	11	10
0.038000	290.659629	122	161	657	1	22	0	11	11
0.074000	297.502466	233	264	1518	1	17	0	10	7
0.075000	292.819044	234	270	1510	1	18	0	11	7
0.088000	299.676563	252	280	1625	1	16	0	8	8
0.058000	295.231405	154	224	1070	1	17	0	7	10
0.071000	294.753933	218	250	1461	1	20	0	8	12
0.059000	298.266343	171	227	1245	1	19	0	11	8
0.068000	298.204934	215	250	1457	1	20	0	9	11
0.075000	299.805774	221	256	1506	1	18	0	9	9
0.071000	299.096678	225	254	1452	1	16	0	7	9
0.067000	296.708843	204	249	1410	1	17	0	10	7
0.071000	295.723802	224	253	1480	1	20	0	12	8
0.070000	298.617339	224	251	1472	1	19	0	10	9
0.087000	298.535336	302	326	1776	1	15	0	8	7
0.072000	297.355161	222	256	1500	1	18	0	9	9
0.083000	300.377554	280	308	1699	1	15	0	8	7
0.074000	303.435999	236	271	1543	1	17	0	9	8
0.085000	303.912025	271	301	1615	1	17	0	10	7
0.068000	300.451631	202	247	1411	1	17	0	9	8
0.068000	302.088528	213	251	1422	1	17	0	7	10
0.072000	303.088442	237	267	1479	1	16	0	8	8
0.072000	302.332715	234	265	1499	1	20	0	10	10
0.028000	302.020187	246	269	1504	1	20	0	11	9
0.066000	300.523809	201	248	1398	1	19	0	9	10
0.073000	302.100326	236	271	1492	1	18	0	11	7
0.072000	302.964299	239	269	1534	1	16	0	8	8
0.075000	307.764416	225	251	1519	1	18	0	9	9
0.088000	308.741744	297	315	1708	1	16	0	9	7
0.070000	305.021046	224	253	1479	1	20	0	12	8
0.085000	306.468121	298	317	1706	1	15	0	7	8
0.084000	306.112632	297	315	1694	1	16	0	8	8
0.063000	301.452922	214	252	1410	1	19	0	11	8
0.083000	308.504520	293	313	1715	1	17	0	10	7
0.034000	307.683772	76	155	591	1	15	0	8	7
0.031000	308.015990	74	154	582	1	15	0	8	7
0.027000	306.865884	66	143	520	1	15	0	9	6
0.092000	310.319498	286	310	1686	1	18	0	8	10
0.087000	310.071873	293	312	1679	1	14	0	8	6
0.081000	306.633232	277	304	1651	1	17	0	9	8
0.071000	307.867666	230	254	1475	1	18	0	11	7
0.091000	311.929034	285	318	1709	1	17	0	9	8
0.085000	310.932938	298	311	1679	1	14	0	7	7
0.033000	314.047588	77	156	606	1	14	0	7	7
0.027000	314.158094	66	138	471	1	16	0	8	8
0.034000	311.578669	79	160	615	1	17	0	9	8
0.071000	308.737041	216	269	1522	1	16	0	11	5
0.080000	316.965603	249	278	1549	1	18	0	8	10
0.072000	315.912177	233	259	1495	1	19	0	11	8
0.075000	316.922918	251	280	1596	1	16	0	8	8
0.070000	314.746059	233	264	1494	1	18	0	8	10
0.082000	313.788232	281	314	1724	1	18	0	11	7
0.083000	311.212010	298	324	1679	1	16	0	11	5
0.085000	314.138287	303	321	1712	1	15	0	8	7
0.083000	316.887105	298	311	1704	1	13	0	8	5
0.066000	311.334184	210	253	1395	1	19	0	11	8
0.088000	313.926802	301	327	1723	1	16	0	11	5
0.084000	316.414967	289	307	1684	1	18	0	10	8
0.077000	317.440696	263	306	1554	1	22	0	12	10
0.084000	317.997901	301	327	1702	1	17	0	11	6
0.077000	320.197049	299	314	1679	1	18	0	11	7
0.000000	315.673984	285	307	1634	1	16	0	11	5
0.071000	314.600098	232	257	1513	1	18	0	11	7
0.056000	319.845699	274	313	1677	1	17	0	10	7
0.048000	319.072656	286	326	1713	1	19	0	11	8
0.082000	316.490147	281	313	1720	1	17	0	10	7
0.083000	317.911574	288	311	1684	1	18	0	11	7
0.088000	323.979613	234	258	1554	1	21	0	12	9
0.084000	322.260769	278	314	1663	1	18	0	10	8
0.084000	321.463773	291	328	1765	1	18	0	11	7
0.074000	319.958781	244	270	1501	1	22	0	11	11
0.089000	320.496245	299	317	1659	1	15	0	8	7
0.082000	323.417048	293	316	1682	1	16	0	8	8
0.084000	321.373287	301	327	1706	1	17	0	11	6
0.032000	321.672168	74	154	582	1	15	0	8	7
0.033000	319.926360	81	161	647	1	18	0	8	10
0.034000	320.506700	81	159	648	1	15	0	10	5
0.088000	323.453008	300	318	1642	1	17	0	11	6
0.083000	329.455149	299	320	1633	1	16	0	9	7
0.083000	329.013781	300	315	1620	1	14	0	8	6
0.082000	322.939812	277	309	1639	1	19	0	12	7
0.089000	327.145410	301	325	1710	1	18	0	11	7
0.083000	323.044449	297	315	1685	1	17	0	11	6
0.081000	324.800578	282	322	1730	1	18	0	11	7
0.081000	328.187120	290	316	1657	1	17	0	9	8
0.039000	324.995540	97	168	718	1	17	0	11	6
0.031000	325.629393	77	151	569	1	18	0	11	7
0.085000	328.719258	287	324	1716	1	19	0	11	8
0.082000	327.879987	295	308	1607	1	18	0	10	8
0.081000	329.482326	297	311	1652	1	19	0	10	9
0.079000	325.532171	274	310	1628	1	19	0	13	6
0.075000	324.502392	228	253	1451	1	22	0	11	11
0.082000	331.205738	281	313	1647	1	17	0	10	7
0.084000	330.451964	298	311	1627	1	16	0	7	9
0.079000	329.728237	289	312	1628	1	17	0	8	9
0.044000	332.651213	111	177	862	1	16	0	10	6
0.032000	330.398521	73	153	598	1	17	0	9	8
0.084000	334.896587	291	326	1746	1	19	0	13	6
0.086000	333.451867	303	331	1784	1	19	0	11	8
0.081000	335.647898	291	316	1645	1	17	0	9	8
0.893000	336.592889	304	328	1678	1	18	0	9	9
0.089000	330.026482	283	323	1698	1	21	0	12	9
0.090000	335.368286	303	330	1741	1	19	0	11	8
0.046000	335.281055	79	157	616	1	15	0	10	5
0.041000	333.746495	99	176	806	1	19	0	9	10
0.069000	330.662357	202	262	1421	1	20	0	12	8
0.038000	334.422953	96	170	723	1	19	0	8	11
0.082000	342.122724	300	314	1592	1	17	0	9	8
0.082000	338.610869	295	314	1629	1	17	0	9	8
0.086000	339.927463	303	328	1758	1	19	0	10	9
0.080000	338.528500	282	314	1621	1	17	0	10	7
0.081000	337.897326	281	312	1651	1	17	0	10	7
0.083000	339.716364	290	326	1747	1	19	0	11	8
0.095000	335.474678	289	325	1738	1	20	0	11	9
0.080000	336.926780	281	313	1587	1	18	0	10	8
0.069000	333.630854	211	261	1509	1	18	0	9	9
0.064000	334.914649	191	238	1279	1	20	0	13	7
0.088000	341.997045	290	314	1612	1	19	0	8	11
0.081000	342.095054	279	311	1610	1	19	0	12	7
0.083000	340.303258	290	326	1719	1	19	0	11	8
0.058000	342.822215	179	219	1275	1	19	0	9	10
0.038000	340.454590	92	171	731	1	19	0	9	10
0.030000	343.727689	79	151	575	1	20	0	11	9
0.051000	339.335351	149	196	1076	1	20	0	10	10
0.030000	343.088583	78	152	566	1	17	0	9	8
0.042000	340.409754	114	181	818	1	19	0	12	7
0.032000	343.492943	88	158	615	1	19	0	11	8
0.085000	344.191560	295	331	1736	1	19	0	11	8
0.085000	346.842292	281	313	1564	1	19	0	11	8
0.029000	344.755839	76	148	546	1	16	0	9	7
0.028000	344.912777	81	152	569	1	18	0	10	8
0.030000	345.945276	83	154	599	1	18	0	11	7
0.030000	343.733278	83	154	602	1	18	0	11	7
0.029000	345.442089	81	151	581	1	18	0	11	7
0.041000	345.234627	113	173	826	1	19	0	11	8
0.037000	343.162426	100	169	730	1	20	0	9	11
0.000000	344.621576	89	159	635	1	19	0	12	7
0.082000	348.252619	285	313	1674	1	18	0	11	7
0.081000	349.933557	300	325	1611	1	21	0	12	9
0.059000	346.592288	183	224	1231	1	19	0	12	7
0.061000	348.290228	165	207	1131	1	19	0	12	7
0.051000	346.231608	150	201	1019	1	18	0	12	6
0.070000	348.839028	218	268	1426	1	21	0	13	8
0.036000	348.891278	97	167	672	1	20	0	12	8
0.055000	346.881890	173	215	1162	1	20	0	13	7
0.033000	347.689863	89	159	633	1	19	0	12	7
0.040000	347.603586	94	167	703	1	21	0	11	10
0.084000	352.575801	286	322	1674	1	20	0	12	8
0.082000	351.614052	287	325	1664	1	20	0	13	7
0.080000	349.538093	293	313	1612	1	20	0	10	10
0.079000	351.143835	292	314	1603	1	19	0	8	11
0.069000	350.933557	217	263	1429	1	20	0	12	8
0.077000	349.174574	251	299	1664	1	20	0	12	8
0.052000	350.409754	142	191	993	1	19	0	12	7
0.064000	350.856924	196	254	1329	1	22	0	14	8
0.030000	354.640700	78	150	567	1	20	0	12	8
0.299000	351.368618	78	150	561	1	19	0	11	8
0.092000	352.328426	289	325	1710	1	22	0	12	10
0.084000	354.622957	298	328	1703	1	21	0	14	7
0.081000	352.956327	280	312	1568	1	20	0	13	7
0.079000	358.582910	281	309	1620	1	19	0	10	9
0.036000	355.847938	95	167	682	1	19	0	9	10
0.037000	355.530744	86	159	613	1	18	0	10	8
0.032000	356.671396	83	154	578	1	19	0	13	6
0.061000	353.749791	187	231	1267	1	22	0	14	8
0.032000	359.424472	83	154	576	1	18	0	12	6

