0.042000	3.605551	4	6	4	0	0	0	0	0
0.021000	2.828427	3	10	8	0	0	0	0	0
0.012000	3.162278	0	4	2	0	0	0	0	0
0.010000	3.605551	4	6	4	0	0	0	0	0
0.008000	2.000000	2	6	3	0	0	0	0	0
0.007000	3.000000	4	6	3	0	0	0	0	0
0.005000	1.414214	0	3	0	0	0	0	0	0
0.006000	2.000000	2	7	4	0	0	0	0	0
0.005000	2.000000	2	5	4	0	0	0	0	0
0.019000	3.605551	4	10	13	0	0	0	0	0
0.004000	5.385165	3	7	7	0	0	0	0	0
0.012000	6.403124	5	23	31	0	0	0	0	0
0.006000	4.123106	0	9	14	0	0	0	0	0
0.008000	6.000000	1	14	10	0	0	0	0	0
0.003000	7.280110	2	6	3	0	0	0	0	0
0.003000	5.385165	2	5	4	0	0	0	0	0
0.003000	4.000000	0	6	5	0	0	0	0	0
0.005000	4.000000	0	8	9	0	0	0	0	0
0.005000	7.071068	8	10	8	0	0	0	0	0
0.005000	7.071068	6	11	13	0	0	0	0	0
0.006000	9.486833	4	12	16	0	0	0	0	0
0.006000	8.602325	6	13	19	0	0	0	0	0
0.008000	9.000000	10	16	17	0	0	0	0	0
0.008000	10.440307	11	17	33	0	0	0	0	0
0.007000	10.198039	11	15	28	0	0	0	0	0
0.007000	8.602325	6	16	16	0	0	0	0	0
0.015000	8.062258	8	31	71	0	0	0	0	0
0.009000	10.295630	6	13	16	0	0	0	0	0
0.010000	7.810250	7	18	30	0	0	0	0	0
0.008000	8.062258	9	15	21	0	0	0	0	0
0.016000	13.000000	13	35	74	0	0	0	0	0
0.009000	13.038405	12	19	35	0	0	0	0	0
0.003000	15.132746	2	5	3	0	0	0	0	0
0.010000	13.038405	14	20	26	0	0	0	0	0
0.010000	12.727922	11	20	30	0	0	0	0	0
0.010000	15.000000	10	16	25	0	0	0	0	0
0.012000	12.041595	9	23	18	0	0	0	0	0
0.012000	12.369317	13	27	56	0	0	0	0	0
0.018000	15.033296	16	34	90	0	0	0	0	0
0.010000	11.661904	11	19	15	0	0	0	0	0
0.019000	17.464249	18	40	77	0	0	0	0	0
0.014000	15.193485	16	27	61	0	1	0	1	0
0.017000	16.552945	16	35	87	0	0	0	0	0
0.004000	18.027756	0	4	3	0	0	0	0	0
0.005000	16.492423	5	11	16	0	0	0	0	0
0.019000	18.110770	19	41	110	0	0	0	0	0
0.022000	17.066689	19	40	122	0	2	0	2	0
0.011000	17.841397	8	19	35	0	1	0	1	0
0.011000	16.278821	12	23	41	0	0	0	0	0
0.013000	16.124515	9	27	52	0	0	0	0	0
0.010000	22.000330	10	19	29	0	1	0	1	0
0.016000	20.901047	20	32	74	0	2	0	2	0
0.005000	20.223748	4	6	4	0	0	0	0	0
0.019000	23.000000	24	38	107	0	0	0	0	0
0.006000	19.416488	5	10	13	0	0	0	0	0
0.023000	22.803509	15	48	133	0	0	0	0	0
0.017000	19.849433	14	32	55	0	0	0	0	0
0.016000	21.672538	9	29	72	0	2	0	2	0
0.012000	21.023796	10	26	14	0	0	0	0	0
0.010000	20.046897	9	21	40	0	1	0	1	0
0.021000	26.248931	19	43	135	0	1	0	1	0
0.019000	24.280110	13	36	94	0	1	0	1	0
0.021000	24.836419	25	41	132	0	2	0	2	0
0.011000	25.495098	6	20	32	0	0	0	0	0
0.003000	27.073973	2	5	4	0	0	0	0	0
0.005000	25.179357	4	9	9	0	0	0	0	0
0.018000	24.515301	25	41	106	0	0	0	0	0
0.025000	25.961510	26	52	153	0	0	0	0	0
0.004000	24.186773	4	6	4	0	0	0	0	0
0.009000	24.166092	11	17	32	0	0	0	0	0
0.008000	28.861739	8	16	35	0	0	0	0	0
0.027000	27.898009	33	55	191	0	3	0	3	0
0.019000	28.844410	17	34	83	0	0	0	0	0
0.017000	28.049245	25	37	95	0	1	0	1	0
0.026000	30.479501	24	50	151	0	0	0	0	0
0.018000	28.687354	23	32	91	0	2	0	2	0
0.020000	28.730919	20	39	143	0	1	0	1	0
0.019000	25.958217	27	40	110	0	3	0	3	0
0.012000	29.154759	12	27	53	0	0	0	0	0
0.004000	30.000000	1	4	3	0	0	0	0	0
0.017000	32.918896	25	39	125	0	1	0	1	0
0.022000	32.712377	30	47	110	0	3	0	3	0
0.028000	32.649655	30	57	175	0	0	0	0	0
0.048000	31.080305	56	84	304	0	3	0	3	0
0.024000	31.320920	31	47	154	0	0	0	0	0
0.026000	30.533651	36	56	214	0	1	0	1	0
0.005000	33.541020	7	9	6	0	0	0	0	0
0.027000	30.232433	26	50	139	0	0	0	0	0
0.015000	30.204055	16	33	74	0	3	0	3	0
0.013000	31.320920	10	25	24	0	0	0	0	0
0.003000	36.000000	1	4	3	0	0	0	0	0
0.052000	33.426847	78	109	356	0	3	0	3	0
0.035000	35.902646	36	64	275	0	0	0	0	0
0.030000	35.649886	38	57	246	0	2	0	2	0
0.025000	36.069378	26	49	160	0	0	0	0	0
0.035000	36.364649	36	67	280	0	1	0	1	0
0.032000	36.215648	39	60	244	0	1	0	1	0
0.004000	36.055513	2	5	4	0	0	0	0	0
0.023000	36.643317	31	49	141	0	1	0	1	0
0.013000	35.242008	7	22	44	0	1	0	1	0
0.011000	39.426739	13	21	29	0	3	0	3	0
3.553000	39.913676	54	81	374	0	3	0	3	0
0.072000	39.719321	83	125	525	0	2	0	2	0
0.010000	42.107007	4	9	9	0	0	0	0	0
0.027000	40.379448	32	52	190	0	1	0	1	0
0.038000	40.311289	41	73	265	0	0	0	0	0
0.016000	38.205635	21	32	83	0	2	0	2	0
0.026000	40.968982	39	57	188	0	1	0	1	0
0.017000	39.981209	20	36	76	0	2	0	2	0
0.039000	38.134553	49	82	282	0	4	0	4	0
0.011000	45.559804	9	19	39	0	1	0	1	0
0.043000	46.124784	52	80	336	0	1	0	1	0
0.045000	46.317351	48	85	351	0	1	0	1	0
0.026000	46.690470	33	49	190	0	0	0	0	0
0.031000	42.638498	44	62	240	0	2	0	2	0
0.026000	43.839688	28	51	191	0	2	0	2	0
0.058000	39.774893	96	122	484	0	3	0	3	0
0.037000	44.147480	44	68	254	0	0	0	0	0
0.022000	42.850566	32	41	121	0	1	0	1	0
0.042000	41.658272	40	84	350	0	1	0	1	0
0.023000	46.140523	62	73	174	0	4	0	4	0
0.028000	44.104847	44	52	116	0	4	0	4	0
0.008000	46.690470	9	14	12	0	0	0	0	0
0.029000	47.314640	34	59	239	0	1	0	1	0
0.042000	45.851037	65	89	304	0	2	0	2	0
0.027000	47.539457	20	43	114	0	1	0	1	0
0.113000	48.648636	156	201	1015	0	2	0	2	0
0.104000	50.160453	125	172	884	0	1	0	1	0
0.036000	46.186126	51	65	216	0	1	0	1	0
0.030000	48.351424	45	63	237	0	1	0	1	0
0.029000	49.941211	52	59	105	0	4	0	4	0
0.033000	51.313723	39	73	232	0	1	0	1	0
0.030000	51.333715	43	64	214	0	1	0	1	0
0.043000	50.068884	72	96	405	0	1	0	1	0
0.027000	50.791941	22	43	101	0	1	0	1	0
0.055000	50.083218	67	110	493	0	2	0	2	0
0.055000	50.283733	51	93	360	0	1	0	1	0
0.034000	50.672425	33	61	189	0	1	0	1	0
0.025000	50.505406	17	43	146	0	2	0	2	0
0.035000	51.579739	43	68	248	0	3	0	3	0
0.014000	53.558296	17	26	43	0	4	0	4	0
0.018000	55.014095	28	38	78	0	3	0	3	0
0.038000	57.384667	39	78	325	0	0	0	0	0
0.071000	55.286447	116	149	546	0	3	0	3	0
0.011000	55.901699	11	15	29	0	0	0	0	0
0.013000	54.244289	18	28	77	0	1	0	1	0
0.027000	57.245158	20	42	117	0	1	0	1	0
0.043000	55.759833	49	79	348	0	1	0	1	0
0.071000	50.910216	117	146	589	0	2	0	2	0
0.022000	54.424259	20	40	113	0	0	0	0	0
0.076000	61.152946	118	162	840	0	1	0	1	0
0.049000	57.706152	58	99	494	0	0	0	0	0
0.059000	54.680701	88	124	585	0	5	0	5	0
0.038000	59.641062	47	75	316	0	2	0	2	0
0.063000	57.992438	103	130	608	0	5	0	5	0
0.021000	60.990966	23	39	84	0	2	0	2	0
0.032000	59.841698	39	70	265	0	1	0	1	0
0.045000	57.300072	56	81	353	0	1	0	1	0
0.086000	57.286434	124	167	783	0	3	0	3	0
0.013000	60.016664	12	18	36	0	0	0	0	0
0.029000	61.029648	27	65	177	0	1	0	1	0
0.056000	62.698291	96	121	511	0	2	0	2	0
0.058000	63.853721	100	125	546	0	1	0	1	0
0.038000	65.192024	50	71	308	0	0	0	0	0
0.191000	58.886419	273	350	1832	0	4	0	4	0
0.076000	60.838760	77	117	670	0	2	0	2	0
0.016000	61.522354	9	25	32	0	0	0	0	0
0.138000	60.400593	216	268	1528	0	4	0	4	0
0.103000	59.939280	148	189	818	0	2	0	2	0
0.052000	62.401618	68	101	443	0	4	0	4	0
0.043000	67.283776	62	86	218	0	5	0	5	0
0.021000	63.788714	16	42	116	0	0	0	0	0
0.033000	63.193112	45	70	283	0	3	0	3	0
0.032000	64.467080	50	64	208	0	2	0	2	0
0.045000	66.732605	69	99	416	0	1	0	1	0
0.062000	65.686720	99	130	611	0	2	0	2	0
0.044000	64.792164	45	78	271	0	3	0	3	0
0.007000	71.028163	2	8	9	0	0	0	0	0
0.110000	67.868843	177	223	1170	0	1	0	1	0
0.026000	66.491377	28	44	107	0	3	0	3	0
0.021000	68.976731	31	42	86	0	3	0	3	0
0.067000	71.224146	88	133	687	0	2	0	2	0
0.221000	66.152439	364	444	2156	0	4	0	4	0
0.122000	66.095217	165	210	1010	0	5	0	5	0
0.071000	69.507122	67	126	600	0	1	0	1	0
0.053000	71.021124	61	92	420	0	0	0	0	0
0.112000	68.486342	171	220	1253	0	3	0	3	0
0.109000	67.782808	176	221	989	0	4	0	4	0
0.110000	69.563835	192	228	921	0	2	0	2	0
0.042000	68.046955	57	79	243	0	2	0	2	0
0.041000	72.699018	64	83	211	0	5	0	5	0
0.182000	71.356624	308	365	1907	0	5	0	5	0
0.083000	71.093393	114	157	819	0	7	0	7	0
0.080000	74.681329	120	165	928	0	2	0	2	0
0.036000	72.125584	44	71	261	0	2	0	2	0
0.013000	72.860028	32	61	218	0	2	0	2	0
0.000000	77.610767	65	87	280	0	3	0	3	0
0.196000	70.601386	496	603	2963	0	4	0	4	0
0.060000	71.897034	38	66	238	0	2	0	2	0
0.036000	74.518454	49	71	312	0	0	0	0	0
0.026000	75.784061	40	50	124	0	3	0	3	0
0.026000	74.574762	40	52	114	0	6	0	6	0
0.033000	76.063679	59	68	209	0	2	0	2	0
0.069000	76.394741	117	146	637	0	2	0	2	0
0.172000	73.952566	248	322	1832	0	6	0	6	0
0.079000	80.386830	87	132	642	0	2	0	2	0
0.235000	74.048286	375	457	2650	0	4	0	4	0
0.704000	75.612708	1049	1181	7144	0	7	0	7	0
0.126000	77.242181	103	143	649	0	2	0	2	0
0.073000	76.040652	85	130	667	0	2	0	2	0
0.026000	84.066144	17	40	90	0	1	0	1	0
0.232000	78.341371	379	448	2468	0	5	0	5	0
0.055000	82.799335	53	91	357	0	4	0	4	0
0.046000	82.129336	65	91	320	0	3	0	3	0
0.041000	80.856600	53	83	338	0	3	0	3	0
1.015000	79.046509	928	1127	6544	0	6	0	6	0
0.111000	82.008974	120	147	627	0	3	0	3	0
0.037000	83.207956	38	54	160	0	2	0	2	0
0.019000	80.143670	97	141	776	0	2	0	2	0
0.322000	80.174130	316	382	1944	0	4	0	4	0
0.038000	82.044332	46	55	120	0	3	0	3	0
0.112000	83.956520	192	217	900	0	7	0	7	0
0.045000	86.417464	48	80	233	0	2	0	2	0
0.283000	80.827653	459	555	3140	0	4	0	4	0
0.086000	84.228230	118	149	592	0	4	0	4	0
0.075000	83.454428	110	150	831	0	6	0	6	0
4.882000	83.366562	1042	1262	7546	0	6	0	6	0
0.156000	82.070090	166	218	1103	0	6	0	6	0
0.067000	84.946969	41	66	228	0	1	0	1	0
0.034000	84.332970	30	48	120	0	2	0	2	0
0.034000	89.600518	39	58	105	0	1	0	1	0
0.026000	87.403883	37	48	91	0	2	0	2	0
0.107000	88.024955	162	189	721	0	9	0	9	0
0.831000	89.190901	73	106	399	0	2	0	2	0
0.133000	86.531376	173	238	1118	0	6	0	6	0
0.046000	91.530385	46	71	280	0	4	0	4	0
0.096000	88.001426	120	163	866	0	4	0	4	0
0.061000	88.557335	65	107	456	0	3	0	3	0
0.172000	85.680291	248	335	1570	0	5	0	5	0
0.052000	86.798179	58	91	391	0	3	0	3	0
0.032000	93.257156	45	55	115	0	5	0	5	0
0.091000	88.671377	131	169	667	0	7	0	7	0
0.033000	91.782351	19	53	160	0	0	0	0	0
0.118000	95.132776	169	226	868	0	4	0	4	0
0.052000	89.448835	63	93	246	0	2	0	2	0
0.115000	90.031738	195	231	830	0	3	0	3	0
0.038000	94.750523	45	64	208	0	3	0	3	0
0.129000	89.822664	210	264	1373	0	8	0	8	0
0.564000	91.395725	896	1037	6195	0	4	0	4	0
0.088000	90.500609	51	78	339	0	2	0	2	0
0.119000	96.464761	172	218	1034	0	2	0	2	0
0.024000	97.610239	16	36	97	0	1	0	1	0
0.000000	95.044767	70	114	528	0	3	0	3	0
0.000000	93.528205	138	170	669	0	3	0	3	0
0.059000	93.964934	362	469	2670	0	4	0	4	0
0.057000	97.131155	41	64	226	0	2	0	2	0
0.121000	95.890183	193	239	1370	0	4	0	4	0
1.157000	94.789305	842	985	6088	0	4	0	4	0
0.096000	93.522785	52	87	357	0	3	0	3	0
0.097000	98.097909	124	163	634	0	4	0	4	0
0.032000	99.086077	40	52	104	0	5	0	5	0
0.022000	102.401754	21	41	71	0	2	0	2	0
0.464000	96.175200	745	863	5147	0	5	0	5	0
0.096000	97.814539	90	155	645	0	4	0	4	0
0.059000	102.405793	79	116	530	0	3	0	3	0
0.154000	97.538912	220	295	1370	0	4	0	4	0
0.000000	102.513745	62	90	286	0	4	0	4	0
0.000000	98.745128	141	183	710	0	3	0	3	0
1.622000	98.957197	2638	2847	17567	0	6	0	6	0
1.345000	97.813827	925	1080	6617	0	4	0	4	0
0.154000	103.894178	116	162	666	0	4	0	4	0
0.152000	102.616709	201	243	1190	0	6	0	6	0
0.053000	101.651365	28	76	252	0	0	0	0	0
0.501000	100.894734	775	893	5486	0	4	0	4	0
0.432000	100.599234	606	709	4021	0	5	0	5	0
0.088000	107.245585	65	98	410	0	4	0	4	0
0.287000	103.437817	464	540	3042	0	4	0	4	0
0.062000	103.452031	66	90	335	0	3	0	3	0
0.263000	101.631960	349	419	2200	0	4	0	4	0
0.188000	105.165835	262	317	1998	0	4	0	4	0
0.195000	106.069378	305	346	1680	0	6	0	6	0
0.037000	109.447115	20	37	73	0	3	0	3	0
0.440000	109.549538	732	841	4354	0	3	0	3	0
5.008000	109.371105	1597	1807	11552	0	5	0	5	0
0.157000	106.369320	81	135	524	0	3	0	3	0
3.025000	105.839046	1976	2276	14986	0	4	0	4	0
0.275000	105.453050	342	424	2673	0	7	0	7	0
0.197000	105.382809	264	338	1972	0	4	0	4	0
0.143000	108.399876	191	239	1432	0	4	0	4	0
0.408000	105.627992	667	768	4848	0	6	0	6	0
0.122000	115.628123	152	185	619	0	6	0	6	0
0.046000	109.142275	32	73	239	0	1	0	1	0
0.056000	110.924604	64	106	432	0	4	0	4	0
1.055000	109.462764	1550	1819	11520	0	4	0	4	0
0.279000	113.471251	154	200	911	0	6	0	6	0
0.794000	110.588144	1293	1475	9046	0	4	0	4	0
6.417000	107.776032	715	841	5380	0	3	0	3	0
1.167000	111.725719	1809	2013	12588	0	3	0	3	0
1.509000	110.426708	2400	2670	17256	0	4	0	4	0
2.210000	109.898886	3203	3506	22499	0	3	0	3	0
0.317000	112.690292	218	261	1331	0	4	0	4	0
0.124000	118.721422	181	217	835	0	5	0	5	0
8.062000	115.036974	174	227	1118	0	5	0	5	0
0.054000	115.658576	27	65	213	0	1	0	1	0
1.173000	113.297672	860	991	5251	0	3	0	3	0
0.109000	112.663115	76	120	542	0	3	0	3	0
0.258000	113.038110	302	392	1875	0	3	0	3	0
1.255000	116.832385	1941	2225	14613	0	5	0	5	0
0.144000	114.626506	49	74	277	0	2	0	2	0
4.864000	112.350748	1403	1593	9974	0	4	0	4	0
0.176000	117.496688	189	224	1010	0	6	0	6	0
0.097000	122.131945	119	160	581	0	4	0	4	0
0.061000	118.265240	73	98	260	0	5	0	5	0
0.098000	115.550268	125	175	688	0	7	0	7	0
0.957000	118.357032	1245	1422	10018	0	6	0	6	0
0.173000	117.119109	206	267	1537	0	4	0	4	0
0.098000	121.432298	131	168	740	0	5	0	5	0
0.162000	121.483354	198	246	1099	0	5	0	5	0
0.075000	118.440803	68	96	397	0	2	0	2	0
0.510000	121.852042	783	932	6080	0	4	0	4	0
0.117000	122.030713	120	168	721	0	4	0	4	0
0.091000	120.798695	116	167	684	0	4	0	4	0
0.145000	122.611028	208	258	1404	0	7	0	7	0
0.155000	122.881423	252	287	1383	0	7	0	7	0
0.073000	123.889063	68	117	470	0	5	0	5	0
0.090000	126.128237	124	162	663	0	3	0	3	0
0.215000	123.406427	300	360	2178	0	4	0	4	0
3.788000	122.087492	682	811	5247	0	4	0	4	0
0.176000	120.258816	191	242	1461	0	4	0	4	0
0.306000	119.256494	556	644	3924	0	5	0	5	0
0.193000	127.657237	266	302	1358	0	9	0	9	0
0.112000	129.902111	147	192	727	0	4	0	4	0
0.167000	123.449300	244	289	1455	0	3	0	3	0
0.095000	126.996355	120	164	678	0	8	0	8	0
0.269000	127.453907	396	466	2472	0	8	0	8	0
0.052000	127.427923	38	58	145	0	3	0	3	0
0.141000	124.250278	202	265	1220	0	7	0	7	0
0.201000	127.377144	309	375	2236	0	4	0	4	0
0.506000	122.090147	755	919	5786	0	4	0	4	0
1.645000	123.683662	2631	2875	18730	0	5	0	5	0
0.169000	130.846948	139	173	713	0	5	0	5	0
8.172000	136.158292	128	168	781	0	3	0	3	0
0.091000	130.187274	77	129	551	0	6	0	6	0
0.124000	131.620240	166	203	941	0	5	0	5	0
0.209000	131.239170	181	229	1072	0	4	0	4	0
0.652000	127.083912	977	1140	7427	0	5	0	5	0
0.726000	126.073570	1104	1304	8432	0	5	0	5	0
1.383000	128.045694	2146	2396	15980	0	4	0	4	0
0.319000	129.133916	345	410	2304	0	4	0	4	0
6.017000	127.218013	3062	3317	21729	0	5	0	5	0
0.238000	135.087270	142	202	921	0	4	0	4	0
0.254000	133.492689	364	437	2398	0	6	0	6	0
0.068000	130.677605	62	87	266	0	4	0	4	0
0.041000	135.653435	33	57	131	0	4	0	4	0
0.120000	135.169365	180	234	1082	0	4	0	4	0
0.179000	132.143549	280	342	2093	0	5	0	5	0
0.730000	133.669230	930	1081	6860	0	5	0	5	0
3.195000	131.024263	1242	1430	9086	0	6	0	6	0
0.161000	130.219201	98	134	667	0	3	0	3	0
0.171000	131.691156	215	290	1591	0	2	0	2	0
0.437000	137.202097	698	780	4084	0	6	0	6	0
0.658000	132.673823	270	318	1588	0	4	0	4	0
0.179000	137.480365	216	267	1333	0	8	0	8	0
0.148000	140.245713	189	244	905	0	6	0	6	0
0.242000	136.118108	356	412	2149	0	8	0	8	0
0.070000	137.410675	63	87	260	0	3	0	3	0
0.068000	137.988644	61	102	391	0	4	0	4	0
7.344000	137.505504	2246	2592	17607	0	8	0	8	0
0.188000	142.909737	156	204	1041	0	4	0	4	0
0.409000	140.735369	544	640	4304	0	4	0	4	0
0.403000	140.680147	489	549	2711	0	8	0	8	0
0.321000	138.503246	531	584	3072	0	6	0	6	0
0.313000	141.827384	504	568	2898	0	6	0	6	0
0.044000	145.464809	28	38	72	0	2	0	2	0
1.931000	137.514295	2186	2398	17103	0	6	0	6	0
0.141000	143.628338	64	109	456	0	5	0	5	0
0.237000	140.363612	294	341	2070	0	5	0	5	0
2.304000	143.262637	3534	4003	27729	0	7	0	7	0
0.353000	142.527796	250	329	1472	0	4	0	4	0
4.094000	142.494728	186	244	1139	0	4	0	4	0
0.173000	142.452208	242	289	1579	0	7	0	7	0
0.190000	144.102944	243	294	1604	0	7	0	7	0
0.121000	147.228297	151	214	976	0	4	0	4	0
0.216000	149.892594	339	388	1818	0	3	0	3	0
0.471000	142.386327	765	851	4557	0	7	0	7	0
0.223000	144.991109	296	370	2090	0	5	0	5	0
0.114000	143.924516	141	192	819	0	9	0	9	0
0.085000	142.482522	99	147	658	0	5	0	5	0
0.224000	142.483361	283	380	1817	0	4	0	4	0
0.582000	143.965034	921	1068	7360	0	6	0	6	0
0.374000	147.376080	583	647	3336	0	6	0	6	0
0.118000	151.045516	141	187	905	0	5	0	5	0
0.054000	146.474983	61	83	185	0	3	0	3	0
0.032000	149.781364	29	40	104	0	4	0	4	0
0.118000	151.467461	166	208	1114	0	4	0	4	0
0.100000	151.853242	125	177	773	0	6	0	6	0
0.088000	149.975993	114	151	662	0	5	0	5	0
8.269000	149.591203	997	1190	7374	0	5	0	5	0
0.337000	150.081096	422	516	3424	0	5	0	5	0
0.738000	149.459391	1109	1298	9565	0	6	0	6	0
0.080000	155.765419	51	75	185	0	5	0	5	0
0.151000	153.920681	180	239	1168	0	8	0	8	0
0.130000	152.721465	167	220	1150	0	7	0	7	0
0.125000	148.239535	166	228	1059	0	9	0	9	0
0.057000	155.993991	50	77	274	0	4	0	4	0
1.035000	149.794697	1670	1834	11979	0	9	0	9	0
0.391000	149.297888	518	619	3202	0	5	0	5	0
0.437000	154.755004	700	817	5400	0	5	0	5	0
2.370000	150.970556	1204	1377	9387	0	6	0	6	0
1.083000	152.734254	1616	1852	12528	0	3	0	3	0
0.210000	158.032151	188	248	1216	0	9	0	9	0
0.150000	156.441108	202	263	1363	0	7	0	7	0
0.050000	158.961591	49	67	123	0	2	0	2	0
0.139000	157.628134	183	253	1132	0	3	0	3	0
0.112000	155.807457	146	194	917	0	5	0	5	0
0.499000	155.414132	178	223	1066	0	6	0	6	0
1.108000	157.049599	1584	1804	12926	0	7	0	7	0
0.193000	157.873781	120	159	744	0	3	0	3	0
1.846000	159.657107	2633	2970	21017	0	4	0	4	0
10.119000	155.012204	166	221	1157	0	3	0	3	0
0.045000	167.482874	23	43	85	0	3	0	3	0
0.047000	166.880452	34	53	90	0	5	0	5	0
0.471000	163.781027	658	740	4232	0	7	0	7	0
1.600000	158.574741	2329	2585	19405	0	6	0	6	0
1.228000	164.567583	1356	1524	9688	0	7	0	7	0
0.593000	161.141541	524	625	4222	0	5	0	5	0
1.598000	160.254255	2156	2437	16730	0	5	0	5	0
1.580000	157.522915	2135	2385	16657	0	5	0	5	0
1.118000	158.849778	1483	1692	11445	0	5	0	5	0
0.694000	160.912860	978	1099	6650	0	6	0	6	0
0.221000	164.274040	220	284	1456	0	8	0	8	0
0.276000	168.287536	420	497	3065	0	8	0	8	0
0.146000	166.544892	287	315	1452	0	8	0	8	0
1.880000	161.741293	2199	2447	16324	0	6	0	6	0
2.320000	164.379989	3592	3893	25122	0	7	0	7	0
2.621000	163.802250	3844	4218	30175	0	5	0	5	0
0.205000	162.450341	132	170	840	0	4	0	4	0
1.407000	162.380873	2349	2583	18466	0	6	0	6	0
1.790000	164.429811	2723	3011	23419	0	7	0	7	0
2.664000	164.370754	3685	4057	28995	0	5	0	5	0
0.383000	171.269819	426	484	2466	0	7	0	7	0
0.229000	164.049646	229	286	1456	0	5	0	5	0
0.177000	169.621170	279	312	1542	0	7	0	7	0
0.478000	169.144286	701	820	4090	0	5	0	5	0
0.623000	172.182296	995	1133	6397	0	3	0	3	0
2.579000	167.861993	3457	3727	24208	0	7	0	7	0
0.214000	167.774204	130	172	822	0	5	0	5	0
3.501000	168.043984	5220	5700	41328	0	7	0	7	0
2.148000	168.417163	3110	3445	24056	0	5	0	5	0
1.815000	167.957046	3448	3809	26303	0	5	0	5	0
0.736000	175.004938	913	1010	6229	0	8	0	8	0
0.221000	170.259916	288	349	1763	0	8	0	8	0
0.173000	169.677866	251	299	1537	0	5	0	5	0
0.065000	172.798228	62	90	286	0	4	0	4	0
0.046000	173.820510	41	71	188	0	5	0	5	0
0.245000	170.557885	366	443	2360	0	6	0	6	0
1.122000	172.302237	533	628	3109	0	5	0	5	0
0.206000	172.003277	244	289	1297	0	4	0	4	0
4.393000	170.553522	6369	6939	50978	0	8	0	8	0
0.390000	169.624242	141	194	1129	0	4	0	4	0
0.408000	177.244413	643	734	4090	0	5	0	5	0
0.438000	179.241621	640	731	4239	0	6	0	6	0
0.608000	176.020074	874	963	5254	0	7	0	7	0
0.224000	175.687135	290	320	1616	0	6	0	6	0
0.066000	175.581003	53	74	146	0	2	0	2	0
0.350000	177.800607	716	803	4543	0	7	0	7	0
0.108000	175.912098	55	82	189	0	5	0	5	0
0.359000	175.102406	555	649	3158	0	10	0	10	0
0.986000	172.408316	1568	1771	12218	0	10	0	10	0
3.976000	177.360970	5950	6459	46764	0	7	0	7	0
0.313000	179.084381	261	299	1407	0	7	0	7	0
0.488000	182.083248	753	842	4626	0	6	0	6	0
0.480000	179.582376	754	869	4281	0	6	0	6	0
0.296000	178.825431	184	250	1215	0	8	0	8	0
0.261000	179.220985	345	440	2341	0	6	0	6	0
0.908000	178.221875	278	368	2099	0	6	0	6	0
0.079000	180.763342	54	89	244	0	4	0	4	0
0.736000	180.695934	1088	1217	6396	0	10	0	10	0
1.076000	180.938785	1625	1772	10484	0	8	0	8	0
0.917000	175.381271	1273	1408	8339	0	6	0	6	0
0.447000	185.268136	899	1010	5343	0	6	0	6	0
0.258000	180.369238	295	379	2130	0	6	0	6	0
0.077000	185.148846	68	96	289	0	5	0	5	0
0.494000	186.485248	753	855	4622	0	4	0	4	0
1.525000	186.626843	2353	2602	17827	0	8	0	8	0
2.106000	182.985363	2689	2947	20234	0	9	0	9	0
0.513000	182.755770	557	638	3830	0	4	0	4	0
0.463000	182.648036	750	851	4957	0	5	0	5	0
0.903000	178.714016	1448	1655	11311	0	8	0	8	0
0.413000	183.467335	573	681	3593	0	6	0	6	0
0.078000	192.556072	52	81	184	0	7	0	7	0
0.239000	185.616900	306	388	2176	0	7	0	7	0
0.467000	188.513459	795	900	4855	0	7	0	7	0
0.392000	188.426108	578	680	3662	0	6	0	6	0
1.626000	184.703316	2670	2835	16103	0	7	0	7	0
0.750000	184.785892	1056	1151	8003	0	5	0	5	0
0.966000	183.070270	1485	1607	9076	0	6	0	6	0
0.315000	185.974187	383	447	2706	0	4	0	4	0
0.433000	188.800727	648	757	4647	0	5	0	5	0
0.889000	188.490804	1677	1854	11739	0	5	0	5	0
0.405000	192.202098	520	604	3007	0	7	0	7	0
0.138000	192.908463	159	202	678	0	6	0	6	0
0.139000	194.322677	183	235	773	0	6	0	6	0
3.330000	194.034633	4015	4350	28502	0	6	0	6	0
1.671000	187.225868	2455	2608	14989	0	6	0	6	0
0.440000	187.650380	535	618	3921	0	4	0	4	0
0.209000	190.201699	411	494	2713	0	9	0	9	0
0.188000	193.623900	240	301	1630	0	6	0	6	0
0.363000	191.357974	549	625	4051	0	4	0	4	0
0.916000	187.874392	1428	1629	10940	0	8	0	8	0
0.620000	197.119112	851	977	4780	0	9	0	9	0
0.204000	194.192944	293	324	1593	0	6	0	6	0
0.209000	198.752731	302	370	1576	0	7	0	7	0
0.078000	195.757079	65	101	316	0	5	0	5	0
0.121000	198.121121	157	199	777	0	5	0	5	0
0.657000	196.969239	1058	1181	6118	0	6	0	6	0
0.360000	195.078672	677	762	4103	0	4	0	4	0
0.509000	198.838240	779	883	4708	0	7	0	7	0
0.084000	196.411987	58	90	272	0	4	0	4	0
0.916000	194.042222	1492	1662	10453	0	3	0	3	0
0.127000	198.021070	56	82	226	0	4	0	4	0
0.248000	201.401796	470	555	2590	0	7	0	7	0
1.164000	199.956756	1928	2077	14089	0	8	0	8	0
0.167000	200.840035	77	127	431	0	7	0	7	0
3.514000	200.333606	4235	4560	30657	0	4	0	4	0
1.503000	199.407184	2332	2521	16359	0	5	0	5	0
3.593000	202.208729	5464	5892	40346	0	6	0	6	0
2.151000	200.467175	3471	3800	24638	0	8	0	8	0
1.314000	198.356224	446	561	3292	0	6	0	6	0
1.292000	199.496291	2045	2234	12944	0	8	0	8	0
0.235000	203.891888	271	322	1197	0	4	0	4	0
0.079000	208.845044	75	104	309	0	7	0	7	0
1.477000	205.429992	2367	2658	16760	0	7	0	7	0
1.602000	203.152716	2328	2519	16753	0	10	0	10	0
0.119000	202.716517	60	90	215	0	5	0	5	0
1.593000	201.607429	2351	2560	17377	0	3	0	3	0
3.060000	204.206703	4642	4884	29422	0	9	0	9	0
1.338000	200.327694	2520	2670	14864	0	6	0	6	0
0.906000	198.461424	1311	1439	10411	0	5	0	5	0
3.446000	199.373219	4296	4503	25978	0	8	0	8	0
0.592000	202.409068	933	1080	7375	0	6	0	6	0
1.214000	205.067568	2345	2529	19119	0	5	0	5	0
0.461000	202.109303	576	653	4054	0	5	0	5	0
2.500000	204.689535	2990	3301	23134	0	8	0	8	0
1.639000	203.047628	2320	2492	18833	0	5	0	5	0
3.039000	208.570808	4567	4815	28958	0	7	0	7	0
3.061000	204.714343	5085	5375	33065	0	9	0	9	0
1.626000	203.877117	2245	2421	13932	0	9	0	9	0
3.532000	206.250518	4183	4485	27297	0	8	0	8	0
1.608000	206.352449	2253	2491	17011	0	8	0	8	0
0.483000	211.403508	697	824	4421	0	9	0	9	0
2.465000	209.970634	3985	4345	33043	0	7	0	7	0
3.304000	209.731341	4596	4920	31454	0	8	0	8	0
1.834000	211.192165	2873	3187	23909	0	6	0	6	0
4.356000	211.871729	5867	6125	37429	0	7	0	7	0
3.029000	211.559341	4990	5226	31299	0	7	0	7	0
3.399000	207.927647	4293	4496	26213	0	7	0	7	0
4.179000	212.391069	6293	6539	40627	0	7	0	7	0
2.738000	212.115678	3922	4220	31760	0	5	0	5	0
2.769000	211.783658	4080	4431	29124	0	9	0	9	0
0.235000	215.412319	59	93	247	0	5	0	5	0
0.053000	218.310120	53	86	225	0	4	0	4	0
0.037000	218.342109	178	230	845	0	6	0	6	0
6.468000	219.832004	8323	8778	63932	0	7	0	7	0
3.413000	213.584284	4599	4984	36834	0	8	0	8	0
1.918000	214.305087	2654	2974	21935	0	6	0	6	0
4.020000	214.425787	6024	6260	38405	0	8	0	8	0
3.955000	215.952496	5780	6002	36905	0	7	0	7	0
1.921000	212.445082	2811	2965	16854	0	10	0	10	0
2.999000	217.646442	4338	4637	35116	0	5	0	5	0
3.555000	221.502293	5875	6293	45908	0	7	0	7	0
0.704000	214.739607	860	926	6153	0	7	0	7	0
0.778000	213.788563	1022	1136	7830	0	6	0	6	0
1.961000	216.550716	2204	2487	18309	0	6	0	6	0
2.518000	217.308220	4252	4658	36490	0	7	0	7	0
7.213000	220.582144	9244	9880	77879	0	8	0	8	0
0.908000	216.295908	563	637	4126	0	6	0	6	0
3.044000	217.321797	4525	4747	27613	0	6	0	6	0
5.203000	217.998666	6759	7099	45877	0	9	0	9	0
5.405000	218.831495	7673	8071	55492	0	9	0	9	0
0.411000	224.005770	117	151	535	0	5	0	5	0
4.905000	223.598660	6904	7359	54768	0	7	0	7	0
1.107000	219.921985	1410	1503	10096	0	7	0	7	0
2.823000	221.513441	4296	4597	29092	0	8	0	8	0
5.966000	222.984037	8285	8902	69960	0	7	0	7	0
4.427000	221.685068	5495	5729	35932	0	10	0	10	0
5.240000	225.961538	6794	7084	45247	0	8	0	8	0
3.609000	221.018676	5065	5272	32380	0	8	0	8	0
3.107000	218.342173	4401	4598	26799	0	7	0	7	0
3.671000	216.268717	3839	4050	23132	0	6	0	6	0
5.036000	227.912354	6302	6754	50862	0	10	0	10	0
7.156000	225.408009	8998	9635	75870	0	7	0	7	0
1.140000	222.556478	1173	1303	9259	0	5	0	5	0
10.043000	219.996949	2844	3014	16405	0	7	0	7	0
9.681000	223.226403	4369	4583	26597	0	5	0	5	0
3.592000	224.212436	4630	4841	28692	0	6	0	6	0
13.872000	220.705476	3834	4049	23336	0	7	0	7	0
13.982000	224.041795	6580	6987	51111	0	6	0	6	0
9.079000	222.720512	4896	5240	33624	0	8	0	8	0
22.222000	228.383566	7388	8013	63122	0	8	0	8	0
5.764000	228.075590	6534	6769	41496	0	8	0	8	0
5.116000	224.433621	5998	6224	37191	0	7	0	7	0
3.118000	224.917344	4532	4747	27829	0	5	0	5	0
3.350000	227.695550	5073	5359	33345	0	8	0	8	0
5.448000	231.090864	6526	6872	45406	0	8	0	8	0
6.076000	232.491891	6825	7273	55275	0	7	0	7	0
2.845000	230.190115	4002	4168	23440	0	10	0	10	0
1.020000	227.596157	2116	2253	15239	0	8	0	8	0
2.651000	225.400755	3882	4104	24360	0	8	0	8	0
2.482000	226.343056	3925	4197	25577	0	8	0	8	0
0.279000	234.894020	141	177	600	0	8	0	8	0
8.116000	237.623661	10526	10991	84563	0	6	0	6	0
8.175000	237.508727	10270	10733	77550	0	10	0	10	0
4.925000	234.259102	6727	7088	47828	0	10	0	10	0
6.333000	232.080921	5544	5776	37010	0	10	0	10	0
6.196000	232.354986	8578	8961	59582	0	7	0	7	0
4.528000	232.585693	6492	6711	41958	0	8	0	8	0
4.822000	232.061788	6881	7270	49150	0	8	0	8	0
6.756000	232.943922	8961	9620	77443	0	7	0	7	0
6.957000	236.372051	9140	9622	73664	0	6	0	6	0
1.417000	236.616333	1589	1800	12114	0	6	0	6	0
2.634000	236.780453	4039	4208	23589	0	10	0	10	0
2.422000	236.116043	4038	4381	33856	0	9	0	9	0
5.283000	239.043322	6290	6717	51047	0	8	0	8	0
3.318000	237.119321	4683	5023	32478	0	9	0	9	0
1.048000	234.668384	1561	1790	12602	0	6	0	6	0
0.719000	232.103131	1152	1240	8740	0	7	0	7	0
5.028000	235.556169	6748	6976	44127	0	7	0	7	0
3.328000	238.648917	4758	5141	39812	0	6	0	6	0
1.582000	233.543230	2783	2947	15453	0	9	0	9	0
0.201000	245.822451	179	237	936	0	6	0	6	0
7.919000	242.471093	10325	10780	78580	0	11	0	11	0
7.452000	242.110555	10043	10484	76106	0	10	0	10	0
2.863000	241.051376	3021	3185	21399	0	8	0	8	0
4.565000	242.265511	6535	6791	45200	0	10	0	10	0
6.988000	245.247451	9124	9549	68132	0	8	0	8	0
1.972000	236.891144	2542	2708	14176	0	9	0	9	0
4.541000	242.339398	6240	6508	42264	0	12	0	12	0
5.069000	238.211769	6887	7122	46236	0	7	0	7	0
4.698000	239.509577	7314	7588	49186	0	8	0	8	0
1.334000	241.607327	2221	2370	16074	0	9	0	9	0
1.477000	245.254899	2785	2936	19956	0	8	0	8	0
4.486000	246.476749	5818	6033	40462	0	9	0	9	0
3.321000	239.961130	5125	5298	33455	0	9	0	9	0
4.262000	241.147088	5580	5974	44312	0	6	0	6	0
6.736000	244.635352	9505	10137	82192	0	5	0	5	0
8.777000	244.882060	11600	12175	89450	0	11	0	11	0
2.553000	243.533702	3353	3574	26556	0	7	0	7	0
5.426000	245.917131	7165	7545	53563	0	9	0	9	0
3.536000	247.193009	5602	5992	42044	0	7	0	7	0
4.809000	249.981104	5980	6381	46399	0	9	0	9	0
4.107000	247.183154	5787	6352	50310	0	7	0	7	0
4.727000	250.544376	6247	6495	44353	0	9	0	9	0
4.685000	246.916680	7040	7275	47873	0	8	0	8	0
3.905000	245.409623	6382	6610	43362	0	8	0	8	0
4.620000	245.030160	5850	6080	39547	0	9	0	9	0
2.558000	245.192137	3491	3727	27561	0	8	0	8	0
10.038000	250.696057	13094	13720	112205	0	8	0	8	0
8.003000	248.911728	11532	12073	88867	0	10	0	10	0
2.396000	248.092205	3361	3751	27313	0	7	0	7	0
6.106000	253.524411	8575	8983	66444	0	13	0	13	0
4.201000	251.923702	7042	7389	51028	0	11	0	11	0
5.754000	254.185546	7428	7786	55178	0	10	0	10	0
4.011000	253.442933	6432	6677	45059	0	11	0	11	0
4.763000	252.232059	6799	7063	48104	0	9	0	9	0
3.686000	250.614907	5744	5960	37976	0	10	0	10	0
3.262000	249.514159	5474	5677	36961	0	10	0	10	0
4.516000	255.199971	5640	6119	48506	0	6	0	6	0
1.969000	251.644042	2665	2811	19482	0	8	0	8	0
6.502000	252.039745	9302	9982	84772	0	8	0	8	0
0.968000	259.283749	617	709	3332	0	9	0	9	0
8.457000	257.788816	13156	13708	103280	0	10	0	10	0
4.879000	255.043619	7321	7665	53619	0	11	0	11	0
5.250000	257.021517	7064	7322	50567	0	8	0	8	0
4.460000	253.708392	7332	7569	49898	0	7	0	7	0
3.076000	252.869112	3178	3387	18554	0	9	0	9	0
2.330000	254.621675	3519	3756	27852	0	7	0	7	0
2.318000	253.814959	3650	3901	28479	0	9	0	9	0
10.522000	253.051548	11704	12353	103535	0	7	0	7	0
14.962000	254.915181	6068	6300	42940	0	10	0	10	0
2.519000	265.171909	1408	1561	8352	0	12	0	12	0
7.087000	258.940318	3404	3638	25371	0	8	0	8	0
3.565000	260.983953	5722	5936	38236	0	11	0	11	0
4.555000	256.299452	3722	3930	28688	0	9	0	9	0
2.660000	257.026066	3846	4096	31086	0	8	0	8	0
5.565000	258.137225	2491	2659	18295	0	11	0	11	0
13.024000	261.192180	5672	5884	39529	0	9	0	9	0
15.346000	258.050063	5135	5310	33697	0	10	0	10	0
7.522000	259.864115	5537	5754	38315	0	10	0	10	0
2.246000	257.970359	3176	3390	23621	0	8	0	8	0
16.164000	263.426849	8582	8986	66598	0	14	0	14	0
22.675000	266.712385	12238	12755	96479	0	10	0	10	0
10.234000	260.835294	3201	3413	23697	0	8	0	8	0
5.019000	260.531135	5520	5722	37435	0	10	0	10	0
5.448000	260.253436	5438	5630	36377	0	11	0	11	0
3.692000	261.962201	3596	3840	28650	0	7	0	7	0
3.600000	259.332151	3913	4184	31570	0	8	0	8	0
3.556000	262.280015	3940	4190	29217	0	8	0	8	0
8.771000	267.402684	8855	9278	68020	0	13	0	13	0
12.186000	261.262816	12788	13434	113095	0	7	0	7	0
2.249000	270.127049	869	1009	5220	0	8	0	8	0
12.601000	266.400426	6081	6300	41671	0	12	0	12	0
9.500000	263.262856	3878	4142	31947	0	8	0	8	0
9.858000	267.654470	5588	5777	38068	0	9	0	9	0
5.690000	264.655263	3428	3670	25707	0	8	0	8	0
11.841000	267.817211	5439	5867	45009	0	10	0	10	0
14.935000	267.854437	9295	9943	83788	0	10	0	10	0
12.182000	268.216149	8995	9404	68350	0	13	0	13	0
4.220000	267.171713	2879	3050	21653	0	9	0	9	0
2.404000	266.275464	2650	2797	19182	0	11	0	11	0
1.764000	273.885687	1703	1890	10464	0	8	0	8	0
1.723000	273.673923	1205	1338	7353	0	10	0	10	0
9.446000	271.233412	8655	9054	67618	0	11	0	11	0
6.161000	270.535243	5543	5732	37598	0	11	0	11	0
7.157000	271.951839	6518	6787	46190	0	11	0	11	0
4.019000	268.715925	3720	3966	27941	0	8	0	8	0
3.199000	268.690787	3712	3913	28751	0	8	0	8	0
2.562000	271.013984	2562	2730	19188	0	10	0	10	0
3.698000	269.106866	2505	2669	18747	0	10	0	10	0
4.147000	270.273843	2652	2811	19965	0	9	0	9	0
1.518000	274.893592	1690	1874	10669	0	7	0	7	0
1.738000	275.647426	1191	1355	7393	0	11	0	11	0
9.791000	276.732912	10706	11362	95173	0	11	0	11	0
8.981000	274.540704	8803	9206	67745	0	13	0	13	0
3.371000	269.207098	3493	3704	27298	0	8	0	8	0
3.683000	272.674618	4000	4265	30355	0	8	0	8	0
9.834000	277.089712	10919	11578	97880	0	10	0	10	0
7.565000	279.064063	7259	7612	53747	0	11	0	11	0
2.999000	272.484196	2803	2941	20163	0	11	0	11	0
2.411000	273.879900	2955	3089	21616	0	12	0	12	0
4.371000	284.098524	4677	5055	34024	0	8	0	8	0
6.440000	284.423360	7091	7552	53238	0	12	0	12	0
1.490000	279.473740	1451	1611	9058	0	9	0	9	0
1.614000	280.254055	1886	2097	12265	0	8	0	8	0
1.810000	278.614470	2496	2664	18538	0	10	0	10	0
2.343000	277.890997	2566	2725	18818	0	11	0	11	0
3.047000	279.920556	2933	3064	21355	0	11	0	11	0
1.886000	278.591842	2512	2680	18819	0	10	0	10	0
1.938000	277.289028	2541	2710	18960	0	11	0	11	0
3.283000	280.241641	2894	3187	19501	0	9	0	9	0
2.529000	282.988978	2836	3136	19672	0	8	0	8	0
7.129000	286.713153	7442	7896	55730	0	11	0	11	0
3.408000	284.088884	2629	2896	17347	0	11	0	11	0
7.872000	286.921893	9073	9528	68984	0	10	0	10	0
8.988000	285.665518	10455	11089	92690	0	10	0	10	0
2.885000	281.053690	2801	2939	20346	0	11	0	11	0
2.555000	279.823848	2485	2653	18596	0	10	0	10	0
2.300000	280.757334	3181	3392	24137	0	9	0	9	0
9.323000	284.912865	11725	12380	100659	0	11	0	11	0
2.607000	281.429822	2526	2692	18667	0	10	0	10	0
0.806000	288.894365	1342	1516	8211	0	11	0	11	0
4.205000	290.004417	5026	5420	36876	0	10	0	10	0
1.175000	287.365890	1139	1286	6541	0	13	0	13	0
6.157000	289.271783	8315	8797	63829	0	8	0	8	0
2.292000	284.007210	3201	3408	24203	0	9	0	9	0
7.913000	287.398979	10600	11275	95926	0	9	0	9	0
7.698000	287.544002	10475	11136	93946	0	10	0	10	0
2.070000	284.875131	2583	2742	18943	0	11	0	11	0
7.744000	291.129176	11583	12210	93371	0	10	0	10	0
1.025000	284.801419	1191	1318	7217	0	13	0	13	0
0.794000	292.344962	1230	1366	7367	0	11	0	11	0
5.741000	291.810227	8072	8533	61623	0	12	0	12	0
7.108000	289.233763	10611	11243	94006	0	11	0	11	0
2.725000	288.034336	2820	2956	20727	0	11	0	11	0
1.575000	286.714957	2599	2755	19216	0	11	0	11	0
4.164000	294.569995	6400	6798	47430	0	11	0	11	0
4.794000	290.772307	6192	6591	45370	0	12	0	12	0
5.967000	297.017852	8743	9179	67862	0	9	0	9	0
1.406000	291.981945	1616	1786	10238	0	9	0	9	0
2.054000	290.349793	3357	3672	23047	0	8	0	8	0
1.150000	295.929177	1732	1955	11144	0	12	0	12	0
2.738000	294.531417	3260	3564	22337	0	8	0	8	0
2.185000	296.933068	3548	3866	24514	0	9	0	9	0
2.525000	294.734488	3807	4156	27033	0	7	0	7	0
1.679000	294.084305	2658	2942	18069	0	10	0	10	0
3.017000	292.248730	4226	4612	30185	0	12	0	12	0
4.159000	295.262774	5375	5800	39450	0	10	0	10	0
9.040000	295.467631	13407	14056	109320	0	9	0	9	0
2.938000	294.655622	3945	4288	28093	0	9	0	9	0
6.905000	297.190087	10252	10838	81505	0	8	0	8	0
11.992000	301.121924	6769	7170	49729	0	10	0	10	0
10.922000	301.914978	10138	10692	78281	0	11	0	11	0
3.431000	298.096061	2445	2707	16277	0	9	0	9	0
2.641000	298.407199	3187	3488	22112	0	8	0	8	0
4.733000	300.300457	7180	7626	53878	0	9	0	9	0
4.971000	299.552440	6777	7180	50194	0	11	0	11	0
6.883000	299.575304	8550	9002	64779	0	12	0	12	0
1.812000	297.735609	2374	2619	15663	0	10	0	10	0
4.675000	299.733079	6537	6921	48389	0	12	0	12	0
4.408000	299.598385	6931	7347	52257	0	9	0	9	0
4.444000	304.244092	5339	5761	39189	0	9	0	9	0
12.688000	306.147027	14081	14745	115527	0	10	0	10	0
4.968000	301.626265	5149	5574	37724	0	12	0	12	0
11.409000	303.224372	14388	15041	118615	0	8	0	8	0
18.633000	302.750450	14070	14735	115492	0	8	0	8	0
9.781000	298.246295	3028	3317	20933	0	11	0	11	0
17.542000	305.340410	12903	13562	106792	0	10	0	10	0
13.367000	303.676477	362	423	1781	0	9	0	9	0
0.312000	305.323869	362	423	1702	0	9	0	9	0
0.285000	304.154556	358	421	1872	0	8	0	8	0
16.647000	306.922028	11106	11746	89312	0	8	0	8	0
26.064000	308.027280	12738	13392	104796	0	9	0	9	0
14.497000	304.214177	10224	10826	80663	0	10	0	10	0
12.142000	304.440038	5922	6363	43759	0	12	0	12	0
17.600000	308.934250	10708	11319	86765	0	10	0	10	0
25.213000	308.474084	14833	15459	122747	0	8	0	8	0
0.928000	311.523983	457	541	2350	0	8	0	8	0
0.263000	309.306404	401	449	1783	0	8	0	8	0
0.319000	308.623449	442	521	2266	0	9	0	9	0
5.117000	306.769857	2466	2654	15648	0	12	0	12	0
13.291000	314.253452	8770	9208	67697	0	8	0	8	0
12.227000	312.375083	6082	6519	45263	0	11	0	11	0
20.991000	313.945860	8579	9025	66206	0	9	0	9	0
12.824000	311.244291	6633	7051	49307	0	8	0	8	0
13.366000	311.436648	10115	10655	80973	0	12	0	12	0
10.395000	309.244825	14644	15268	119554	0	12	0	12	0
13.019000	311.414059	16407	16976	135337	0	9	0	9	0
11.154000	314.919921	15887	16482	132116	0	9	0	9	0
2.722000	308.921431	3073	3368	21361	0	11	0	11	0
10.637000	311.959618	15272	15858	124715	0	12	0	12	0
9.411000	313.995912	12923	13585	106111	0	11	0	11	0
6.797000	314.466962	9536	10052	75356	0	13	0	13	0
10.980000	315.916969	16441	17003	133616	0	12	0	12	0
9.955000	316.625028	14192	14861	118312	0	11	0	11	0
8.078000	313.706800	11417	12063	91819	0	12	0	12	0
4.606000	311.057316	6061	6500	45038	0	12	0	12	0
6.839000	317.680771	10152	10700	81661	0	11	0	11	0
7.036000	315.904736	10198	10732	81886	0	11	0	11	0
7.547000	314.297042	10085	10623	80637	0	11	0	11	0
7.492000	314.789394	10989	11625	88167	0	11	0	11	0
3.543000	317.878238	5484	5918	40693	0	11	0	11	0
7.221000	319.691778	10281	10840	82791	0	11	0	11	0
7.286000	319.237120	10543	11115	84455	0	12	0	12	0
5.426000	314.639277	7630	8091	58582	0	11	0	11	0
10.704000	317.827035	14659	15314	120977	0	9	0	9	0
13.898000	320.753717	12030	12647	99965	0	9	0	9	0
11.597000	319.397772	15185	15782	123884	0	12	0	12	0
1.062000	319.163741	360	419	1687	0	9	0	9	0
0.396000	316.666895	542	641	2996	0	8	0	8	0
0.353000	318.539516	533	610	2738	0	11	0	11	0
9.874000	320.845421	15138	15757	124712	0	12	0	12	0
11.229000	326.238527	16296	16880	136186	0	10	0	10	0
13.269000	325.685624	15905	16511	133347	0	9	0	9	0
7.719000	320.582256	10081	10629	80062	0	13	0	13	0
10.867000	322.220501	15970	16522	130596	0	12	0	12	0
10.231000	320.323904	14024	14683	115149	0	12	0	12	0
7.275000	321.899478	10204	10742	82282	0	12	0	12	0
9.787000	325.852638	11844	12457	98386	0	10	0	10	0
0.853000	322.846296	710	819	3726	0	12	0	12	0
0.318000	323.293023	441	494	1745	0	12	0	12	0
6.914000	326.188877	10386	10945	83202	0	12	0	12	0
9.738000	325.460932	14640	15298	121369	0	11	0	11	0
10.397000	325.817805	14157	14833	117349	0	11	0	11	0
7.135000	323.382927	9983	10520	79524	0	14	0	14	0
4.475000	321.004564	6283	6705	46985	0	11	0	11	0
7.791000	328.883712	10858	11438	89619	0	11	0	11	0
10.118000	327.701321	15080	15693	124911	0	8	0	8	0
9.712000	326.953514	12253	12857	102080	0	9	0	9	0
1.331000	330.620771	811	938	4750	0	11	0	11	0
0.308000	326.724135	407	469	2049	0	9	0	9	0
7.425000	332.747342	10592	11169	84931	0	14	0	14	0
8.615000	331.152501	11022	11614	88399	0	12	0	12	0
10.137000	333.188638	12053	12672	100389	0	10	0	10	0
11.997000	331.442384	13397	14034	112232	0	10	0	10	0
9.284000	327.425368	10373	10931	82973	0	13	0	13	0
9.260000	331.817697	11083	11658	89513	0	11	0	11	0
0.756000	333.313871	494	562	2764	0	11	0	11	0
0.434000	330.633214	636	737	3430	0	9	0	9	0
2.766000	327.394759	2174	2362	13561	0	12	0	12	0
0.550000	329.472164	566	656	3026	0	8	0	8	0
14.186000	338.552278	16111	16703	134359	0	10	0	10	0
11.939000	333.707321	13089	13726	108976	0	9	0	9	0
9.227000	337.263891	11742	12360	96045	0	11	0	11	0
9.190000	336.108649	11271	11862	93446	0	11	0	11	0
8.512000	335.697433	10458	11015	85137	0	11	0	11	0
8.945000	336.555528	10344	10881	83666	0	12	0	12	0
7.828000	332.234582	10353	10884	83286	0	11	0	11	0
8.122000	334.328818	10798	11389	88766	0	11	0	11	0
2.057000	330.634054	2418	2606	15050	0	10	0	10	0
1.317000	332.540168	1967	2135	11469	0	14	0	14	0
9.854000	338.335237	12137	12747	100717	0	9	0	9	0
8.603000	339.739390	10739	11332	88055	0	13	0	13	0
8.755000	337.440061	10332	10869	83365	0	12	0	12	0
0.910000	338.857677	1805	1965	10967	0	10	0	10	0
0.478000	337.104407	579	680	3080	0	8	0	8	0
0.363000	338.818837	512	575	2233	0	10	0	10	0
0.714000	335.411703	1201	1313	6759	0	11	0	11	0
0.320000	340.470561	450	498	2065	0	10	0	10	0
0.536000	337.869011	864	983	4495	0	13	0	13	0
0.336000	340.984643	493	556	2324	0	12	0	12	0
7.381000	341.407421	10397	10935	83386	0	12	0	12	0
9.367000	344.416989	10954	11541	90221	0	12	0	12	0
0.606000	341.828251	430	479	1982	0	10	0	10	0
0.191000	342.287865	436	497	2052	0	11	0	11	0
0.380000	343.483805	579	653	2858	0	12	0	12	0
0.376000	341.378658	582	655	2859	0	12	0	12	0
0.322000	343.182159	494	555	2466	0	12	0	12	0
0.527000	342.990746	849	963	4486	0	12	0	12	0
0.618000	340.214526	569	656	2711	0	10	0	10	0
0.426000	342.385812	515	576	2400	0	13	0	13	0
7.659000	345.916249	10406	10934	84687	0	12	0	12	0
10.871000	344.915282	13282	13928	111118	0	12	0	12	0
2.431000	343.331233	1938	2101	11191	0	13	0	13	0
1.024000	346.023724	1606	1742	9202	0	13	0	13	0
1.050000	344.082364	1098	1232	6155	0	13	0	13	0
1.371000	346.126406	2235	2420	13239	0	14	0	14	0
0.883000	346.335094	691	794	3311	0	13	0	13	0
0.909000	344.719189	1568	1704	8723	0	14	0	14	0
0.360000	345.527163	513	574	2312	0	13	0	13	0
0.732000	344.614327	604	693	2749	0	11	0	11	0
6.566000	349.720668	10329	10871	83084	0	13	0	13	0
7.427000	348.758770	10406	10938	84470	0	14	0	14	0
9.262000	346.158634	13158	13782	109881	0	11	0	11	0
10.663000	347.858065	13035	13657	109182	0	9	0	9	0
2.039000	345.853733	2549	2729	15579	0	13	0	13	0
2.595000	345.627154	3748	4029	24821	0	13	0	13	0
0.478000	348.246933	961	1084	4932	0	13	0	13	0
2.453000	347.649555	2200	2383	12672	0	15	0	15	0
0.361000	350.279036	444	505	1705	0	13	0	13	0
0.309000	348.452522	473	522	1816	0	12	0	12	0
8.054000	349.312258	10453	10995	84088	0	13	0	13	0
7.568000	349.869434	10554	11105	84891	0	15	0	15	0
7.197000	350.716994	10690	11258	87867	0	14	0	14	0
7.223000	355.489065	10336	10865	83344	0	12	0	12	0
0.713000	352.446391	596	685	2930	0	9	0	9	0
0.380000	353.300400	466	522	1895	0	11	0	11	0
0.538000	354.522151	634	713	2874	0	14	0	14	0
1.369000	350.872918	1952	2118	11111	0	15	0	15	0
0.398000	357.275227	566	628	2548	0	13	0	13	0

