0.005000	3.605551	0	0	0	2	0	0	0	0
0.002000	2.828427	0	0	0	2	0	0	0	0
0.001000	3.162278	0	0	0	2	0	0	0	0
0.001000	3.605551	0	0	0	2	0	0	0	0
0.002000	2.000000	0	0	0	2	0	0	0	0
0.002000	3.000000	0	0	0	2	0	0	0	0
0.002000	1.414214	0	0	0	2	0	0	0	0
0.001000	2.000000	0	0	0	2	0	0	0	0
0.004000	2.000000	0	0	0	2	0	0	0	0
0.002000	3.605551	0	0	0	2	0	0	0	0
0.002000	5.385165	0	0	0	2	0	0	0	0
0.001000	6.403124	0	0	0	2	0	0	0	0
0.002000	4.123106	0	0	0	2	0	0	0	0
0.001000	6.000000	0	0	0	2	0	0	0	0
0.001000	7.280110	0	0	0	2	0	0	0	0
0.002000	5.385165	0	0	0	2	0	0	0	0
0.002000	4.000000	0	0	0	2	0	0	0	0
0.001000	4.000000	0	0	0	2	0	0	0	0
0.001000	7.071068	0	0	0	2	0	0	0	0
0.002000	7.071068	0	0	0	2	0	0	0	0
0.001000	9.486833	0	0	0	2	0	0	0	0
0.001000	8.602325	0	0	0	2	0	0	0	0
0.002000	9.000000	0	0	0	2	0	0	0	0
0.001000	10.440307	0	0	0	2	0	0	0	0
0.002000	10.198039	0	0	0	2	0	0	0	0
0.002000	8.602325	0	0	0	2	0	0	0	0
0.002000	8.062258	0	0	0	2	0	0	0	0
0.001000	10.295630	0	0	0	2	0	0	0	0
0.001000	7.810250	0	0	0	2	0	0	0	0
0.001000	8.062258	0	0	0	2	0	0	0	0
0.002000	13.000000	0	0	0	2	0	0	0	0
0.001000	13.038405	0	0	0	2	0	0	0	0
0.002000	15.132746	0	0	0	2	0	0	0	0
0.001000	13.038405	0	0	0	2	0	0	0	0
0.001000	12.727922	0	0	0	2	0	0	0	0
0.002000	15.000000	0	0	0	2	0	0	0	0
0.002000	12.041595	0	0	0	2	0	0	0	0
0.001000	12.369317	0	0	0	2	0	0	0	0
0.001000	15.033296	0	0	0	2	0	0	0	0
0.002000	11.661904	0	0	0	2	0	0	0	0
0.002000	17.464249	0	0	0	2	0	0	0	0
0.034000	15.193485	5	27	37	49	1	0	1	0
0.001000	16.552945	0	0	0	2	0	0	0	0
0.002000	18.027756	0	0	0	2	0	0	0	0
0.002000	16.492423	0	0	0	2	0	0	0	0
0.001000	18.110770	0	0	0	2	0	0	0	0
0.023000	17.066689	9	30	60	55	2	0	2	0
0.018000	17.841397	5	25	35	44	1	0	1	0
0.002000	16.278821	0	0	0	2	0	0	0	0
0.002000	16.124515	0	0	0	2	0	0	0	0
0.012000	22.000330	5	16	17	29	1	0	1	0
0.017000	20.901047	5	27	36	44	2	0	2	0
0.001000	20.223748	0	0	0	2	0	0	0	0
0.001000	23.000000	0	0	0	2	0	0	0	0
0.001000	19.416488	0	0	0	2	0	0	0	0
0.001000	22.803509	0	0	0	2	0	0	0	0
0.002000	19.849433	0	0	0	2	0	0	0	0
0.018000	21.672538	7	28	51	38	2	0	2	0
0.002000	21.023796	0	0	0	2	0	0	0	0
0.024000	20.046897	5	31	49	49	1	0	1	0
0.048000	26.248931	3	57	64	74	1	0	1	0
0.020000	24.280110	5	36	42	46	1	0	1	0
0.030000	24.836419	6	50	46	82	2	0	2	0
0.002000	25.495098	0	0	0	2	0	0	0	0
0.000000	27.073973	0	0	0	2	0	0	0	0
0.001000	25.179357	0	0	0	2	0	0	0	0
0.002000	24.515301	0	0	0	2	0	0	0	0
0.002000	25.961510	0	0	0	2	0	0	0	0
0.002000	24.186773	0	0	0	2	0	0	0	0
0.000000	24.166092	0	0	0	2	0	0	0	0
0.002000	28.861739	0	0	0	2	0	0	0	0
0.031000	27.898009	13	43	73	94	3	0	3	0
0.002000	28.844410	0	0	0	2	0	0	0	0
0.034000	28.049245	5	50	49	79	1	0	1	0
0.003000	30.479501	0	0	0	2	0	0	0	0
0.029000	28.687354	6	50	65	90	2	0	2	0
0.042000	28.730919	6	42	64	85	1	0	1	0
0.030000	25.958217	9	41	57	84	3	0	3	0
0.001000	29.154759	0	0	0	2	0	0	0	0
0.002000	30.000000	0	0	0	2	0	0	0	0
0.028000	32.918896	5	50	45	81	1	0	1	0
0.022000	32.712377	8	38	49	75	3	0	3	0
0.002000	32.649655	0	0	0	2	0	0	0	0
0.044000	31.080305	13	55	116	114	3	0	3	0
0.001000	31.320920	0	0	0	2	0	0	0	0
0.020000	30.588614	8	34	60	57	1	0	1	0
0.003000	33.541020	0	0	0	2	0	0	0	0
0.001000	30.232433	0	0	0	2	0	0	0	0
0.018000	30.204055	10	34	63	54	3	0	3	0
0.001000	31.320920	0	0	0	2	0	0	0	0
0.002000	36.000000	0	0	0	2	0	0	0	0
0.039000	33.426847	14	63	137	123	3	0	3	0
0.001000	35.902646	0	0	0	2	0	0	0	0
0.027000	35.649886	9	49	64	96	2	0	2	0
0.001000	36.069378	0	0	0	2	0	0	0	0
0.032000	36.364649	5	63	77	76	1	0	1	0
0.019000	36.215648	8	34	64	56	1	0	1	0
0.001000	36.055513	0	0	0	2	0	0	0	0
0.021000	36.643317	7	39	75	65	1	0	1	0
0.034000	35.242008	6	58	80	88	1	0	1	0
0.032000	39.426739	9	22	36	42	3	0	3	0
0.049000	39.913676	10	48	88	92	3	0	3	0
0.048000	39.719321	15	65	136	120	2	0	2	0
0.009000	42.107007	0	0	0	2	0	0	0	0
0.033000	40.379448	8	42	75	64	1	0	1	0
0.007000	40.311289	0	0	0	2	0	0	0	0
0.029000	38.205635	6	39	59	64	2	0	2	0
0.014000	40.968982	7	34	56	54	1	0	1	0
0.019000	39.981209	5	30	45	52	2	0	2	0
0.027000	38.134553	10	48	98	89	4	0	4	0
0.051000	45.559804	18	43	108	94	1	0	1	0
0.024000	46.124784	8	40	55	61	1	0	1	0
0.039000	46.317351	9	59	96	99	1	0	1	0
0.002000	46.690470	0	0	0	2	0	0	0	0
0.036000	42.638498	12	50	109	105	2	0	2	0
0.044000	43.839688	11	53	116	131	2	0	2	0
0.032000	39.774893	15	58	122	116	3	0	3	0
0.001000	44.147480	0	0	0	2	0	0	0	0
0.026000	42.850566	6	58	51	72	1	0	1	0
0.030000	41.658272	5	53	54	71	1	0	1	0
0.019000	46.140523	18	28	34	61	4	0	4	0
0.015000	44.104847	15	28	44	53	4	0	4	0
0.003000	46.690470	0	0	0	2	0	0	0	0
0.039000	47.314640	8	53	101	94	1	0	1	0
0.022000	45.851037	9	45	59	75	2	0	2	0
0.019000	47.539457	13	36	89	58	1	0	1	0
0.021000	48.648636	13	46	80	81	2	0	2	0
0.019000	50.160453	13	46	82	79	1	0	1	0
0.027000	46.186126	8	56	69	90	1	0	1	0
0.025000	48.351424	6	48	56	74	1	0	1	0
0.019000	49.941211	16	33	42	62	4	0	4	0
0.018000	51.313723	5	32	57	54	1	0	1	0
0.025000	51.333715	5	59	48	67	1	0	1	0
0.027000	50.068884	8	51	64	91	1	0	1	0
0.024000	50.791941	9	43	83	56	1	0	1	0
0.028000	50.083218	9	59	65	90	2	0	2	0
0.037000	50.283733	10	65	80	96	1	0	1	0
0.021000	50.672425	11	41	75	63	1	0	1	0
0.027000	50.505406	18	51	113	105	2	0	2	0
0.033000	51.579739	12	65	101	108	3	0	3	0
0.021000	53.558296	13	40	60	74	4	0	4	0
0.037000	55.014095	17	49	71	92	3	0	3	0
0.002000	57.384667	0	0	0	2	0	0	0	0
0.040000	55.286447	20	79	121	149	3	0	3	0
0.003000	55.901699	0	0	0	2	0	0	0	0
0.026000	54.557271	20	53	129	106	2	0	2	0
0.024000	57.245158	12	45	92	73	1	0	1	0
0.036000	55.759833	7	71	73	100	1	0	1	0
0.034000	50.910216	16	64	94	130	2	0	2	0
1.484000	54.424259	0	0	0	2	0	0	0	0
0.094000	61.152946	14	67	167	126	1	0	1	0
0.012000	57.706152	0	0	0	2	0	0	0	0
0.049000	54.680701	14	64	125	128	5	0	5	0
0.031000	59.641062	10	52	80	87	2	0	2	0
0.039000	57.992438	17	60	111	141	5	0	5	0
0.022000	60.990966	7	44	63	66	2	0	2	0
0.040000	59.841698	6	53	70	90	1	0	1	0
0.041000	57.964850	14	70	114	106	1	0	1	0
0.036000	57.900373	20	62	134	123	3	0	2	1
0.023000	60.016664	0	0	0	2	0	0	0	0
0.039000	61.029648	9	56	97	117	1	0	1	0
0.033000	62.698291	11	55	92	116	2	0	2	0
0.024000	63.853721	10	48	72	96	1	0	1	0
0.002000	65.192024	0	0	0	2	0	0	0	0
0.036000	58.886419	24	58	138	147	4	0	4	0
0.035000	60.838760	10	70	93	111	2	0	2	0
0.003000	61.522354	0	0	0	2	0	0	0	0
0.043000	60.400593	28	67	217	182	4	0	4	0
0.036000	59.939280	24	65	156	162	2	0	2	0
0.040000	62.401618	15	65	104	136	4	0	4	0
0.033000	67.283776	17	58	87	114	5	0	5	0
0.003000	63.788714	0	0	0	2	0	0	0	0
0.041000	63.193112	14	77	114	136	3	0	3	0
0.027000	64.467080	10	39	61	65	2	0	2	0
0.027000	66.732605	11	51	92	106	1	0	1	0
0.028000	65.686720	16	51	115	120	2	0	2	0
0.029000	64.792164	13	53	118	83	3	0	3	0
0.003000	71.028163	0	0	0	2	0	0	0	0
0.029000	67.868843	19	51	116	107	1	0	1	0
0.024000	66.491377	7	41	59	67	3	0	3	0
0.031000	69.158821	17	67	74	114	3	0	2	1
0.040000	71.224146	15	58	140	94	2	0	2	0
0.046000	66.152439	28	78	169	185	4	0	4	0
0.051000	66.095217	24	81	153	189	5	0	5	0
0.035000	69.507122	14	58	137	120	1	0	1	0
0.002000	71.021124	0	0	0	2	0	0	0	0
0.041000	68.486342	20	72	140	161	3	0	3	0
0.058000	67.782808	27	89	194	217	4	0	4	0
0.048000	69.563835	28	94	174	201	2	0	2	0
0.020000	68.046955	8	38	40	52	2	0	2	0
0.026000	72.699018	15	61	59	98	5	0	5	0
0.000000	71.356624	28	89	268	215	5	0	5	0
0.028000	71.093393	19	71	159	153	7	0	7	0
0.033000	74.681329	17	66	152	142	2	0	2	0
0.024000	72.125584	8	49	71	80	2	0	2	0
0.022000	72.860028	10	49	101	74	2	0	2	0
0.023000	77.610767	9	48	64	81	3	0	3	0
0.052000	70.601386	36	90	181	207	4	0	4	0
0.021000	71.897034	16	45	123	79	2	0	2	0
0.004000	74.518454	0	0	0	2	0	0	0	0
0.027000	75.784061	19	63	73	105	3	0	3	0
0.063000	74.574762	18	58	50	97	6	0	6	0
0.047000	76.063679	14	42	79	64	2	0	2	0
0.045000	76.394741	16	55	112	112	2	0	2	0
0.062000	73.952566	26	88	160	186	6	0	6	0
0.020000	80.386830	8	50	66	77	2	0	2	0
0.048000	74.048286	37	91	201	206	4	0	4	0
0.053000	75.612708	52	97	244	245	7	0	7	0
0.027000	77.568981	23	58	150	99	3	0	3	0
0.032000	76.040652	8	63	76	88	2	0	2	0
0.022000	84.066144	6	38	40	62	1	0	1	0
0.054000	78.341371	36	91	293	227	5	0	5	0
0.038000	82.799335	17	70	139	145	4	0	4	0
0.020000	82.129336	14	44	91	71	3	0	3	0
0.038000	80.856600	15	80	115	142	3	0	3	0
0.054000	79.046509	55	103	295	243	6	0	6	0
0.037000	82.008974	20	70	158	157	3	0	3	0
0.016000	83.207956	8	50	79	81	2	0	2	0
0.000000	80.143670	13	67	110	118	2	0	2	0
0.000000	80.174130	31	64	166	160	4	0	4	0
0.000000	82.044332	17	62	55	96	3	0	3	0
0.000000	83.956520	32	59	158	151	7	0	7	0
0.000000	86.548723	21	59	174	131	2	0	1	1
0.003000	80.827653	46	119	395	306	4	0	4	0
0.025000	84.228230	17	51	98	94	4	0	4	0
0.033000	83.454428	18	68	144	141	6	0	6	0
0.065000	83.366562	64	117	359	297	6	0	6	0
0.036000	82.070090	25	77	179	168	6	0	6	0
0.024000	84.946969	20	56	133	96	1	0	1	0
0.018000	84.332970	14	40	92	59	2	0	2	0
0.019000	89.600518	16	48	58	81	1	0	1	0
0.024000	87.418596	16	59	58	97	2	0	1	1
0.028000	88.024955	29	55	118	141	9	0	9	0
0.023000	89.190901	12	49	87	70	2	0	2	0
0.050000	86.531376	29	94	207	228	6	0	6	0
0.031000	91.530385	13	62	87	116	4	0	4	0
0.031000	88.001426	20	66	177	138	4	0	4	0
0.030000	88.557335	19	58	123	114	3	0	3	0
0.055000	85.680291	36	107	288	252	5	0	5	0
0.033000	86.798179	15	68	118	127	3	0	3	0
0.021000	93.392828	14	50	56	87	5	0	4	1
0.024000	88.671377	27	53	91	131	7	0	7	0
0.004000	91.782351	0	0	0	2	0	0	0	0
0.085000	95.132776	35	103	253	309	4	0	4	0
0.033000	89.560013	22	54	145	124	2	0	1	1
0.034000	90.684308	22	64	180	148	3	0	2	1
0.033000	94.750523	10	63	110	93	3	0	3	0
0.047000	89.822664	28	85	201	194	8	0	8	0
0.064000	91.395725	50	120	263	269	4	0	4	0
0.029000	91.224232	25	62	166	106	1	0	1	0
0.074000	96.464761	29	88	256	253	2	0	2	0
0.037000	97.610239	9	71	91	102	1	0	1	0
0.033000	95.044767	18	65	173	115	3	0	3	0
0.045000	93.528205	24	84	147	172	3	0	3	0
0.065000	93.964934	40	106	206	225	4	0	4	0
0.039000	97.131155	12	66	116	106	2	0	2	0
0.045000	95.890183	25	81	176	174	4	0	4	0
0.055000	94.789305	47	104	242	228	4	0	4	0
0.039000	93.990012	28	66	208	127	2	0	1	1
0.036000	98.097909	25	62	130	128	4	0	4	0
0.018000	99.168255	13	39	56	70	5	0	4	1
0.017000	102.401754	13	50	64	83	2	0	2	0
0.003000	96.175200	57	132	505	375	5	0	5	0
0.059000	97.814539	29	94	225	244	4	0	4	0
0.039000	102.405793	16	63	137	107	3	0	3	0
0.081000	97.538912	42	121	310	296	4	0	4	0
0.067000	102.513745	19	64	161	126	4	0	4	0
0.070000	98.745128	24	93	161	174	3	0	3	0
0.108000	98.957197	77	132	378	353	6	0	6	0
0.075000	97.813827	49	100	232	238	4	0	4	0
0.034000	103.894178	29	61	153	133	4	0	4	0
0.036000	102.616709	28	64	105	136	6	0	6	0
0.005000	101.651365	0	0	0	2	0	0	0	0
0.099000	100.894734	59	129	437	384	4	0	4	0
0.084000	100.599234	52	112	397	322	5	0	5	0
0.030000	107.245585	19	63	158	123	4	0	4	0
0.084000	103.437817	51	127	394	333	4	0	4	0
0.033000	103.452031	12	70	116	109	3	0	3	0
0.045000	102.613593	43	87	254	172	3	0	3	0
0.042000	105.165835	28	85	206	174	4	0	4	0
0.032000	106.069378	32	61	128	147	6	0	6	0
0.019000	109.447115	12	60	67	89	3	0	3	0
0.085000	109.549538	51	104	358	327	3	0	3	0
0.108000	109.371105	89	132	488	470	5	0	5	0
0.045000	106.369320	27	83	197	214	3	0	3	0
0.077000	105.839046	76	127	361	306	4	0	4	0
0.059000	105.453050	40	106	263	268	7	0	7	0
0.043000	105.382809	30	89	224	192	4	0	4	0
0.046000	108.399876	31	90	253	203	4	0	4	0
0.049000	105.627992	46	98	283	233	6	0	6	0
0.047000	115.628123	28	82	154	178	6	0	6	0
0.048000	109.142275	13	71	129	123	1	0	1	0
0.044000	110.924604	20	81	171	162	4	0	4	0
0.078000	109.462764	75	131	377	300	4	0	4	0
0.043000	113.471251	19	83	120	128	6	0	6	0
0.071000	110.588144	64	136	337	319	4	0	4	0
0.059000	107.890244	54	99	295	226	3	0	2	1
0.072000	111.725719	71	136	351	312	3	0	3	0
0.088000	110.426708	92	148	463	407	4	0	4	0
0.100000	109.898886	95	146	517	400	3	0	3	0
0.037000	112.690292	34	72	163	167	4	0	4	0
0.052000	118.721422	39	90	206	212	5	0	5	0
0.037000	115.036974	33	78	159	167	5	0	5	0
0.037000	115.658576	10	70	97	113	1	0	1	0
0.087000	113.297672	67	116	450	385	3	0	3	0
0.045000	112.663115	22	79	148	158	3	0	3	0
0.057000	113.038110	36	102	193	199	3	0	3	0
0.071000	116.832385	76	120	374	295	5	0	5	0
0.043000	114.626506	17	91	152	164	2	0	2	0
0.071000	112.350748	68	134	349	327	4	0	4	0
0.030000	117.496688	33	63	157	154	6	0	6	0
0.045000	122.131945	29	88	184	185	4	0	4	0
0.036000	118.265240	28	79	139	165	5	0	5	0
0.024000	115.550268	18	63	70	98	7	0	7	0
0.099000	118.357032	86	141	645	424	6	0	6	0
0.039000	117.119109	24	92	269	175	4	0	4	0
0.044000	121.432298	20	95	154	152	5	0	5	0
0.050000	121.483354	39	105	235	205	5	0	5	0
0.039000	118.440803	14	88	139	137	2	0	2	0
0.069000	121.852042	72	114	358	313	4	0	4	0
0.028000	122.030713	19	64	78	102	4	0	4	0
0.029000	120.798695	22	67	101	113	4	0	4	0
0.038000	122.611028	35	76	185	175	7	0	7	0
0.029000	122.881423	36	71	173	170	7	0	7	0
0.050000	123.889063	22	103	203	188	5	0	5	0
0.036000	126.128237	14	73	72	111	3	0	3	0
0.054000	123.406427	46	94	308	227	4	0	4	0
0.067000	122.087492	54	119	343	320	4	0	4	0
0.044000	120.258816	29	89	258	194	4	0	4	0
0.063000	119.256494	47	130	383	301	5	0	5	0
0.036000	127.657237	40	72	198	180	9	0	9	0
0.051000	129.902111	34	91	200	200	4	0	4	0
0.035000	123.449300	32	70	147	149	3	0	3	0
0.032000	126.996355	29	77	149	156	8	0	8	0
0.062000	127.453907	47	107	241	286	8	0	8	0
0.042000	127.578200	27	77	135	167	3	0	2	1
0.079000	124.250278	39	134	333	304	7	0	7	0
0.045000	127.377144	30	96	274	200	4	0	4	0
0.070000	122.090147	61	131	355	313	4	0	4	0
0.075000	124.460261	90	129	409	313	4	0	4	0
0.045000	131.045770	27	75	124	163	5	0	4	1
0.033000	136.158292	15	62	72	109	3	0	3	0
0.053000	130.187274	25	111	234	210	6	0	6	0
0.043000	131.620240	18	91	152	142	5	0	5	0
0.054000	131.239170	43	104	277	227	4	0	4	0
0.096000	127.083912	78	155	527	441	5	0	5	0
0.076000	126.073570	68	135	403	370	5	0	5	0
0.077000	128.045694	89	138	441	388	4	0	4	0
0.046000	129.709884	39	108	243	180	3	0	3	0
0.091000	127.218013	94	149	451	365	5	0	5	0
0.031000	135.087270	22	66	103	113	4	0	4	0
0.041000	133.512549	38	84	194	198	6	0	5	1
0.049000	130.876427	28	87	142	174	4	0	3	1
0.048000	135.653435	25	94	159	190	4	0	4	0
0.057000	135.169365	39	105	281	210	4	0	4	0
0.045000	132.143549	37	93	287	205	5	0	5	0
0.567000	133.669230	59	116	332	276	5	0	5	0
0.071000	131.024263	64	123	365	304	6	0	6	0
0.057000	131.095365	35	92	269	178	2	0	1	1
0.056000	131.691156	38	104	223	235	2	0	2	0
0.059000	137.202097	59	108	301	277	6	0	6	0
0.033000	132.673823	35	72	153	160	4	0	4	0
0.043000	137.480365	38	84	204	205	8	0	8	0
0.050000	140.245713	38	93	223	230	6	0	6	0
0.036000	136.118108	38	72	165	173	8	0	8	0
0.042000	137.609497	24	79	119	146	3	0	2	1
0.002000	137.988644	16	76	155	131	4	0	4	0
0.000000	137.505504	140	209	887	660	8	0	8	0
0.000000	142.909737	25	105	178	175	4	0	4	0
0.000000	140.735369	41	94	323	233	4	0	4	0
0.037000	140.680147	47	99	242	243	8	0	8	0
0.054000	138.503246	52	108	261	259	6	0	6	0
0.046000	141.827384	49	99	249	247	6	0	6	0
0.028000	145.465353	14	60	60	90	2	0	1	1
0.105000	137.514295	95	146	652	469	6	0	6	0
0.048000	143.628338	21	99	202	178	5	0	5	0
0.046000	140.363612	36	95	223	174	5	0	5	0
0.159000	143.262637	153	224	977	693	7	0	7	0
0.064000	142.527796	40	135	310	257	4	0	4	0
0.047000	145.768883	39	91	252	194	3	0	2	1
0.035000	142.452208	35	80	171	158	7	0	7	0
0.033000	144.206631	33	83	174	160	6	0	6	0
0.027000	147.228297	22	66	105	113	4	0	4	0
0.054000	149.892594	45	100	270	240	3	0	3	0
0.060000	142.386327	60	109	285	269	7	0	7	0
0.044000	145.010970	43	90	230	212	5	0	4	1
0.033000	143.924516	31	78	174	155	9	0	9	0
0.055000	142.482522	24	108	231	210	5	0	5	0
0.060000	142.483361	43	128	333	287	4	0	4	0
0.071000	143.965034	64	139	487	332	6	0	6	0
0.054000	147.376080	55	110	311	263	6	0	6	0
0.042000	151.045516	34	82	212	164	5	0	5	0
0.047000	146.673252	26	83	122	156	2	0	1	1
0.027000	149.821466	13	62	61	96	4	0	3	1
0.038000	151.827812	20	80	134	137	5	0	5	0
0.061000	151.853242	29	125	274	233	6	0	6	0
0.039000	149.975993	20	85	177	151	5	0	5	0
0.096000	149.591203	92	165	620	471	5	0	5	0
0.053000	150.081096	42	117	324	254	5	0	5	0
0.075000	149.459391	71	152	547	370	6	0	6	0
0.048000	155.765419	23	88	135	165	5	0	5	0
0.038000	154.446674	33	88	217	173	8	0	7	1
0.036000	153.247458	35	92	226	176	7	0	6	1
0.030000	148.879387	33	83	191	169	10	0	9	1
0.041000	155.993991	13	74	149	123	4	0	4	0
0.070000	149.794697	76	118	390	269	9	0	9	0
0.231000	149.297888	59	125	421	378	5	0	5	0
0.138000	154.755004	51	109	390	274	5	0	5	0
0.104000	150.970556	73	160	530	375	6	0	6	0
0.076000	152.734254	87	136	470	350	3	0	3	0
0.037000	158.143376	32	84	206	171	8	0	8	0
0.050000	157.263689	44	92	278	225	8	0	7	1
0.041000	159.033878	27	76	125	149	2	0	1	1
0.066000	158.289790	37	99	312	273	5	0	5	0
0.031000	155.807457	19	80	175	133	5	0	5	0
0.031000	155.414132	21	79	187	153	6	0	6	0
0.097000	157.049599	92	159	652	444	7	0	7	0
0.036000	157.873781	18	77	171	147	3	0	3	0
0.051000	159.657107	136	220	906	713	4	0	4	0
0.000000	155.182910	32	85	221	165	3	0	2	1
0.000000	167.482874	23	66	130	139	3	0	3	0
0.005000	166.880452	24	77	142	157	5	0	5	0
0.059000	163.781027	65	102	353	270	7	0	7	0
0.120000	158.574741	100	166	706	499	6	0	6	0
0.066000	164.567583	75	114	414	288	7	0	7	0
0.070000	161.141541	44	107	364	253	5	0	5	0
0.150000	160.254255	114	201	735	571	5	0	5	0
0.139000	157.522915	108	192	705	527	5	0	5	0
0.110000	158.849778	98	176	643	464	5	0	5	0
0.084000	160.912860	70	120	398	302	6	0	6	0
0.056000	165.731773	45	93	298	229	9	0	8	1
0.052000	168.287536	47	96	269	217	8	0	8	0
0.056000	166.904212	39	93	214	218	8	0	7	1
0.099000	161.741293	96	153	459	364	6	0	6	0
0.096000	164.379989	102	153	442	372	7	0	7	0
0.143000	164.583198	151	212	919	700	4	0	4	0
0.134000	162.602195	35	88	256	167	4	0	4	0
0.119000	162.380873	114	181	752	562	6	0	6	0
0.108000	164.429811	113	168	767	515	7	0	7	0
0.147000	164.479093	145	213	875	681	4	0	4	0
0.096000	171.269819	62	148	431	382	7	0	7	0
0.046000	164.408966	45	88	272	207	5	0	4	1
0.054000	169.980489	47	112	306	256	7	0	6	1
0.114000	169.144286	79	132	557	471	5	0	5	0
0.110000	172.843952	97	138	670	527	5	0	5	0
0.096000	167.861993	100	156	454	372	7	0	7	0
0.034000	167.909724	21	84	199	140	5	0	4	1
0.178000	168.043984	183	263	1184	869	7	0	7	0
0.132000	168.417163	128	208	836	613	5	0	5	0
0.133000	167.957046	131	201	800	615	5	0	5	0
0.057000	175.004938	64	99	327	262	8	0	8	0
0.048000	170.619236	57	99	360	241	8	0	7	1
0.047000	170.037186	52	94	305	235	5	0	4	1
0.051000	175.396948	36	98	186	219	4	0	2	2
0.033000	173.820510	28	83	189	179	5	0	5	0
0.000000	170.577745	54	106	316	250	6	0	5	1
0.109000	172.302237	73	132	518	453	5	0	5	0
0.056000	172.003277	38	101	303	250	4	0	4	0
0.205000	170.553522	207	270	1281	918	8	0	8	0
0.053000	169.789725	31	97	264	228	4	0	3	1
0.051000	177.244413	55	95	286	236	5	0	5	0
0.050000	179.241621	58	99	318	249	6	0	6	0
0.097000	176.039934	83	152	510	462	7	0	6	1
0.055000	176.046455	48	106	285	252	6	0	5	1
0.046000	175.679345	29	81	149	159	2	0	1	1
0.050000	177.800607	61	97	289	250	7	0	7	0
0.044000	175.912098	28	91	170	174	5	0	5	0
0.086000	175.102406	68	150	463	429	10	0	10	0
0.081000	172.408316	89	148	479	377	10	0	10	0
0.187000	177.360970	188	253	1141	837	7	0	7	0
0.065000	179.443700	50	125	314	284	7	0	6	1
0.087000	182.103108	75	145	454	427	6	0	5	1
0.096000	179.582376	84	152	541	453	6	0	6	0
0.044000	179.439410	47	96	286	233	9	0	8	1
0.756000	179.240846	52	100	308	237	6	0	5	1
0.066000	178.768397	55	101	336	226	6	0	4	2
0.059000	180.859984	28	96	160	179	4	0	3	1
0.115000	180.715795	94	162	571	494	10	0	9	1
0.102000	181.130963	84	132	551	323	8	0	7	1
0.065000	175.381271	72	116	503	297	6	0	6	0
0.102000	185.287997	85	157	537	474	6	0	5	1
0.042000	180.389099	46	96	288	194	6	0	5	1
0.046000	185.148846	29	92	192	180	5	0	5	0
0.092000	186.505109	76	155	503	437	4	0	3	1
0.097000	186.626843	109	161	612	417	8	0	8	0
0.084000	182.985363	102	149	478	357	9	0	9	0
0.073000	182.755770	58	120	423	293	4	0	4	0
0.056000	182.648036	68	106	381	271	5	0	5	0
0.075000	178.714016	87	138	448	352	8	0	8	0
0.027000	183.467335	73	132	520	464	6	0	6	0
0.048000	192.556072	29	104	196	197	7	0	7	0
0.042000	185.909872	46	93	277	192	7	0	5	2
0.094000	188.533320	80	152	525	454	7	0	6	1
0.097000	188.426108	80	131	548	461	6	0	6	0
0.079000	184.703316	100	140	604	369	7	0	7	0
0.062000	184.785892	66	121	452	284	5	0	5	0
0.071000	183.385259	73	118	453	306	6	0	4	2
0.055000	186.139670	39	95	296	221	4	0	3	1
0.082000	188.800727	75	132	538	366	5	0	5	0
0.131000	188.490804	115	159	707	565	5	0	5	0
0.097000	192.202098	71	160	515	445	7	0	7	0
0.054000	192.908463	36	113	238	223	6	0	6	0
0.054000	194.322677	41	120	260	242	6	0	6	0
0.165000	194.034633	168	230	1093	742	6	0	6	0
0.075000	187.225868	89	132	530	337	6	0	6	0
0.074000	187.650380	63	117	417	316	4	0	4	0
0.098000	190.201699	64	165	612	432	9	0	9	0
0.048000	193.623900	33	102	245	214	6	0	6	0
0.072000	191.357974	64	126	455	302	4	0	4	0
0.085000	187.874392	89	157	502	392	8	0	8	0
0.133000	197.119112	107	174	667	572	9	0	9	0
0.064000	194.192944	54	129	386	310	6	0	6	0
0.070000	198.752731	51	126	369	340	7	0	7	0
0.062000	195.953369	35	92	192	204	4	0	3	1
0.061000	198.217763	42	119	257	259	5	0	4	1
0.109000	196.989100	102	166	646	516	6	0	5	1
0.086000	195.098533	74	148	489	418	4	0	3	1
0.087000	198.858100	77	149	509	443	7	0	6	1
0.045000	196.411987	32	110	242	209	4	0	4	0
0.000000	194.413524	113	163	748	575	5	0	5	0
0.000000	198.156247	38	105	211	228	4	0	3	1
0.000000	201.401796	68	137	448	407	7	0	7	0
0.075000	199.956756	91	123	441	352	8	0	8	0
0.059000	200.840035	34	107	273	228	7	0	7	0
0.177000	200.333606	177	236	1100	769	4	0	4	0
0.167000	199.407184	123	180	790	626	5	0	5	0
0.201000	202.208729	197	251	1226	830	6	0	6	0
0.166000	200.659353	159	219	1109	731	8	0	7	1
0.080000	198.356224	71	163	638	443	6	0	6	0
0.083000	199.688469	90	143	586	352	8	0	7	1
0.072000	203.988530	49	132	288	291	4	0	3	1
0.053000	208.845044	33	112	227	221	7	0	7	0
0.167000	205.526634	148	206	868	682	7	0	6	1
0.087000	203.152716	98	142	484	390	10	0	10	0
0.048000	202.813159	30	102	160	183	5	0	4	1
0.137000	201.628987	122	169	769	606	5	0	5	0
0.138000	204.206703	132	205	834	617	9	0	9	0
0.072000	200.327694	86	132	498	314	6	0	6	0
0.081000	198.788224	85	139	545	386	6	0	6	0
0.104000	200.313405	116	161	634	443	7	0	6	1
0.067000	202.409068	74	129	436	309	6	0	6	0
0.109000	205.067568	110	152	610	471	5	0	5	0
0.079000	202.109303	75	133	475	355	5	0	5	0
0.116000	204.689535	130	199	739	544	8	0	8	0
0.095000	203.047628	110	154	638	458	5	0	5	0
0.125000	208.570808	122	189	706	518	7	0	7	0
0.160000	204.879825	155	221	1029	722	9	0	8	1
0.087000	204.042600	94	147	595	398	9	0	8	1
0.164000	206.416000	147	226	1054	718	8	0	7	1
0.162000	206.644445	159	226	1199	749	9	0	9	0
0.120000	212.067837	101	175	746	580	10	0	10	0
0.777000	209.970634	196	257	1390	854	7	0	7	0
0.199000	209.731341	168	225	1136	761	8	0	8	0
0.151000	211.192165	184	241	1307	805	6	0	6	0
0.162000	211.871729	160	215	954	715	7	0	7	0
0.144000	211.559341	146	226	903	651	7	0	7	0
0.105000	207.927647	119	166	651	437	7	0	7	0
0.180000	212.391069	171	222	1048	779	7	0	7	0
0.165000	212.115678	169	230	1059	776	5	0	5	0
0.461000	211.783658	175	227	1188	781	9	0	9	0
0.049000	215.508961	26	99	167	177	5	0	4	1
0.045000	218.406762	28	99	180	186	4	0	3	1
0.062000	218.342109	44	119	302	264	6	0	6	0
0.211000	219.832004	203	254	1258	842	7	0	7	0
0.163000	213.584284	181	246	1084	776	8	0	8	0
0.177000	214.305087	174	245	1303	794	6	0	6	0
0.166000	214.425787	166	227	1059	742	8	0	8	0
0.154000	215.952496	151	217	920	691	7	0	7	0
0.084000	212.596776	100	145	529	364	9	0	9	0
0.172000	217.646442	178	239	1062	787	5	0	5	0
0.196000	221.502293	203	257	1321	844	7	0	7	0
0.064000	214.891301	65	113	422	278	6	0	6	0
0.063000	213.969005	65	121	426	275	5	0	5	0
0.166000	216.550716	163	225	1161	765	6	0	6	0
0.182000	217.308220	195	251	1326	858	7	0	7	0
0.169000	220.582144	275	317	1865	1081	8	0	8	0
0.065000	216.295908	54	123	387	286	6	0	6	0
0.098000	218.267262	113	155	581	427	6	0	6	0
0.613000	217.998666	187	228	1116	817	9	0	9	0
0.222000	218.996977	204	242	1258	858	9	0	8	1
0.094000	224.005770	38	111	265	242	5	0	5	0
0.212000	223.598660	203	260	1351	837	7	0	7	0
0.082000	220.073679	84	122	487	325	6	0	6	0
0.187000	221.513441	151	217	1050	710	8	0	8	0
0.235000	222.984037	269	304	1794	1048	7	0	7	0
0.161000	221.685068	151	210	925	672	10	0	10	0
0.171000	225.961538	173	237	1069	770	8	0	8	0
0.139000	221.018676	146	220	892	632	8	0	8	0
0.113000	218.482282	113	165	574	463	7	0	6	1
0.102000	216.583706	106	155	570	433	6	0	4	2
0.202000	227.912354	203	249	1316	825	10	0	10	0
0.245000	225.408009	271	305	1798	1047	7	0	7	0
0.069000	223.333077	73	129	493	310	4	0	4	0
0.078000	220.373835	101	138	550	347	6	0	6	0
0.097000	223.226403	106	150	566	422	5	0	5	0
0.106000	224.594878	114	155	607	446	7	0	6	1
0.089000	221.411222	105	149	583	396	7	0	5	2
0.189000	224.126315	220	273	1293	947	6	0	5	1
0.093000	222.885994	180	234	1213	803	8	0	7	1
0.226000	228.383566	259	307	1849	1014	8	0	8	0
0.183000	229.577341	183	246	1067	777	8	0	8	0
0.160000	224.622927	161	226	906	716	7	0	6	1
0.103000	224.917344	113	155	603	444	5	0	5	0
0.160000	227.861032	150	216	972	695	8	0	7	1
0.188000	231.090864	190	234	1234	844	8	0	8	0
0.206000	232.491891	205	256	1369	842	7	0	7	0
0.097000	230.341809	115	164	566	422	9	0	9	0
0.078000	227.596157	96	134	507	358	8	0	8	0
0.097000	225.566237	113	148	662	436	8	0	7	1
0.152000	226.508539	132	215	965	660	8	0	7	1
0.064000	234.894020	46	119	304	273	8	0	8	0
0.213000	237.623661	227	269	1451	915	6	0	6	0
0.275000	237.508727	245	304	1599	1017	10	0	10	0
0.179000	234.259102	184	240	1190	791	10	0	10	0
0.154000	232.080921	151	214	928	673	10	0	10	0
0.190000	232.354986	212	268	1203	864	7	0	7	0
0.159000	233.362293	165	233	947	714	7	0	7	0
0.170000	232.227271	193	232	1219	843	8	0	7	1
0.242000	233.109405	271	313	1841	1047	7	0	6	1
0.206000	236.372051	215	262	1430	878	6	0	6	0
0.155000	236.616333	160	217	1210	736	6	0	6	0
0.289000	236.932147	114	160	561	413	9	0	9	0
0.209000	236.116043	181	243	1152	821	9	0	9	0
0.234000	239.043322	204	258	1350	843	8	0	8	0
0.187000	237.119321	169	228	1237	761	9	0	9	0
0.141000	234.668384	143	211	1026	666	6	0	6	0
0.074000	232.254825	65	110	441	275	6	0	6	0
0.166000	236.497286	168	232	953	725	7	0	7	0
0.199000	238.648917	209	288	1410	901	6	0	6	0
0.087000	233.694924	98	145	501	352	8	0	8	0
0.071000	245.822451	48	129	359	294	6	0	6	0
0.221000	242.471093	230	289	1416	954	11	0	11	0
0.227000	242.110555	233	282	1480	973	10	0	10	0
0.107000	241.051376	126	190	666	476	8	0	8	0
0.167000	242.265511	172	233	1046	762	10	0	10	0
0.189000	245.247451	203	246	1139	852	8	0	8	0
0.077000	237.042838	91	132	465	328	8	0	8	0
0.169000	242.339398	175	233	1079	763	12	0	12	0
0.179000	238.211769	183	244	1069	787	7	0	7	0
0.172000	239.509577	192	240	1056	814	8	0	8	0
0.085000	241.607327	103	143	537	377	9	0	9	0
0.036000	245.254899	116	175	615	427	8	0	8	0
0.155000	246.476749	152	220	906	692	9	0	9	0
0.122000	240.327828	128	196	672	534	10	0	9	1
0.286000	241.721474	228	302	1416	976	6	0	5	1
0.234000	244.635352	277	309	1737	1088	5	0	5	0
0.261000	244.882060	269	314	1665	1064	11	0	11	0
0.104000	243.673073	128	174	680	476	7	0	6	1
0.208000	245.917131	201	245	1356	850	9	0	9	0
0.187000	247.550898	211	254	1307	851	9	0	9	0
0.208000	249.981104	214	259	1391	858	9	0	9	0
0.227000	247.183154	265	311	1932	1047	7	0	7	0
0.157000	250.544376	153	222	967	707	9	0	9	0
0.179000	247.898313	184	234	1028	795	7	0	7	0
0.157000	246.391256	162	229	946	741	7	0	7	0
0.153000	245.806759	159	226	930	723	8	0	8	0
0.110000	245.397187	132	176	703	495	8	0	7	1
0.251000	250.696057	286	327	1856	1086	8	0	8	0
0.248000	248.911728	268	320	1635	1081	10	0	10	0
0.202000	248.092205	214	293	1681	939	7	0	7	0
0.092000	253.524411	221	266	1426	924	13	0	13	0
0.176000	251.923702	193	244	1222	819	11	0	11	0
0.178000	254.185546	188	237	1142	800	10	0	10	0
0.157000	253.442933	169	231	1032	745	11	0	11	0
0.165000	252.232059	180	234	1063	777	9	0	9	0
0.157000	250.614907	158	219	984	696	10	0	10	0
0.148000	249.514159	159	231	953	698	10	0	10	0
0.213000	255.199971	235	296	1594	951	6	0	6	0
0.098000	251.644042	118	175	640	429	8	0	8	0
0.240000	252.039745	276	318	1897	1065	8	0	8	0
0.212000	259.283749	95	163	649	566	9	0	9	0
0.248000	257.788816	288	322	1670	1114	10	0	10	0
0.196000	255.043619	197	257	1234	849	11	0	11	0
0.174000	257.021517	183	236	1084	797	8	0	8	0
0.188000	253.879098	183	233	988	834	7	0	6	1
0.081000	253.020806	99	141	493	369	8	0	8	0
0.137000	254.621675	145	233	862	639	7	0	7	0
0.141000	254.062544	157	236	952	691	8	0	7	1
0.246000	253.051548	283	317	1859	1074	7	0	7	0
0.150000	254.915181	153	218	955	694	10	0	10	0
0.777000	265.171909	135	194	913	674	12	0	12	0
0.144000	258.940318	133	199	733	504	8	0	8	0
0.172000	260.983953	165	221	994	707	11	0	11	0
0.138000	256.547037	142	188	789	522	8	0	7	1
0.186000	257.026066	180	240	1114	830	8	0	8	0
0.090000	258.137225	114	155	596	413	11	0	11	0
0.160000	261.192180	150	214	906	667	9	0	9	0
0.121000	258.159664	132	188	656	540	10	0	9	1
0.147000	259.864115	155	221	938	697	10	0	10	0
0.119000	257.970359	135	200	782	507	8	0	8	0
0.206000	263.426849	218	259	1317	901	14	0	14	0
0.247000	266.712385	276	316	1624	1088	10	0	10	0
0.115000	260.835294	135	200	754	506	8	0	8	0
0.152000	262.032886	159	228	944	681	10	0	10	0
0.162000	261.428387	159	226	961	670	10	0	10	0
0.111000	262.118054	132	184	711	511	7	0	6	1
0.163000	259.906536	174	243	1032	803	8	0	7	1
0.131000	262.280015	152	215	848	568	8	0	8	0
0.210000	267.402684	224	267	1347	914	13	0	13	0
0.186000	261.262816	284	309	1853	1067	7	0	7	0
0.140000	270.223691	120	183	811	639	8	0	7	1
0.158000	266.400426	169	231	1034	741	12	0	12	0
0.159000	264.043804	166	234	969	729	7	0	7	0
0.152000	267.654470	162	227	961	702	9	0	9	0
0.119000	264.655263	138	205	756	520	8	0	8	0
0.223000	267.817211	254	309	1652	1005	10	0	10	0
0.239000	267.854437	283	314	1886	1071	10	0	10	0
0.214000	268.216149	229	269	1462	946	13	0	13	0
0.112000	267.171713	130	193	735	493	9	0	9	0
0.089000	266.275464	120	158	637	417	11	0	11	0
0.178000	273.885687	161	229	1143	750	8	0	8	0
0.141000	273.770565	126	187	847	654	10	0	9	1
0.208000	271.233412	217	262	1305	911	11	0	11	0
0.153000	272.036994	164	231	960	695	11	0	11	0
0.165000	271.951839	176	231	1075	764	11	0	11	0
0.125000	268.715925	146	206	802	550	8	0	8	0
0.110000	268.890697	144	186	745	514	8	0	7	1
0.090000	271.013984	115	159	627	414	10	0	10	0
0.085000	269.106866	113	156	625	410	10	0	10	0
0.184000	270.273843	115	160	640	410	9	0	9	0
0.171000	274.990234	161	232	1097	767	7	0	6	1
0.157000	275.647426	132	212	994	686	11	0	11	0
0.156000	276.732912	286	319	1945	1071	11	0	11	0
0.218000	274.540704	230	270	1469	951	13	0	13	0
0.101000	269.399715	136	166	725	479	8	0	7	1
0.133000	272.674618	157	219	879	595	8	0	8	0
0.247000	277.089712	282	321	1943	1066	10	0	10	0
0.176000	279.064063	195	239	1201	810	11	0	11	0
0.098000	272.484196	129	170	667	444	11	0	11	0
0.094000	273.879900	133	175	704	442	12	0	12	0
0.218000	284.195166	237	276	1515	935	8	0	7	1
0.223000	284.423360	241	283	1549	968	12	0	12	0
0.164000	279.570382	152	230	1050	747	9	0	8	1
0.195000	280.350697	203	254	1336	852	8	0	7	1
0.095000	278.614470	114	156	612	413	10	0	10	0
0.090000	277.890997	118	159	633	419	11	0	11	0
0.095000	280.373341	133	175	692	440	9	0	9	0
0.085000	278.591842	113	153	597	402	10	0	10	0
0.080000	277.289028	113	154	603	397	11	0	11	0
0.217000	280.241641	214	262	1500	895	9	0	9	0
0.205000	283.085620	219	260	1408	894	8	0	7	1
0.232000	286.713153	243	283	1555	974	11	0	11	0
0.197000	284.088884	199	256	1424	864	11	0	11	0
0.173000	286.921893	257	300	1643	1004	10	0	10	0
0.239000	285.665518	280	314	1868	1050	10	0	10	0
0.037000	281.053690	128	169	658	434	11	0	11	0
0.000000	279.823848	114	156	597	413	10	0	10	0
0.074000	280.757334	137	196	761	502	9	0	9	0
0.268000	285.204861	293	321	2014	1077	12	0	12	0
0.091000	281.429822	112	155	595	407	10	0	10	0
0.168000	288.894365	146	219	1080	722	11	0	11	0
0.216000	290.101059	235	282	1486	928	10	0	9	1
0.137000	287.365890	120	188	854	636	13	0	13	0
0.224000	289.368425	246	295	1568	955	8	0	7	1
0.113000	284.007210	137	196	778	502	9	0	9	0
0.243000	287.564462	283	312	1901	1055	9	0	8	1
0.238000	287.709485	289	321	1929	1072	10	0	9	1
0.091000	284.875131	118	159	640	413	11	0	11	0
0.252000	291.225818	295	321	1765	1077	10	0	9	1
0.139000	284.898061	127	188	841	652	13	0	12	1
0.137000	292.441604	124	184	833	642	11	0	10	1
0.217000	291.906869	247	294	1534	954	12	0	11	1
0.240000	289.525759	287	321	1982	1067	12	0	12	0
0.093000	288.034336	129	167	677	432	11	0	11	0
0.085000	286.714957	118	158	633	408	11	0	11	0
0.890000	294.569995	233	271	1536	934	11	0	11	0
0.241000	290.772307	237	287	1547	962	12	0	12	0
0.254000	297.017852	254	285	1671	987	9	0	9	0
0.178000	292.078587	163	238	1117	773	9	0	8	1
0.213000	290.349793	216	262	1468	893	8	0	8	0
0.180000	295.929177	173	236	1251	787	12	0	12	0
0.203000	294.531417	215	261	1478	889	8	0	8	0
0.416000	296.933068	224	269	1518	920	9	0	9	0
0.214000	294.831130	227	259	1447	887	7	0	6	1
0.192000	294.180947	204	255	1390	854	10	0	9	1
0.219000	292.248730	224	268	1502	919	12	0	12	0
0.209000	295.262774	224	262	1500	913	10	0	10	0
0.250000	295.564273	303	331	1783	1105	9	0	8	1
0.210000	294.655622	223	266	1547	909	9	0	9	0
0.131000	297.286729	282	320	1687	1050	8	0	7	1
0.223000	301.121924	238	285	1527	967	10	0	10	0
0.244000	301.914978	270	306	1618	1031	11	0	11	0
0.190000	298.192703	201	252	1362	841	9	0	8	1
0.094000	298.503841	215	256	1425	871	8	0	7	1
0.220000	300.300457	237	279	1557	950	9	0	9	0
0.091000	299.552440	235	278	1510	941	11	0	11	0
0.167000	299.575304	247	274	1513	952	12	0	12	0
0.200000	297.832251	198	252	1346	833	10	0	9	1
0.221000	299.733079	238	288	1537	963	12	0	12	0
0.303000	299.598385	239	277	1579	949	9	0	9	0
0.210000	304.244092	225	263	1502	919	9	0	9	0
0.259000	306.243669	298	328	1713	1088	10	0	9	1
0.209000	301.626265	225	265	1482	916	12	0	12	0
0.250000	303.321014	298	328	1706	1084	8	0	7	1
0.239000	302.847092	298	328	1716	1083	8	0	7	1
0.201000	298.342937	213	259	1394	870	11	0	10	1
0.238000	305.437053	295	322	1763	1076	10	0	9	1
0.494000	303.761556	78	157	552	459	9	0	8	1
0.128000	305.408948	75	157	555	449	9	0	8	1
0.103000	304.646831	66	145	522	374	7	0	7	0
0.279000	307.018670	290	327	1736	1069	8	0	7	1
0.190000	308.123922	296	331	1775	1088	9	0	8	1
0.246000	304.310819	279	319	1656	1037	10	0	9	1
0.213000	304.440038	229	264	1484	918	12	0	12	0
0.242000	309.030892	287	330	1757	1074	10	0	9	1
0.240000	308.570726	297	325	1743	1077	8	0	7	1
0.104000	311.660302	79	157	585	457	8	0	7	1
0.070000	309.346748	55	125	385	296	8	0	7	1
0.099000	308.708527	79	161	593	463	9	0	8	1
0.203000	307.287015	218	271	1529	975	11	0	10	1
0.227000	314.253452	250	281	1591	972	8	0	8	0
0.220000	312.375083	231	266	1503	926	11	0	11	0
0.226000	313.945860	254	285	1604	990	9	0	9	0
0.159000	311.244291	233	271	1490	925	8	0	8	0
0.232000	311.533290	280	320	1732	1040	12	0	11	1
0.251000	309.341467	299	327	1726	1085	12	0	11	1
0.244000	311.510701	304	328	1755	1099	9	0	8	1
0.057000	315.016563	299	323	1765	1080	9	0	8	1
0.055000	309.018073	211	256	1416	859	11	0	10	1
0.251000	312.056260	304	331	1732	1106	12	0	11	1
0.243000	314.092554	292	326	1706	1066	11	0	10	1
0.222000	314.563604	262	305	1607	992	13	0	12	1
0.248000	316.013611	302	330	1735	1095	12	0	11	1
0.241000	316.721670	299	327	1778	1089	11	0	10	1
0.245000	313.803442	288	329	1694	1069	12	0	11	1
0.213000	311.057316	231	265	1500	922	12	0	12	0
0.236000	317.777413	272	321	1749	1028	11	0	10	1
0.240000	316.001378	286	327	1803	1069	11	0	10	1
0.236000	314.393684	281	321	1781	1042	11	0	10	1
0.235000	314.886036	291	324	1698	1068	11	0	10	1
0.689000	317.878238	230	258	1509	915	11	0	11	0
0.299000	319.788420	278	325	1713	1047	11	0	10	1
0.260000	319.333762	295	329	1826	1086	12	0	11	1
0.283000	314.639277	247	280	1553	962	11	0	11	0
0.253000	317.923677	300	330	1694	1089	9	0	8	1
0.249000	320.850359	295	326	1754	1079	9	0	8	1
0.242000	319.494414	302	330	1717	1091	12	0	11	1
0.064000	319.248820	75	159	554	451	9	0	8	1
0.117000	316.804612	91	173	716	552	8	0	7	1
0.098000	318.624595	81	158	633	467	11	0	10	1
0.256000	320.942063	301	329	1699	1090	12	0	11	1
0.239000	326.335169	300	321	1681	1088	10	0	9	1
0.241000	325.782266	301	322	1696	1085	9	0	8	1
0.215000	320.678898	277	321	1676	1038	13	0	12	1
0.008000	322.317143	302	333	1677	1097	12	0	11	1
0.249000	320.420546	298	328	1720	1083	12	0	11	1
0.238000	321.996120	282	323	1776	1058	12	0	11	1
0.235000	325.949280	293	326	1738	1075	10	0	9	1
0.135000	322.931375	117	188	857	655	12	0	11	1
0.188000	323.378102	76	152	554	413	12	0	11	1
0.239000	326.285519	286	324	1735	1067	12	0	11	1
0.244000	325.557574	296	323	1678	1071	11	0	10	1
0.238000	325.914447	297	323	1711	1074	11	0	10	1
0.228000	323.479569	273	315	1667	1017	14	0	13	1
0.213000	321.004564	228	260	1490	910	11	0	11	0
0.238000	328.980354	282	321	1653	1051	11	0	10	1
0.241000	327.797963	299	326	1694	1079	8	0	7	1
0.382000	327.050157	292	322	1699	1064	9	0	8	1
0.148000	331.137928	124	191	941	651	10	0	9	1
0.095000	326.809213	75	157	558	412	9	0	8	1
0.242000	332.843984	292	326	1764	1069	14	0	13	1
0.823000	331.249144	306	332	1823	1111	12	0	11	1
0.279000	333.285280	295	326	1693	1082	10	0	9	1
0.254000	331.539026	303	329	1723	1097	10	0	9	1
0.258000	327.522010	284	323	1750	1052	13	0	12	1
0.243000	331.914339	307	332	1845	1107	11	0	10	1
0.103000	333.398950	81	158	611	436	11	0	10	1
0.123000	330.757853	97	176	744	577	9	0	8	1
0.190000	327.479837	203	266	1441	899	12	0	11	1
0.120000	329.574876	99	178	744	579	8	0	7	1
0.249000	338.648920	301	320	1673	1082	10	0	9	1
0.255000	333.803963	297	324	1705	1080	9	0	8	1
0.242000	337.360533	308	328	1822	1094	11	0	10	1
0.236000	336.205291	283	320	1640	1052	11	0	10	1
0.229000	335.794075	278	319	1667	1041	11	0	10	1
0.156000	336.652170	290	328	1786	1072	12	0	11	1
0.228000	332.331224	289	327	1816	1070	11	0	10	1
0.243000	334.425460	282	320	1694	1049	11	0	10	1
0.195000	330.758693	212	261	1457	900	10	0	9	1
0.178000	332.625247	190	241	1248	860	14	0	13	1
0.241000	338.431879	293	327	1681	1075	9	0	8	1
0.235000	339.836032	280	321	1591	1048	13	0	12	1
0.235000	337.536703	290	328	1800	1075	12	0	11	1
0.171000	338.982316	176	218	1196	764	10	0	9	1
0.117000	337.207107	95	175	742	570	8	0	7	1
0.089000	338.903916	78	150	565	402	10	0	9	1
0.139000	335.536343	154	199	1089	736	11	0	10	1
0.000000	340.555640	77	153	541	411	10	0	9	1
0.132000	337.954090	131	192	910	675	13	0	12	1
0.096000	341.069722	88	157	613	453	12	0	11	1
0.252000	341.504063	295	332	1818	1086	12	0	11	1
0.233000	344.513631	282	322	1613	1053	12	0	11	1
0.093000	341.913330	76	151	554	401	10	0	9	1
0.089000	342.372944	80	151	565	414	11	0	10	1
0.090000	343.568884	83	155	568	433	12	0	11	1
0.088000	341.463737	82	153	582	422	12	0	11	1
0.091000	343.267238	81	150	559	418	12	0	11	1
0.124000	343.507904	125	186	874	641	11	0	10	1
0.114000	340.311193	100	176	725	575	10	0	9	1
0.095000	342.470891	89	158	617	462	13	0	12	1
0.495000	346.012891	285	318	1741	1043	12	0	11	1
0.284000	345.011924	300	326	1679	1083	12	0	11	1
0.185000	343.416312	184	232	1207	807	13	0	12	1
0.072000	346.540881	169	210	1119	769	12	0	11	1
0.145000	344.167443	150	191	1009	722	13	0	12	1
0.190000	346.643563	222	273	1457	953	13	0	12	1
0.132000	346.420173	115	183	813	627	13	0	12	1
0.160000	344.804268	176	218	1152	810	14	0	13	1
0.095000	345.612242	89	158	613	460	13	0	12	1
0.110000	344.717026	96	170	690	576	11	0	10	1
0.242000	349.817310	286	324	1741	1062	13	0	12	1
0.235000	348.855412	287	327	1741	1064	14	0	13	1
0.233000	346.255276	294	321	1666	1063	11	0	10	1
0.237000	347.954707	295	322	1646	1066	9	0	8	1
0.191000	346.370891	219	265	1452	911	12	0	11	1
0.214000	346.144311	262	307	1731	1042	12	0	11	1
0.138000	348.764090	140	197	975	693	12	0	11	1
0.176000	347.734634	200	258	1352	858	15	0	14	1
0.087000	350.364115	77	150	559	394	13	0	12	1
0.084000	348.537601	77	153	514	395	12	0	11	1
0.241000	349.408900	289	325	1758	1066	13	0	12	1
0.259000	349.966076	302	329	1794	1094	15	0	14	1
0.232000	350.813636	283	322	1622	1049	14	0	13	1
0.232000	355.585707	281	314	1723	1026	12	0	11	1
0.115000	352.549090	96	170	687	556	9	0	8	1
0.095000	353.385479	85	161	570	441	11	0	10	1
0.096000	354.607230	85	157	568	447	14	0	13	1
0.161000	350.957997	186	235	1216	815	15	0	14	1
0.087000	357.360306	82	153	564	411	13	0	12	1

