0.009000	3.605551	3	17	23	5	0	0	0	0
0.002000	2.828427	2	14	16	4	0	0	0	0
0.003000	3.162278	3	17	22	5	0	0	0	0
0.004000	3.605551	3	17	27	5	0	0	0	0
0.003000	2.000000	2	12	11	4	0	0	0	0
0.002000	3.000000	3	15	21	5	0	0	0	0
0.002000	1.414214	1	6	2	3	0	0	0	0
0.003000	2.000000	2	11	10	4	0	0	0	0
0.002000	2.000000	2	12	11	4	0	0	0	0
0.003000	3.605551	3	17	25	5	0	0	0	0
0.004000	5.385165	5	25	46	7	0	0	0	0
0.006000	6.403124	5	27	51	7	0	0	0	0
0.004000	4.123106	4	20	27	6	0	0	0	0
0.005000	6.000000	6	24	48	8	0	0	0	0
0.004000	7.280110	7	31	62	9	0	0	0	0
0.005000	5.385165	5	25	42	7	0	0	0	0
0.003000	4.000000	4	18	26	6	0	0	0	0
0.002000	4.000000	4	18	26	6	0	0	0	0
0.006000	7.071068	7	29	64	9	0	0	0	0
0.004000	7.071068	5	29	48	7	0	0	0	0
0.007000	9.486833	9	38	82	11	0	0	0	0
0.007000	8.602325	7	34	65	9	0	0	0	0
0.006000	9.000000	9	33	79	11	0	0	0	0
0.008000	10.440307	11	43	93	13	0	0	0	0
0.007000	10.198039	10	40	93	12	0	0	0	0
0.006000	8.602325	7	35	73	9	0	0	0	0
0.006000	8.062258	7	33	68	9	0	0	0	0
0.007000	10.295630	9	41	79	11	0	0	0	0
0.005000	7.810250	6	32	60	8	0	0	0	0
0.005000	8.062258	8	32	70	10	0	0	0	0
0.010000	13.000000	15	55	133	17	0	0	0	0
0.010000	13.038405	13	53	123	15	0	0	0	0
0.011000	15.132746	15	55	141	17	0	0	0	0
0.008000	13.038405	13	47	129	15	0	0	0	0
0.008000	12.727922	9	48	99	11	0	0	0	0
0.013000	15.000000	13	59	148	15	0	0	0	0
0.007000	12.041595	9	47	93	11	0	0	0	0
0.010000	12.369317	13	49	119	15	0	0	0	0
0.009000	15.033296	15	53	150	17	0	0	0	0
0.011000	11.661904	12	48	113	14	0	0	0	0
0.014000	17.464249	21	69	194	23	0	0	0	0
0.012000	15.193485	17	59	138	20	1	0	1	0
0.015000	16.552945	23	71	192	25	0	0	0	0
0.012000	18.027756	18	62	189	20	0	0	0	0
0.013000	16.492423	18	64	178	20	0	0	0	0
0.011000	18.110770	18	64	192	20	0	0	0	0
0.022000	17.066689	37	88	269	41	2	0	2	0
0.014000	17.841397	28	73	204	31	1	0	1	0
0.011000	16.278821	12	60	147	14	0	0	0	0
0.012000	16.124515	17	62	161	20	0	0	0	0
0.019000	22.000330	32	88	226	35	1	0	1	0
0.029000	20.917585	59	107	360	67	2	1	1	0
0.013000	20.223748	21	73	222	23	0	0	0	0
0.014000	23.000000	23	75	255	25	0	0	0	0
0.013000	19.416488	23	75	213	25	0	0	0	0
0.014000	22.803509	20	88	228	22	0	0	0	0
0.016000	19.849433	15	75	179	17	0	0	0	0
0.017000	21.711368	28	82	241	32	2	1	1	0
0.019000	21.023796	31	91	282	33	0	0	0	0
0.017000	20.046897	29	79	237	32	1	0	1	0
0.018000	26.248931	23	100	273	26	1	0	1	0
0.018000	24.280110	36	99	304	39	1	0	1	0
0.050000	24.836419	121	180	655	125	2	0	2	0
0.026000	25.495098	44	107	359	46	0	0	0	0
0.017000	27.073973	27	91	300	29	0	0	0	0
0.017000	25.179357	27	89	270	29	0	0	0	0
0.020000	24.515301	31	95	301	33	0	0	0	0
0.019000	25.961510	31	101	318	33	0	0	0	0
0.017000	24.186773	27	87	273	29	0	0	0	0
0.024000	24.166092	42	112	356	44	0	0	0	0
0.025000	28.861739	41	117	378	43	0	0	0	0
0.132000	27.898009	320	371	1584	325	3	0	3	0
0.024000	28.844410	32	116	343	34	0	0	0	0
0.039000	28.049245	79	155	562	82	1	0	1	0
0.026000	30.479501	25	115	336	27	0	0	0	0
0.037000	28.687354	80	147	453	84	2	0	2	0
0.021000	28.730919	29	108	304	32	1	0	1	0
0.046000	25.958217	127	188	570	132	3	0	3	0
0.031000	29.154759	49	131	427	51	0	0	0	0
0.019000	30.000000	30	96	356	32	0	0	0	0
0.042000	32.918896	85	168	576	88	1	0	1	0
0.078000	32.745264	190	254	939	195	3	1	2	0
0.029000	32.649655	51	142	482	53	0	0	0	0
0.121000	31.080305	338	438	1775	343	3	0	3	0
0.027000	31.320920	43	127	434	45	0	0	0	0
0.049000	30.533651	93	184	705	96	1	0	1	0
0.030000	33.541020	43	127	442	45	0	0	0	0
0.026000	30.232433	39	124	400	42	0	0	0	0
0.025000	30.204055	45	118	404	50	3	0	3	0
0.024000	31.320920	43	127	419	45	0	0	0	0
0.019000	36.000000	36	114	455	38	0	0	0	0
0.162000	33.426847	430	559	2322	435	3	0	3	0
0.032000	35.902646	55	147	539	57	0	0	0	0
0.095000	35.649886	263	341	1315	267	2	0	2	0
0.023000	36.069378	26	132	371	28	0	0	0	0
0.045000	36.364649	73	169	619	76	1	0	1	0
0.059000	36.215648	123	228	889	126	1	0	1	0
6.555000	36.055513	36	118	427	38	0	0	0	0
0.072000	36.643317	93	192	700	96	1	0	1	0
0.057000	35.393439	76	156	591	79	1	1	0	0
0.052000	39.426739	82	156	597	87	3	0	3	0
0.091000	40.078676	188	284	1177	193	3	2	1	0
0.245000	39.719321	398	542	2262	402	2	0	2	0
0.031000	42.107007	47	143	545	49	0	0	0	0
0.052000	40.379448	93	202	752	96	1	0	1	0
0.040000	40.311289	53	149	554	55	0	0	0	0
0.049000	38.205635	79	176	649	83	2	0	2	0
0.047000	40.968982	68	174	585	71	1	0	1	0
0.040000	39.981209	73	166	559	77	2	0	2	0
0.071000	38.134553	145	242	1085	152	4	0	4	0
0.040000	45.559804	65	171	655	68	1	0	1	0
0.071000	46.124784	135	255	1108	138	1	0	1	0
0.081000	46.317351	147	269	1160	150	1	0	1	0
0.029000	46.690470	34	170	531	36	0	0	0	0
0.065000	42.638498	150	246	901	154	2	0	2	0
0.065000	43.839688	122	231	968	126	2	0	2	0
0.136000	39.774893	356	495	2089	361	3	0	3	0
0.051000	44.147480	81	193	758	83	0	0	0	0
0.046000	42.850566	65	185	627	68	1	0	1	0
0.039000	41.658272	78	188	702	81	1	0	1	0
0.194000	46.140523	473	522	2752	479	4	0	4	0
0.128000	44.356886	371	415	2202	377	4	2	2	0
0.040000	46.690470	70	184	731	72	0	0	0	0
0.039000	47.314640	61	190	638	64	1	0	1	0
0.176000	45.851037	449	538	2392	453	2	0	2	0
0.060000	47.539457	109	232	918	112	1	0	1	0
0.228000	48.666335	541	662	3472	545	2	1	1	0
0.165000	50.160453	452	575	3000	455	1	0	1	0
0.093000	46.186126	199	309	1411	202	1	0	1	0
0.068000	48.351424	148	273	1137	151	1	0	1	0
0.150000	49.995383	413	471	2385	424	4	2	2	0
0.059000	51.313723	109	239	824	112	1	0	1	0
0.047000	51.333715	72	216	741	75	1	0	1	0
0.102000	50.068884	284	395	1860	287	1	0	1	0
0.086000	50.791941	171	299	1356	174	1	0	1	0
0.123000	50.536406	300	423	2093	305	2	1	1	0
0.065000	50.283733	169	301	1287	172	1	0	1	0
0.076000	50.672425	136	277	1158	139	1	0	1	0
0.048000	50.818734	99	217	862	103	2	1	1	0
0.146000	51.579739	372	478	1863	377	3	0	3	0
0.097000	53.578497	251	370	1843	257	4	0	3	1
0.100000	55.260297	278	369	1891	283	3	2	1	0
0.068000	57.384667	55	221	758	57	0	0	0	0
0.248000	55.286447	676	803	3523	681	3	0	3	0
0.055000	55.901699	87	223	926	89	0	0	0	0
0.057000	54.244289	102	234	951	105	1	0	1	0
0.092000	57.245158	178	290	1392	181	1	0	1	0
0.066000	55.767534	90	244	964	93	1	1	0	0
0.226000	50.910216	576	688	3058	580	2	0	2	0
0.072000	54.424259	115	261	1102	117	0	0	0	0
0.103000	61.152946	223	372	1598	226	1	0	1	0
0.058000	57.706152	99	236	992	101	0	0	0	0
0.176000	54.680701	513	629	2892	521	5	0	5	0
0.117000	59.641062	353	466	1916	357	2	0	2	0
1.875000	57.992438	642	754	3562	650	5	0	5	0
0.069000	60.990966	137	273	1109	141	2	0	2	0
0.095000	59.896599	130	296	1229	133	1	1	0	0
0.086000	57.300072	135	288	1229	138	1	0	1	0
0.255000	57.362078	577	713	3941	583	3	1	2	0
0.061000	60.016664	99	245	1015	101	0	0	0	0
0.119000	61.029648	170	336	1512	173	1	0	1	0
0.143000	62.698291	343	462	2149	348	2	0	2	0
0.109000	63.853721	326	447	2106	329	1	0	1	0
0.058000	65.192024	69	255	932	71	0	0	0	0
0.412000	59.004442	1071	1216	6062	1077	4	1	3	0
0.777000	61.177511	322	467	2342	326	2	1	1	0
0.071000	61.522354	95	239	1009	97	0	0	0	0
0.375000	60.528313	969	1097	5963	976	4	0	3	1
0.304000	59.939280	711	848	3937	715	2	0	2	0
0.138000	62.401618	428	572	2289	434	4	0	4	0
0.141000	67.283776	330	442	2192	338	5	0	5	0
0.082000	63.788714	135	295	1315	137	0	0	0	0
0.138000	63.193112	416	559	2262	421	3	0	3	0
0.167000	64.467080	390	537	2413	394	2	0	2	0
0.090000	66.732605	246	382	1666	249	1	0	1	0
0.155000	65.686720	472	628	2830	477	2	0	2	0
0.092000	64.792164	202	362	1519	207	3	0	3	0
0.042000	71.028163	71	221	936	73	0	0	0	0
0.354000	67.868843	692	844	4597	695	1	0	1	0
0.081000	66.491377	212	313	1603	220	3	0	3	0
0.130000	69.478379	320	441	2200	325	3	2	1	0
0.111000	71.224146	286	444	1855	290	2	0	2	0
0.429000	66.193690	1225	1409	7013	1232	4	1	3	0
0.060000	66.095217	867	1013	5077	875	5	0	5	0
0.000000	69.507122	167	348	1554	170	1	0	1	0
0.078000	71.021124	124	323	1337	126	0	0	0	0
0.281000	68.939530	784	916	5103	791	3	1	2	0
0.305000	67.782808	898	1056	5104	904	4	0	4	0
0.325000	69.563835	998	1191	5693	1002	2	0	2	0
0.138000	68.046955	341	510	2262	345	2	0	2	0
0.169000	72.779704	434	565	3012	444	4	1	3	0
0.611000	71.374413	1600	1835	10343	1614	5	1	4	0
0.238000	71.093393	645	806	4022	656	7	0	7	0
0.132000	74.725775	371	517	2475	378	2	1	1	0
0.112000	72.125584	299	467	1998	303	2	0	2	0
0.171000	72.860028	342	534	2746	346	2	0	2	0
0.192000	77.610767	564	708	3365	572	3	0	3	0
0.556000	70.601386	1567	1784	9204	1574	4	0	4	0
0.506000	71.897034	183	369	1707	187	2	0	2	0
0.090000	74.518454	91	305	1138	93	0	0	0	0
0.159000	75.784061	364	499	2510	369	3	0	3	0
0.124000	74.589374	292	431	2066	301	6	1	5	0
0.221000	76.063679	544	708	3422	548	2	0	2	0
0.188000	76.394741	561	734	3449	566	2	0	2	0
0.381000	73.983420	1074	1256	6569	1084	6	1	5	0
0.098000	80.386830	169	390	1785	173	2	0	2	0
0.535000	74.048286	1322	1513	7863	1328	4	0	4	0
0.860000	75.612708	2205	2378	13423	2215	7	0	7	0
0.215000	77.242181	557	718	3854	561	2	0	2	0
0.077000	76.076843	145	351	1494	149	2	1	1	0
0.178000	84.066144	352	543	2917	355	1	0	1	0
0.407000	78.341371	1756	1999	11552	1763	5	0	5	0
0.466000	82.800300	489	670	2866	495	4	1	3	0
0.237000	82.129336	469	658	3100	474	3	0	3	0
0.191000	80.856600	487	673	2857	492	3	0	3	0
0.849000	79.046509	2179	2466	13575	2188	6	0	6	0
0.210000	82.008974	562	752	3475	568	3	0	3	0
0.110000	83.207956	252	445	1971	256	2	0	2	0
0.177000	80.605855	445	632	3345	449	2	1	1	0
0.148000	80.425896	1143	1349	6314	1149	4	1	3	0
0.190000	82.281416	403	553	2836	408	3	2	1	0
0.294000	83.956520	814	924	4800	824	7	0	7	0
0.257000	86.417464	776	963	5465	780	2	0	2	0
1.210000	80.827653	2088	2342	13647	2094	4	0	4	0
0.370000	84.228230	818	970	4506	824	4	0	4	0
0.250000	83.454428	628	822	3925	640	6	0	6	0
1.101000	83.366562	2356	2665	14886	2365	6	0	6	0
0.301000	82.070090	803	986	4771	812	6	0	6	0
0.184000	84.946969	456	634	3284	459	1	0	1	0
0.306000	85.007373	692	879	5026	696	2	1	1	0
0.137000	89.600518	310	459	2396	313	1	0	1	0
0.117000	87.417098	320	480	2474	324	2	0	1	1
0.289000	88.024955	792	882	4559	805	9	0	9	0
0.167000	89.190901	375	596	2641	380	2	0	2	0
0.002000	86.531376	1217	1501	7470	1229	6	0	6	0
0.150000	91.530385	428	628	2650	437	4	0	4	0
0.150000	88.001426	359	562	2615	366	4	0	4	0
0.197000	88.557335	556	735	3442	561	3	0	3	0
0.510000	85.680291	1551	1834	9542	1559	5	0	5	0
0.180000	86.798179	511	715	3044	516	3	0	3	0
0.143000	93.282529	354	537	2887	362	5	1	4	0
0.196000	88.671377	547	673	3403	558	7	0	7	0
0.121000	91.782351	196	418	2022	198	0	0	0	0
1.754000	95.132776	2764	2999	18706	2771	4	0	4	0
0.353000	89.448835	906	1088	6262	910	2	0	2	0
0.458000	90.031738	1251	1437	8479	1256	3	0	3	0
0.140000	94.750523	330	511	2405	338	3	0	3	0
0.416000	89.937759	1180	1394	7468	1192	8	1	7	0
0.770000	91.395725	2138	2379	13335	2144	4	0	4	0
0.129000	90.556076	276	495	2517	280	2	1	1	0
0.768000	96.464761	1787	1990	12594	1791	2	0	2	0
0.129000	97.610239	296	511	2637	299	1	0	1	0
0.221000	95.044767	592	795	3801	597	3	0	3	0
0.323000	93.528205	954	1208	5818	959	3	0	3	0
0.582000	94.083848	1525	1795	9465	1531	4	1	3	0
0.163000	97.131155	429	611	2951	433	2	0	2	0
0.347000	96.351805	905	1090	6223	912	4	1	3	0
0.731000	94.789305	2067	2319	12945	2073	4	0	4	0
0.198000	93.702301	317	541	2795	322	3	0	2	1
0.375000	98.097909	956	1137	5264	962	4	0	4	0
0.150000	99.113129	363	554	2992	371	5	0	4	1
0.091000	102.440307	235	433	2169	239	2	1	1	0
1.181000	96.175200	2927	3194	19758	2934	5	0	5	0
0.052000	97.814539	663	909	4169	671	4	0	4	0
0.230000	102.405793	714	880	4036	722	3	0	3	0
0.603000	97.538912	1467	1811	9615	1474	4	0	4	0
0.174000	102.513745	498	684	3408	507	4	0	4	0
0.323000	98.745128	939	1213	5775	944	3	0	3	0
2.069000	98.957197	3447	3639	20381	3458	6	0	6	0
0.816000	97.813827	2214	2432	13932	2221	4	0	4	0
0.242000	103.894178	632	823	4625	639	4	0	4	0
0.296000	102.616709	873	1016	5385	885	6	0	6	0
0.146000	101.651365	237	493	2397	239	0	0	0	0
1.250000	100.894734	3289	3572	22403	3295	4	0	4	0
0.991000	100.599234	2654	2953	17525	2661	5	0	5	0
0.214000	107.245585	599	774	3889	608	4	0	4	0
0.946000	103.437817	2489	2776	17398	2496	4	0	4	0
0.186000	103.452031	518	726	3468	526	3	0	3	0
0.211000	101.631960	1448	1645	10483	1454	4	0	4	0
0.457000	105.754183	1085	1301	7451	1093	4	0	3	1
0.458000	106.069378	1160	1244	6263	1173	6	0	6	0
0.100000	109.447115	220	432	2324	225	3	0	3	0
5.179000	109.549538	3707	3888	25123	3712	3	0	3	0
2.265000	109.371105	5500	5766	37896	5509	5	0	5	0
0.307000	106.369320	709	973	4556	715	3	0	3	0
1.671000	105.839046	3672	3987	24428	3679	4	0	4	0
0.613000	105.453050	1361	1627	8770	1372	7	0	7	0
0.558000	105.382809	1171	1411	7522	1178	4	0	4	0
0.331000	108.853064	840	1058	5767	848	4	1	3	0
0.675000	105.627992	1862	2101	12134	1871	6	0	6	0
0.694000	115.666837	1553	1739	11381	1562	6	2	4	0
0.374000	109.142275	665	926	5446	668	1	0	1	0
0.217000	110.926910	611	856	3902	619	4	1	3	0
1.797000	109.462764	3328	3705	22550	3335	4	0	4	0
0.554000	113.866603	1133	1363	6916	1144	6	2	4	0
1.076000	110.588144	2883	3162	18621	2889	4	0	4	0
0.946000	107.776032	2216	2395	15993	2222	3	0	3	0
1.009000	111.725719	3273	3503	20635	3279	3	0	3	0
1.548000	110.426708	3996	4241	25851	4004	4	0	4	0
2.218000	109.898886	4434	4702	28812	4442	3	0	3	0
0.413000	112.690292	927	1083	5534	933	4	0	4	0
0.722000	118.721422	1715	1916	12628	1723	5	0	5	0
0.202000	115.036974	744	977	4979	752	5	0	5	0
0.365000	115.658576	765	1012	5898	768	1	0	1	0
2.287000	113.310666	4415	4621	29905	4427	3	1	2	0
0.314000	112.663115	706	983	4627	711	3	0	3	0
0.701000	113.038110	1634	1968	10480	1639	3	0	3	0
1.648000	116.955682	3720	4044	25079	3727	5	2	3	0
0.285000	114.626506	542	783	4020	546	2	0	2	0
1.017000	112.350748	3025	3303	19565	3031	4	0	4	0
0.333000	117.496688	885	1037	5150	894	6	0	6	0
0.450000	122.131945	1131	1363	8634	1138	4	0	4	0
0.236000	118.342698	631	863	4876	641	5	2	3	0
0.186000	115.550268	471	722	3286	484	7	0	7	0
2.008000	118.409697	4123	4351	28952	4131	6	1	5	0
0.432000	117.119109	890	1174	6325	897	4	0	4	0
0.519000	121.447982	1232	1462	7827	1248	5	1	4	0
0.629000	121.483354	1682	1914	11010	1692	5	0	5	0
0.203000	118.440803	580	827	4028	584	2	0	2	0
1.090000	121.852042	2571	2839	16904	2578	4	0	4	0
0.244000	122.030713	620	864	4173	626	4	0	4	0
0.201000	120.798695	577	837	3899	583	4	0	4	0
0.330000	122.612017	796	1033	5594	833	7	1	6	0
0.449000	122.881423	1108	1311	6978	1118	7	0	7	0
0.283000	123.906607	650	914	4337	658	5	1	4	0
0.289000	126.128237	721	986	3985	726	3	0	3	0
0.501000	124.145187	1253	1513	8926	1261	4	1	3	0
0.651000	122.087492	1783	2125	11483	1790	4	0	4	0
0.333000	120.556432	901	1163	6092	909	4	1	3	0
0.865000	119.256494	2232	2600	15370	2240	5	0	5	0
0.449000	127.701683	1317	1476	7751	1329	9	1	8	0
0.490000	129.902111	1426	1656	10751	1433	4	0	4	0
0.000000	123.449300	964	1146	5835	969	3	0	3	0
0.210000	127.036657	522	778	3706	534	8	1	7	0
0.935000	127.470164	2191	2425	15701	2205	7	1	6	0
0.167000	127.459012	393	656	3412	398	3	1	2	0
1.912000	124.250278	3025	3318	20792	3035	7	0	7	0
0.332000	127.377144	1259	1542	9028	1266	4	0	4	0
0.926000	122.352037	2408	2799	16034	2415	4	1	3	0
1.500000	123.706257	4085	4248	26156	4092	5	0	4	1
0.338000	130.859598	1124	1385	8570	1135	5	1	4	0
0.198000	136.158292	702	1006	4027	707	3	0	3	0
0.314000	130.192716	859	1137	5965	867	6	2	4	0
0.578000	131.620240	1345	1643	9382	1358	5	0	5	0
0.554000	131.239170	1558	1842	10594	1567	4	0	4	0
1.544000	127.345802	3956	4323	28911	3965	5	1	4	0
1.498000	126.073570	2776	3166	18655	2784	5	0	5	0
1.827000	128.045694	3906	4222	26004	3913	4	0	4	0
0.531000	129.251957	1432	1706	10478	1438	4	0	3	1
1.429000	127.218013	4340	4542	27667	4349	5	0	5	0
0.245000	135.087270	655	951	4429	662	4	0	4	0
0.723000	133.512549	1790	2022	12950	1802	6	0	5	1
0.258000	130.749738	641	898	4958	647	4	2	2	0
0.270000	136.454114	701	976	5728	707	4	3	1	0
0.537000	135.169365	1483	1780	10084	1492	4	0	4	0
0.425000	132.314590	1139	1430	7969	1147	5	2	3	0
0.755000	133.706262	2435	2755	16069	2446	5	1	4	0
1.112000	131.169305	3001	3290	19564	3012	6	1	5	0
0.244000	130.241796	507	816	4426	512	3	0	2	1
0.517000	131.691156	1330	1608	9010	1334	2	0	2	0
1.199000	137.202097	3105	3299	20825	3117	6	0	6	0
0.362000	132.673823	1058	1247	6256	1064	4	0	4	0
0.970000	137.564613	1183	1437	8513	1197	8	1	7	0
0.668000	140.245713	1610	1868	11876	1620	6	0	6	0
0.149000	136.201601	1441	1611	8447	1454	7	2	5	0
0.273000	137.569635	664	934	5152	669	3	2	1	0
0.716000	138.003753	1674	1987	12562	1681	4	1	3	0
3.533000	137.505504	8150	8606	60615	8161	8	0	8	0
0.421000	142.909737	1232	1522	7667	1241	4	0	4	0
0.726000	141.188875	1884	2186	13900	1893	4	1	3	0
1.493000	140.734166	2640	2848	18495	2656	7	1	6	0
1.097000	138.503246	2671	2870	18470	2683	6	0	6	0
1.029000	141.827384	2642	2869	18528	2651	6	0	6	0
0.126000	145.469119	319	591	3034	323	2	1	1	0
2.143000	137.622734	5396	5715	37808	5407	6	1	5	0
0.292000	143.632920	614	924	4393	622	5	1	4	0
0.694000	140.457631	1469	1781	11234	1476	4	0	4	0
4.026000	143.292111	9375	9812	69549	9388	7	1	6	0
0.782000	142.527796	2080	2530	14798	2086	4	0	4	0
0.555000	142.494728	1506	1829	10315	1515	4	0	4	0
0.329000	142.611239	981	1218	6221	993	6	1	5	0
0.348000	144.144606	1034	1280	6638	1048	7	1	6	0
0.252000	147.228297	673	1004	4663	680	4	0	4	0
0.784000	149.892594	2148	2403	15705	2155	3	0	3	0
1.000000	142.497004	3287	3506	22606	3300	7	1	6	0
0.561000	145.010970	1417	1721	10595	1424	5	0	4	1
0.235000	143.951298	593	912	4456	607	9	1	8	0
1.025000	142.482522	1675	1973	11721	1683	5	0	5	0
1.167000	142.483361	2681	3112	19121	2687	4	0	4	0
1.167000	144.418541	3083	3452	22940	3094	6	1	5	0
0.784000	147.583389	2837	3093	19628	2845	6	1	5	0
0.259000	151.045516	656	968	4775	664	5	0	5	0
0.334000	146.629990	741	1011	5802	749	4	2	1	1
0.169000	149.798752	371	668	3609	377	4	1	3	0
0.397000	151.584848	996	1335	6310	1002	4	1	3	0
0.841000	151.984877	1954	2433	14984	1961	5	1	4	0
0.320000	149.975993	881	1211	6123	891	5	0	5	0
2.003000	149.591203	4853	5279	35400	4860	5	0	5	0
0.633000	150.081096	1641	2002	11284	1649	5	0	5	0
1.360000	149.912897	3588	3995	26981	3599	6	1	5	0
0.361000	156.365169	913	1233	7856	921	5	3	2	0
0.408000	154.241703	1051	1365	8004	1061	7	1	6	0
0.289000	152.805714	763	1075	5859	775	7	1	6	0
0.283000	148.323783	727	1048	5623	743	9	1	8	0
1.035000	156.030385	1379	1697	10901	1386	4	2	2	0
1.566000	149.794697	3819	3953	25132	3832	9	0	9	0
1.531000	149.297888	3759	4141	27112	3766	5	0	5	0
0.484000	155.323606	2429	2763	18061	2439	5	2	3	0
1.354000	150.970556	3549	3949	25300	3558	6	0	6	0
2.200000	152.734254	3679	3966	24967	3687	3	0	3	0
0.386000	158.162456	951	1280	7087	963	8	1	7	0
0.427000	156.525357	1116	1426	8540	1128	7	1	6	0
0.224000	158.987475	512	825	4500	516	2	0	1	1
1.655000	157.628134	3479	3848	27320	3486	3	0	3	0
0.397000	155.807457	1031	1371	7502	1041	5	0	5	0
0.670000	155.475962	1274	1595	9483	1285	6	1	5	0
1.573000	157.164694	4981	5280	36485	4991	7	1	6	0
0.346000	157.873781	911	1242	7082	916	3	0	3	0
3.447000	159.657107	7102	7586	52446	7111	4	0	4	0
0.396000	155.012204	799	1203	7855	804	3	0	3	0
0.191000	168.309105	452	757	4007	457	3	2	1	0
0.103000	166.883741	393	709	3844	401	5	1	4	0
0.978000	163.781027	2507	2736	18061	2517	7	0	7	0
1.879000	158.683181	5819	6138	40639	5830	6	1	5	0
1.459000	164.616821	3790	4007	26034	3802	7	1	6	0
1.104000	161.856938	2230	2604	16622	2241	5	2	3	0
2.817000	160.519597	6795	7309	51487	6804	5	1	4	0
2.616000	157.522915	5752	6148	42735	5760	5	0	5	0
2.000000	158.849778	4426	4846	32159	4434	5	0	5	0
0.783000	160.912860	3269	3474	22733	3280	6	0	6	0
0.511000	164.358288	1281	1605	9769	1294	8	1	7	0
0.567000	168.287536	1515	1828	11521	1527	8	0	8	0
0.747000	167.248279	2031	2277	14666	2045	8	1	7	0
1.690000	161.741293	4485	4708	28510	4493	6	0	6	0
2.035000	164.379989	5247	5408	32003	5257	7	0	7	0
4.503000	163.824846	9099	9539	67676	9109	5	0	4	1
0.021000	162.658932	1014	1464	8310	1020	4	1	3	0
2.389000	162.380873	5953	6268	42031	5964	6	0	6	0
2.516000	164.542592	6472	6787	46699	6483	7	1	6	0
3.814000	164.370754	8615	9071	63825	8626	5	0	5	0
1.106000	172.012378	3152	3490	24090	3166	7	2	5	0
0.471000	164.133895	1274	1577	9883	1285	5	1	4	0
0.707000	170.324557	1925	2218	14516	1937	7	1	6	0
2.371000	169.144286	5554	5900	41419	5569	5	0	5	0
3.514000	172.182296	6424	6699	47907	6430	3	0	3	0
2.022000	167.861993	5105	5289	31587	5116	7	0	7	0
0.392000	167.774204	983	1360	7204	993	5	0	5	0
4.414000	168.140136	11363	11768	84910	11377	7	1	6	0
3.575000	168.417163	7429	7858	54931	7437	5	0	5	0
2.718000	167.957046	7641	8056	55522	7650	5	0	5	0
1.046000	175.004938	2952	3161	20209	2964	8	0	8	0
1.092000	170.344165	2007	2306	15298	2020	8	1	7	0
0.761000	170.381253	1755	2041	13356	1766	5	1	4	0
0.377000	173.004867	826	1178	7049	832	4	2	2	0
0.515000	174.286502	1275	1602	10876	1283	5	2	3	0
0.795000	170.808219	1960	2277	14536	1968	6	2	3	1
2.200000	172.302237	5186	5548	39116	5198	5	0	5	0
0.739000	172.195455	1920	2187	14347	1926	4	0	3	1
5.812000	170.590923	12200	12570	90554	12214	8	1	7	0
0.559000	169.789725	1306	1639	10330	1312	4	0	3	1
0.948000	177.244413	2324	2591	17002	2333	5	0	5	0
0.893000	179.241621	2334	2613	17197	2343	6	0	6	0
2.035000	176.059699	4862	5180	36295	4874	7	1	5	1
0.881000	176.390522	2126	2396	15897	2137	6	1	5	0
0.324000	175.609222	662	1008	5755	666	2	1	1	0
0.614000	177.800607	2670	2909	18660	2682	7	0	7	0
0.555000	175.913586	1244	1579	10906	1254	5	1	4	0
1.556000	175.805793	3859	4237	29609	3878	10	1	9	0
2.307000	172.515404	4431	4727	29812	4443	10	2	8	0
5.000000	177.360970	11828	12181	86998	11842	7	0	7	0
0.778000	179.787768	1946	2238	14289	1958	7	1	6	0
2.334000	182.563939	4177	4515	31525	4188	6	1	4	1
2.206000	180.285763	4928	5265	37398	4942	6	1	5	0
0.356000	178.909679	892	1272	6930	906	8	1	7	0
0.775000	179.240846	1949	2275	14473	1957	6	0	5	1
0.591000	178.241736	1487	1887	11605	1495	6	0	5	1
0.425000	181.001505	897	1254	7703	903	4	1	2	1
2.202000	180.850499	6114	6458	46430	6134	10	2	7	1
1.985000	181.130963	4490	4742	31822	4503	8	0	7	1
1.456000	175.573449	3676	3940	26641	3684	6	0	5	1
2.010000	185.287997	5256	5604	39756	5267	6	0	5	1
0.640000	180.596408	1648	2016	12208	1656	6	1	4	1
0.497000	185.187561	1203	1605	10789	1211	5	2	3	0
2.267000	186.505109	4255	4683	32953	4261	4	0	3	1
2.399000	186.626843	5716	5964	38909	5730	8	0	8	0
1.597000	183.123717	5045	5289	32030	5058	9	1	8	0
2.034000	182.834024	3466	3772	26012	3476	4	1	3	0
0.885000	182.648036	2869	3150	20589	2877	5	0	5	0
1.371000	178.714016	4086	4360	26026	4096	8	0	8	0
2.269000	183.467335	5429	5814	40822	5442	6	0	6	0
0.982000	192.862852	1409	1760	12101	1419	7	2	5	0
0.843000	185.636761	1753	2132	13280	1766	7	0	6	1
1.981000	188.547110	4675	5093	36776	4690	7	1	5	1
2.132000	188.426108	5515	5907	42088	5527	6	0	6	0
1.895000	185.325626	4985	5194	34183	4995	8	2	6	0
1.292000	184.864146	3454	3775	26716	3462	5	1	4	0
1.584000	183.385259	3920	4144	29587	3929	6	0	4	2
1.035000	186.648938	2582	2924	19532	2588	4	0	3	1
1.576000	189.002440	3962	4285	29391	3973	5	1	4	0
3.746000	188.490804	7292	7567	53370	7300	5	0	5	0
1.449000	192.912358	3964	4357	30790	3978	7	2	5	0
0.896000	193.204701	2700	3029	22202	2708	5	2	3	0
1.218000	194.589214	2955	3279	24907	2963	5	2	3	0
5.009000	194.034633	11360	11741	83347	11372	6	0	6	0
1.911000	187.858837	4698	4928	32475	4707	7	2	5	0
1.391000	187.852093	3363	3694	25045	3370	4	1	3	0
2.058000	190.222132	4761	5221	39319	4773	9	1	8	0
1.113000	193.623900	1771	2163	12821	1782	6	0	6	0
1.392000	191.436227	3342	3685	25159	3349	4	1	3	0
1.896000	187.874392	4352	4659	28442	4363	8	0	8	0
2.940000	197.676294	6485	6769	50194	6496	8	2	6	0
0.552000	194.896330	2220	2531	16789	2231	6	1	5	0
1.914000	198.805609	3251	3608	25840	3261	7	1	6	0
0.519000	195.920032	971	1381	8684	982	5	2	3	0
1.611000	198.751441	2496	2852	20519	2504	5	2	3	0
3.385000	197.194285	6434	6805	49472	6445	6	1	4	1
1.601000	195.098533	3854	4295	29549	3860	4	0	3	1
1.733000	198.938787	4575	5006	35664	4587	6	1	4	1
0.560000	196.615683	1261	1702	11301	1268	4	2	2	0
3.712000	194.042222	7042	7353	51460	7049	3	0	3	0
0.345000	198.050283	676	1108	6505	686	4	1	3	0
1.997000	201.401796	4025	4367	31199	4035	7	0	7	0
1.836000	199.956756	4470	4674	27564	4482	8	0	8	0
0.592000	200.985989	1317	1740	11647	1327	7	3	4	0
5.601000	200.333606	11833	12207	86257	11842	4	0	4	0
3.046000	199.407184	8326	8680	59987	8338	5	0	5	0
5.797000	202.208729	12947	13289	94421	12966	6	0	6	0
4.278000	200.659353	10028	10422	75833	10041	8	0	7	1
2.737000	198.356224	5304	5940	43846	5315	6	0	6	0
1.935000	199.779908	4697	4978	32857	4710	8	1	6	1
0.966000	203.891888	3542	3918	28590	3549	4	0	4	0
0.667000	208.932725	1651	2033	14402	1662	7	3	4	0
4.210000	205.487035	8979	9334	68269	8989	7	1	6	0
2.043000	203.152716	5205	5445	32187	5220	10	0	10	0
0.334000	202.744135	699	1109	6411	708	5	1	4	0
4.231000	201.607429	8293	8657	59995	8299	3	0	3	0
4.327000	204.206703	8881	9238	62665	8895	9	0	9	0
2.057000	201.040355	4704	4970	32264	4714	7	2	5	0
1.552000	198.539677	4019	4377	30511	4027	5	1	4	0
2.943000	199.618673	6922	7171	47360	6932	7	0	6	1
1.039000	202.409068	3389	3756	22490	3399	6	0	6	0
2.420000	205.067568	6112	6406	44542	6122	5	0	5	0
2.055000	202.311016	3867	4219	28879	3878	5	1	4	0
3.081000	204.689535	6857	7218	47523	6868	8	0	8	0
2.350000	203.047628	5981	6272	44390	5990	5	0	5	0
3.317000	208.570808	7003	7440	48624	7013	7	0	7	0
4.446000	204.714343	9787	10156	70588	9800	9	0	9	0
1.916000	204.042600	4842	5162	33998	4856	9	0	8	1
3.900000	206.250518	8673	9114	63119	8686	8	0	8	0
4.169000	206.352449	10236	10655	80112	10248	8	0	8	0
2.765000	211.423273	6224	6672	47926	6237	9	1	8	0
6.601000	209.970634	11796	12224	93103	11810	7	0	7	0
4.518000	209.828498	10378	10770	76199	10392	8	1	7	0
5.210000	211.192165	10620	11065	84910	10632	6	0	6	0
4.418000	211.871729	11291	11612	78490	11303	7	0	7	0
3.163000	211.559341	8484	8865	57595	8496	7	0	7	0
2.946000	208.099285	6530	6745	43208	6543	7	1	6	0
4.430000	212.391069	11179	11548	78092	11190	7	0	7	0
4.317000	212.115678	10717	11128	81035	10727	5	0	5	0
5.032000	211.783658	10796	11186	81986	10823	9	0	9	0
0.541000	215.447117	1034	1483	9380	1042	5	0	4	1
0.491000	218.344918	1049	1487	9409	1055	4	0	3	1
1.251000	218.846751	2809	3222	23399	2819	6	3	3	0
6.403000	219.832004	14047	14345	102332	14073	7	0	7	0
4.218000	213.584284	10511	10950	77811	10525	8	0	8	0
4.955000	214.305087	10221	10717	82206	10233	6	0	6	0
4.636000	214.425787	11400	11738	79235	11413	8	0	8	0
3.922000	215.952496	10566	10901	72596	10578	7	0	7	0
2.984000	212.651464	5818	6007	38214	5836	10	1	9	0
4.678000	217.646442	11617	12017	88098	11627	5	0	5	0
6.677000	221.502293	12855	13197	95293	12871	7	0	7	0
1.397000	215.832793	3764	4100	31021	3773	5	1	4	0
2.141000	214.340354	3497	3907	27801	3505	5	0	4	1
4.558000	216.550716	9565	10107	77153	9577	6	0	6	0
5.096000	217.308220	12073	12509	95541	12088	7	0	7	0
7.862000	220.582144	16934	17213	131299	16946	8	0	8	0
1.352000	216.667257	3466	3870	25868	3477	6	0	5	1
2.949000	217.569312	6804	7102	45491	6812	5	0	4	1
5.156000	217.998666	12399	12773	88644	12412	9	0	9	0
6.331000	218.831495	13492	13810	98348	13505	9	0	9	0
0.983000	224.010353	2211	2642	19092	2219	5	1	4	0
6.041000	223.598660	13274	13600	98055	13292	7	0	7	0
2.431000	220.073679	5163	5375	39780	5173	6	0	6	0
3.874000	221.513441	9626	10076	70478	9637	8	0	8	0
7.167000	222.984037	16575	16920	130865	16589	7	0	7	0
4.116000	221.685068	10134	10462	70232	10149	10	0	10	0
5.306000	225.961538	12004	12362	82596	12017	8	0	8	0
3.094000	221.018676	8105	8493	54992	8118	8	0	8	0
2.413000	218.598305	6566	6808	41635	6579	8	1	5	2
3.751000	216.496215	6069	6395	40062	6077	6	0	4	2
6.606000	227.959994	13040	13375	96799	13069	10	1	9	0
7.761000	225.408009	16942	17264	133204	16956	7	0	7	0
2.213000	222.950422	4032	4466	31482	4039	5	0	3	2
1.823000	220.297286	4845	5155	31474	4855	7	1	5	1
2.654000	223.226403	6457	6778	42014	6466	5	0	5	0
2.647000	224.319651	6946	7248	45464	6956	7	2	5	0
2.675000	220.950930	6023	6367	39762	6031	6	0	5	1
5.619000	224.126315	13862	14223	102513	13873	6	0	5	1
5.310000	222.720512	10665	11111	78713	10676	8	0	8	0
7.323000	228.383566	16090	16490	126514	16103	8	0	8	0
4.685000	228.075590	11595	11946	79907	11608	8	0	8	0
4.640000	224.622927	10520	10862	71277	10533	7	0	6	1
2.702000	224.917344	6636	6955	43107	6645	5	0	5	0
3.488000	227.695550	9202	9654	66177	9213	8	0	8	0
5.479000	231.090864	12037	12439	86689	12048	8	0	8	0
5.708000	232.539531	13318	13650	98483	13334	7	1	6	0
2.369000	230.396496	6891	7153	43243	6908	10	1	9	0
2.974000	227.747851	6141	6345	45663	6154	7	0	7	0
2.343000	225.400755	5990	6360	41264	6001	8	0	8	0
2.838000	226.343056	7798	8301	56502	7809	8	0	8	0
1.087000	234.896202	2403	2841	20903	2415	8	1	7	0
7.300000	237.623661	15480	15842	112530	15497	6	0	6	0
7.012000	237.508727	16118	16412	117533	16148	10	0	10	0
5.271000	234.259102	11933	12293	83751	11948	10	0	10	0
3.964000	232.128561	9929	10302	68767	9943	10	1	9	0
5.372000	232.354986	13552	13885	92886	13565	7	0	7	0
4.328000	232.585693	11224	11593	75544	11238	8	0	8	0
5.736000	232.061788	12388	12777	89484	12399	8	0	8	0
7.615000	232.943922	16948	17273	133618	16963	7	0	7	0
6.147000	236.372051	14368	14707	104937	14387	6	0	6	0
4.068000	236.987682	9148	9725	73481	9159	6	0	5	1
2.988000	236.810090	6760	7039	41449	6776	10	1	9	0
5.572000	236.116043	12052	12523	93315	12068	9	0	9	0
6.074000	239.043322	13571	13936	100493	13588	8	0	8	0
4.539000	237.119321	10693	11164	78582	10720	9	0	9	0
3.737000	234.668384	8186	8770	65394	8198	6	0	6	0
1.895000	232.919193	4368	4722	35241	4376	5	1	4	0
5.340000	235.556169	11348	11731	76204	11362	7	0	7	0
6.070000	238.648917	13181	13802	103963	13192	6	0	6	0
2.200000	233.749612	5256	5526	32477	5271	9	1	8	0
1.323000	246.652942	2937	3516	25765	2946	6	1	5	0
6.756000	242.471093	15744	16077	113714	15778	11	0	11	0
6.870000	242.110555	15216	15520	108291	15246	10	0	10	0
3.012000	241.279085	7622	7880	54613	7636	7	1	6	0
4.351000	242.265511	11522	11928	79321	11537	10	0	10	0
6.206000	245.247451	13767	14135	94396	13780	8	0	8	0
1.797000	237.097525	4966	5247	30797	4981	9	1	8	0
5.174000	242.339398	12322	12694	86576	12338	12	0	12	0
4.540000	238.211769	11628	12025	79105	11640	7	0	7	0
5.181000	239.509577	12425	12808	83988	12438	8	0	8	0
2.475000	241.862237	6362	6586	47005	6376	8	2	6	0
3.168000	245.406593	7226	7483	51959	7241	7	0	7	0
4.297000	246.476749	10604	10997	73599	10617	9	0	9	0
2.633000	240.021171	7129	7424	44643	7144	10	1	9	0
6.754000	241.473889	14291	14805	109283	14303	7	0	7	0
8.557000	244.635352	17208	17596	134132	17218	5	0	5	0
7.506000	244.882060	16805	17102	121493	16840	11	0	11	0
3.941000	243.533702	7710	8010	55511	7722	7	0	7	0
7.761000	245.917131	13210	13608	97034	13237	9	0	9	0
8.332000	247.193009	14339	14679	106178	14351	7	0	7	0
7.500000	249.981104	14397	14748	107807	14418	9	0	9	0
8.091000	247.183154	15029	15625	119980	15039	7	0	7	0
5.011000	250.649874	10631	11025	73075	10645	9	2	7	0
4.761000	246.935105	12011	12425	80712	12026	8	1	7	0
5.354000	245.428048	10713	11109	71570	10728	8	1	7	0
3.968000	245.085627	9561	9965	63771	9575	9	1	8	0
3.720000	245.192137	8204	8507	59283	8217	8	0	8	0
8.356000	250.696057	18053	18263	137194	18066	8	0	8	0
6.611000	248.911728	16548	16855	117291	16579	10	0	10	0
6.127000	248.092205	12881	13552	102588	12892	7	0	7	0
20.293000	253.524411	14536	14818	103543	14568	13	0	13	0
8.315000	251.923702	12941	13333	91151	12956	11	0	11	0
13.184000	254.185546	12367	12781	85668	12382	10	0	10	0
7.363000	253.442933	11710	12124	81162	11725	11	0	11	0
4.801000	252.232059	11888	12316	82029	11902	9	0	9	0
5.875000	250.614907	11271	11633	79253	11285	10	0	10	0
3.924000	249.514159	9329	9787	63376	9343	10	0	10	0
7.894000	255.247612	14988	15483	119509	14999	6	1	5	0
3.459000	251.871752	7051	7302	50779	7065	7	1	6	0
11.028000	252.039745	17163	17541	138131	17179	8	0	8	0
2.884000	259.744909	6765	7210	55710	6777	9	2	7	0
8.145000	257.788816	17132	17442	119847	17163	10	0	10	0
6.097000	255.043619	13121	13504	92309	13136	11	0	11	0
5.142000	257.034025	12024	12463	82469	12037	8	1	7	0
10.673000	253.749071	12079	12499	80472	12092	7	1	6	0
9.584000	253.075494	5510	5832	33717	5526	9	1	8	0
7.579000	254.621675	8193	8690	60223	8205	7	0	7	0
7.958000	253.814959	9580	10104	71963	9593	9	0	9	0
19.435000	253.051548	17940	18172	139977	17955	7	0	7	0
4.634000	254.915181	10868	11270	75119	10882	10	0	10	0
4.875000	265.335168	9334	9722	75536	9365	12	3	9	0
3.235000	259.092012	8326	8658	59170	8341	7	0	7	0
5.612000	260.983953	11617	11986	81638	11632	11	0	11	0
4.371000	256.299452	9179	9455	67771	9192	9	0	9	0
5.104000	257.026066	11225	11686	85361	11237	8	0	8	0
2.723000	258.344495	7457	7713	54555	7472	10	1	9	0
4.858000	261.192180	10009	10494	69659	10022	9	0	9	0
3.502000	258.246004	8087	8392	51394	8101	9	2	7	0
3.926000	259.976451	10458	10895	72754	10472	10	1	9	0
4.426000	258.122054	7995	8327	57729	8010	7	0	7	0
7.252000	263.426849	15073	15372	108331	15109	14	0	14	0
8.756000	266.712385	16509	16858	115924	16540	10	0	10	0
3.197000	260.986988	8010	8339	57399	8025	7	0	7	0
3.895000	260.531135	9607	10089	64949	9621	10	0	10	0
4.127000	260.352328	9532	9984	64165	9548	11	1	10	0
3.418000	261.962201	8084	8458	58517	8096	7	0	7	0
4.915000	259.658952	10680	11198	81394	10693	9	0	9	0
3.811000	262.431709	9354	9688	66162	9370	7	0	7	0
6.653000	267.402684	15589	15859	112288	15621	13	0	13	0
8.590000	261.262816	18071	18295	139396	18086	7	0	7	0
3.978000	270.154667	7613	8076	63032	7631	8	1	7	0
4.919000	266.400426	12208	12610	86526	12224	12	0	12	0
4.449000	263.285451	10086	10639	77153	10098	8	0	7	1
3.238000	267.654470	9950	10427	68695	9963	9	0	9	0
4.146000	264.806957	8429	8776	59895	8445	7	0	7	0
6.426000	267.895273	16075	16570	127669	16092	10	1	9	0
8.914000	267.876486	18266	18671	146045	18283	10	1	9	0
6.367000	268.216149	15532	15810	110653	15564	13	0	13	0
3.003000	267.323407	7491	7811	54368	7507	8	0	8	0
3.354000	266.482734	7927	8173	57709	7942	10	1	9	0
5.121000	273.916867	10663	11142	86047	10692	9	1	7	1
4.298000	273.694474	8538	9009	69741	8558	10	1	9	0
6.140000	271.233412	14342	14684	101041	14357	11	0	11	0
4.745000	270.975335	10048	10517	68215	10063	11	1	10	0
5.145000	271.951839	12720	13186	89448	12736	11	0	11	0
4.275000	268.867619	9003	9366	63628	9019	7	0	7	0
4.238000	268.768849	9120	9414	66915	9133	8	1	7	0
3.300000	271.221254	7142	7444	52477	7156	9	1	8	0
2.839000	269.314136	7137	7441	52381	7151	9	1	8	0
2.368000	270.549192	7205	7502	52742	7220	8	2	6	0
5.662000	274.914143	10269	10721	83520	10286	7	1	6	0
4.246000	275.850954	8389	8890	67508	8418	11	2	9	0
9.253000	276.924004	18672	18998	145445	18687	11	1	10	0
7.311000	274.540704	15511	15797	111169	15543	13	0	13	0
3.276000	269.207098	8849	9161	64962	8862	8	0	8	0
4.801000	272.826312	9498	9877	67181	9514	7	0	7	0
9.208000	277.089712	18262	18602	141356	18276	10	0	10	0
6.250000	279.064063	13697	14126	97276	13712	11	0	11	0
4.295000	272.635891	8456	8685	62365	8471	10	0	10	0
3.820000	274.043289	8759	8963	64649	8776	11	1	10	0
7.945000	284.105268	13944	14264	111948	13962	8	1	7	0
6.754000	284.462074	15204	15502	119269	15236	12	2	10	0
4.922000	279.487334	9454	9997	77584	9477	9	0	8	1
4.912000	280.287266	11209	11660	90934	11227	8	2	6	0
3.055000	278.821740	7596	7917	55718	7610	9	1	8	0
3.601000	278.287676	8039	8323	59455	8054	10	2	8	0
3.503000	280.072250	8690	8923	64684	8705	10	0	10	0
2.812000	278.799112	7602	7965	56180	7616	9	1	8	0
2.730000	277.792958	7959	8277	58736	7974	10	2	8	0
6.790000	280.241641	12406	12882	99735	12433	9	0	9	0
6.045000	282.995722	12460	12889	100615	12478	8	1	7	0
6.757000	286.713153	15245	15541	119113	15277	11	0	11	0
6.535000	284.088884	12042	12550	97414	12071	11	0	11	0
8.439000	286.921893	16440	16778	127310	16469	10	0	10	0
8.991000	285.665518	18355	18735	142116	18369	10	0	10	0
3.924000	281.205385	8476	8712	63059	8492	10	0	10	0
2.834000	280.031118	7525	7836	54924	7539	9	1	8	0
2.707000	280.909028	8033	8398	57955	8050	8	0	8	0
9.465000	284.912865	19434	19664	152711	19450	11	0	11	0
3.598000	281.637092	7831	8159	57882	7845	9	1	8	0
4.675000	288.950380	9651	10225	78777	9680	11	2	9	0
6.208000	290.049714	14075	14392	113150	14100	10	2	8	0
4.587000	287.404605	8636	9111	70088	8668	13	2	11	0
7.693000	289.271783	16071	16387	124910	16099	8	0	8	0
3.262000	284.158904	8089	8465	58129	8106	8	0	8	0
8.200000	287.398979	18650	19018	146157	18667	9	0	9	0
10.010000	287.684666	18885	19209	148926	18903	10	1	9	0
4.664000	285.270772	8146	8442	60336	8161	10	2	8	0
10.285000	291.168807	18139	18346	139778	18161	10	2	8	0
4.720000	284.821970	8691	9154	71202	8715	13	1	12	0
4.192000	292.358556	8859	9321	72563	8882	11	0	10	1
8.143000	291.848779	16037	16347	124982	16075	12	1	11	0
8.560000	289.233763	18793	19130	146391	18808	11	0	11	0
3.455000	288.186030	8514	8766	63073	8529	10	0	10	0
3.227000	286.989560	8135	8443	60561	8150	10	2	8	0
6.787000	294.569995	14455	14793	113922	14484	11	0	11	0
6.648000	290.772307	14422	14718	113228	14453	12	0	12	0
6.380000	297.227255	15688	16019	121036	15715	9	1	8	0
5.461000	292.191013	10530	11064	86081	10549	9	2	7	0
6.711000	290.349793	12847	13265	102848	12873	8	0	8	0
5.238000	296.069549	10680	11246	86627	10712	12	3	9	0
6.866000	294.531417	12774	13204	102219	12800	8	0	8	0
5.769000	296.933068	13001	13420	103842	13028	9	0	9	0
6.549000	294.772249	13358	13756	107164	13378	8	1	6	1
6.608000	294.091050	12303	12784	100271	12324	10	1	9	0
5.924000	292.248730	13412	13815	106576	13443	12	0	12	0
7.158000	295.262774	13918	14306	110563	13946	10	0	10	0
8.816000	295.467631	18608	18819	141282	18637	9	0	9	0
5.701000	294.869928	13171	13642	105327	13197	9	2	7	0
8.128000	297.190087	17056	17335	129933	17084	8	0	8	0
7.275000	301.121924	14674	14990	114337	14702	10	0	10	0
7.657000	301.914978	17157	17467	131154	17187	11	0	11	0
5.472000	298.141358	12057	12558	98337	12082	9	2	7	0
6.033000	298.619129	12905	13351	103685	12923	8	2	6	0
6.131000	300.498662	14838	15187	115796	14865	9	1	8	0
6.676000	299.552440	14663	14980	114706	14692	11	0	11	0
6.554000	299.585721	15655	15948	120930	15687	12	1	11	0
5.753000	297.742354	11902	12424	97298	11924	10	1	9	0
6.965000	299.733079	14542	14849	113846	14573	12	0	12	0
5.934000	299.598385	14643	15018	114437	14670	9	0	9	0
7.003000	304.244092	13902	14289	109971	13929	9	0	9	0
8.310000	306.147027	18540	18757	138678	18574	10	0	10	0
7.374000	301.626265	13823	14208	109560	13854	12	0	12	0
8.209000	303.224372	18595	18802	138513	18623	8	0	8	0
9.025000	302.750450	18523	18744	138195	18551	8	0	8	0
6.913000	298.291591	12736	13186	103405	12762	11	2	9	0
8.434000	305.340410	17941	18234	133688	17971	10	0	10	0
2.477000	303.721774	5665	6217	40772	5679	9	2	7	0
2.618000	305.415692	5866	6430	42256	5880	9	1	7	1
2.123000	304.221497	5066	5616	33545	5079	8	1	7	0
7.914000	306.922028	17351	17632	130876	17379	8	0	8	0
7.894000	308.027280	17936	18214	134299	17965	9	0	9	0
7.729000	304.214177	17155	17424	130606	17185	10	0	10	0
6.655000	304.440038	14181	14546	111828	14212	12	0	12	0
7.130000	308.934250	17007	17306	128439	17037	10	0	10	0
8.430000	308.474084	18550	18774	136974	18579	8	0	8	0
3.130000	311.530727	7575	8212	57284	7588	8	1	7	0
2.026000	309.392664	5676	6221	38392	5689	8	2	6	0
3.360000	308.668745	7026	7716	53020	7040	9	2	7	0
7.673000	306.776602	15204	15712	122404	15221	12	1	11	0
7.222000	314.253452	15706	16032	120714	15732	8	0	8	0
6.882000	312.375083	14248	14621	111801	14278	11	0	11	0
6.570000	313.945860	15580	15920	119670	15607	9	0	9	0
7.190000	311.244291	14539	14882	113681	14565	8	0	8	0
9.332000	311.692288	17312	17600	131001	17343	12	2	10	0
9.018000	309.283378	18935	19089	142957	18972	12	1	11	0
8.063000	311.623462	18889	19085	138717	18919	9	1	8	0
7.969000	314.919921	18702	18931	137377	18732	9	0	9	0
5.969000	308.966728	12728	13198	102436	12754	11	2	9	0
7.584000	312.004915	19066	19198	143954	19103	12	2	10	0
8.864000	313.995912	18068	18332	135172	18099	11	0	11	0
7.202000	314.544076	16643	16935	126623	16677	13	2	11	0
9.593000	315.955522	19110	19277	142235	19148	12	1	11	0
8.383000	316.625028	18339	18615	136068	18374	11	0	11	0
7.917000	313.706800	17530	17804	131622	17566	12	0	12	0
6.254000	311.057316	14234	14600	111987	14265	12	0	12	0
7.915000	317.680771	17379	17702	131530	17409	11	0	11	0
8.349000	315.904736	17868	18178	135983	17898	11	0	11	0
7.906000	314.312661	17572	17883	133305	17605	11	1	10	0
8.140000	314.789394	17332	17611	130532	17367	11	0	11	0
6.922000	317.878238	13944	14365	109968	13974	11	0	11	0
8.402000	319.993213	17067	17375	128739	17097	11	2	9	0
10.057000	319.237120	18249	18537	138928	18280	12	0	12	0
8.342000	314.639277	14974	15347	116192	15004	11	0	11	0
9.223000	318.037302	18651	18848	137908	18681	9	1	8	0
9.065000	320.753717	17429	17755	129504	17458	9	0	9	0
9.562000	319.436324	19011	19157	143359	19048	12	1	11	0
2.697000	319.312735	6402	7133	48581	6416	9	2	7	0
3.369000	316.666895	8204	8815	62427	8217	8	0	8	0
2.882000	318.546260	7968	8583	62214	7985	11	1	10	0
9.910000	320.845421	18708	18907	138230	18745	12	0	12	0
13.038000	326.238527	18719	18966	136504	18754	10	0	10	0
10.793000	325.685624	18666	18913	136252	18696	9	0	9	0
8.362000	320.582256	16798	17090	127042	16835	13	0	13	0
9.075000	322.220501	18943	19126	139509	18980	12	0	12	0
8.536000	320.323904	18483	18710	137427	18519	12	0	12	0
7.951000	322.056737	17901	18230	136114	17932	12	1	11	0
7.783000	325.900278	17394	17721	129274	17424	10	1	9	0
4.365000	322.853040	9937	10450	77033	9955	12	1	11	0
2.789000	323.338320	7018	7697	52002	7038	12	2	10	0
8.017000	326.392242	18225	18525	138734	18256	12	1	11	0
8.459000	325.460932	18484	18727	136200	18515	11	0	11	0
7.752000	325.817805	18347	18620	135518	18378	11	0	11	0
7.808000	323.430567	16996	17284	128226	17034	14	1	13	0
6.895000	321.004564	14327	14724	112478	14357	11	0	11	0
8.445000	328.883712	17356	17702	129845	17386	11	0	11	0
8.649000	327.701321	18579	18804	136207	18608	8	0	8	0
7.940000	326.953514	17491	17824	130079	17520	9	0	9	0
4.700000	330.712594	10136	10644	78422	10153	11	1	9	1
2.765000	326.815958	6303	6860	44422	6317	9	1	7	1
8.351000	332.747342	18351	18624	139329	18388	14	0	14	0
8.872000	331.152501	18969	19225	144872	19000	12	0	12	0
7.922000	333.446218	17456	17788	129767	17486	10	2	8	0
8.856000	331.456108	17918	18261	132573	17948	10	1	9	0
8.699000	327.425368	17900	18196	135848	17932	13	0	13	0
8.985000	331.817697	19086	19350	145853	19116	11	0	11	0
3.310000	333.320616	7640	8276	58167	7657	11	1	10	0
3.793000	330.633214	8900	9489	67416	8914	9	0	9	0
6.204000	327.401503	14723	15159	116002	14740	12	1	11	0
4.001000	329.504345	8500	9130	63704	8512	8	2	6	0
8.123000	338.552278	18698	18945	135506	18733	10	0	10	0
7.887000	333.707321	17922	18240	132167	17951	9	0	9	0
8.454000	337.263891	19363	19602	148006	19393	11	0	11	0
7.731000	336.108649	17353	17702	129329	17383	11	0	11	0
8.300000	335.697433	17595	17958	132362	17625	11	0	11	0
8.443000	336.916699	18232	18563	138828	18263	12	2	10	0
9.266000	332.234582	18344	18659	139754	18375	11	0	11	0
7.221000	334.596116	17117	17439	127866	17148	11	3	8	0
6.578000	330.634054	15294	15792	120222	15308	10	0	10	0
7.021000	332.546912	14286	14673	110996	14309	14	1	13	0
7.684000	338.335237	17501	17821	129428	17530	9	0	9	0
7.998000	339.820076	17228	17552	128773	17263	12	1	11	0
8.472000	337.629471	18250	18573	138798	18281	12	1	11	0
7.098000	338.857677	13878	14270	107459	13892	10	0	10	0
3.080000	337.104407	8503	9142	64105	8515	8	0	8	0
3.662000	339.442483	7874	8498	58307	7889	10	3	7	0
4.940000	335.588436	11937	12345	90951	11950	11	1	10	0
3.264000	340.515858	6972	7545	49137	6987	10	2	8	0
4.496000	337.875756	10463	10932	80006	10499	13	1	12	0
3.050000	340.999618	7488	8118	54930	7513	12	2	10	0
9.722000	341.877502	18457	18779	140665	18489	12	1	11	0
7.666000	344.416989	17321	17661	128555	17356	12	0	12	0
2.689000	342.096654	7021	7696	50547	7037	10	3	7	0
3.211000	342.910460	7879	8500	57990	7896	11	3	8	0
3.483000	343.490550	8599	9163	64650	8617	12	1	11	0
4.302000	341.385403	8682	9235	65433	8700	12	1	11	0
2.979000	343.250115	7550	8175	55315	7568	12	2	10	0
4.477000	343.082570	10535	11003	80009	10553	12	1	10	1
4.211000	340.232900	8400	9011	61903	8416	10	2	8	0
3.279000	342.483630	7668	8291	57159	7688	13	2	11	0
9.717000	346.218545	18353	18703	139328	18388	12	2	10	0
8.570000	344.915282	17909	18245	132049	17946	12	0	12	0
6.488000	343.517431	14213	14580	109496	14231	13	2	11	0
5.443000	346.030468	13298	13686	102359	13316	13	1	12	0
5.344000	344.089108	11489	11900	87967	11507	13	1	12	0
6.684000	346.133150	14915	15327	116074	14935	14	1	13	0
4.379000	346.341838	9678	10194	74105	9698	13	1	12	0
5.665000	344.725934	13172	13559	102635	13192	14	1	13	0
3.084000	345.624981	7668	8291	57418	7687	13	2	11	0
3.772000	344.614327	8652	9254	65328	8667	11	0	11	0
8.070000	349.887426	18266	18591	138358	18302	13	1	12	0
8.221000	349.023410	18352	18697	139753	18387	13	2	11	0
7.770000	346.158634	17796	18145	131175	17827	11	0	11	0
7.612000	347.858065	17735	18081	130213	17764	9	0	9	0
6.796000	346.032231	15895	16348	123543	15913	13	2	11	0
8.736000	345.806892	18212	18645	142335	18230	13	2	11	0
4.558000	348.338756	10911	11358	83822	10931	13	1	11	1
7.271000	347.656299	14834	15235	115241	14856	15	1	14	0
4.045000	350.300389	8194	8791	62552	8214	13	2	11	0
2.903000	348.497819	6803	7359	49543	6821	12	2	10	0
8.774000	349.312258	18492	18808	140493	18524	13	0	13	0
8.285000	349.869434	18700	19006	142207	18738	15	0	15	0
7.426000	350.716994	17540	17905	130970	17577	14	0	14	0
8.372000	355.754192	18180	18531	137234	18211	12	2	10	0
4.194000	352.494031	8653	9255	63834	8667	9	1	8	0
3.458000	353.359503	7358	8048	54702	7375	11	2	9	0
3.423000	354.528896	8796	9354	67273	8817	14	1	13	0
6.161000	350.879662	14241	14607	111194	14261	15	1	14	0
3.629000	357.281972	8276	8851	63258	8297	13	1	12	0

