0.033000	3.605551	0	0	0	2	0	0	0	0
0.017000	2.828427	0	0	0	2	0	0	0	0
0.012000	3.162278	0	0	0	2	0	0	0	0
0.009000	3.605551	0	0	0	2	0	0	0	0
0.007000	2.000000	0	0	0	2	0	0	0	0
0.021000	3.000000	2	12	7	3	0	0	0	0
0.005000	1.414214	0	0	0	2	0	0	0	0
0.004000	2.000000	0	0	0	2	0	0	0	0
0.001000	2.000000	0	0	0	2	0	0	0	0
0.001000	3.605551	0	0	0	2	0	0	0	0
0.021000	5.385165	3	15	5	19	0	0	0	0
0.024000	6.403124	5	19	11	19	0	0	0	0
0.002000	4.123106	0	0	0	2	0	0	0	0
0.023000	6.000000	2	12	10	7	0	0	0	0
0.017000	7.280110	2	12	15	18	0	0	0	0
0.020000	5.385165	2	12	10	34	0	0	0	0
0.017000	4.000000	2	12	6	34	0	0	0	0
0.018000	4.000000	2	11	5	35	0	0	0	0
0.021000	7.071068	3	15	16	35	0	0	0	0
0.017000	7.071068	3	15	7	35	0	0	0	0
0.019000	9.486833	4	13	8	21	0	0	0	0
0.022000	8.602325	5	16	14	37	0	0	0	0
0.012000	9.000000	3	15	21	10	0	0	0	0
0.014000	10.440307	4	17	18	4	0	0	0	0
0.025000	10.198039	5	19	17	35	0	0	0	0
0.021000	8.602325	5	21	26	20	0	0	0	0
0.020000	8.062258	5	19	21	35	0	0	0	0
0.016000	10.295630	4	18	26	20	0	0	0	0
0.021000	7.810250	4	17	17	36	0	0	0	0
0.015000	8.062258	3	15	13	36	0	0	0	0
0.021000	13.000000	6	24	35	21	0	0	0	0
0.025000	13.038405	6	24	35	21	0	0	0	0
0.015000	15.132746	5	20	23	5	0	0	0	0
0.022000	13.038405	7	23	36	26	0	0	0	0
0.013000	12.727922	3	19	15	5	0	0	0	0
0.024000	15.000000	6	23	30	38	0	0	0	0
0.016000	12.041595	5	21	27	21	0	0	0	0
0.020000	12.369317	6	21	25	37	0	0	0	0
0.013000	15.033296	4	19	25	20	0	0	0	0
0.023000	11.661904	5	18	28	21	0	0	0	0
0.017000	17.464249	7	25	46	6	0	0	0	0
0.023000	15.193485	8	27	41	23	1	0	1	0
0.025000	16.552945	9	29	44	21	0	0	0	0
0.030000	18.027756	6	24	42	38	0	0	0	0
0.024000	16.492423	7	24	38	38	0	0	0	0
0.020000	18.110770	5	21	30	37	0	0	0	0
0.019000	17.066689	7	25	46	6	2	0	2	0
0.024000	17.911116	9	25	58	23	1	1	0	0
0.026000	16.278821	9	27	42	38	0	0	0	0
0.020000	16.124515	6	24	42	6	0	0	0	0
0.023000	22.000330	9	24	32	7	1	0	1	0
0.026000	20.917585	12	30	59	9	2	1	1	0
0.024000	20.223748	10	30	49	6	0	0	0	0
0.019000	23.000000	7	27	51	8	0	0	0	0
0.020000	19.416488	8	28	45	22	0	0	0	0
0.023000	22.803509	10	34	59	8	0	0	0	0
0.035000	19.849433	12	36	63	23	0	0	0	0
0.028000	21.711368	11	33	67	24	2	1	1	0
0.028000	21.023796	10	32	51	22	0	0	0	0
0.026000	20.124612	10	32	50	23	1	1	0	0
0.031000	26.248931	11	36	72	9	1	0	1	0
0.031000	24.280110	11	35	75	24	1	0	1	0
0.041000	24.836419	22	41	106	26	2	0	2	0
0.025000	25.495098	9	29	56	24	0	0	0	0
0.031000	27.073973	14	38	84	25	0	0	0	0
0.026000	25.179357	11	33	69	8	0	0	0	0
0.023000	24.515301	10	34	73	10	0	0	0	0
0.030000	25.961510	11	35	69	39	0	0	0	0
0.032000	24.186773	11	33	66	32	0	0	0	0
0.029000	24.166092	10	32	68	38	0	0	0	0
0.018000	28.861739	7	29	47	8	0	0	0	0
0.063000	27.898009	43	52	158	25	3	0	3	0
0.029000	28.844410	14	40	85	9	0	0	0	0
0.042000	28.049245	21	46	122	25	1	0	1	0
0.037000	30.479501	15	44	103	12	0	0	0	0
0.034000	28.687354	18	42	82	26	2	0	2	0
0.037000	28.730919	14	39	88	11	1	0	1	0
0.040000	26.029987	21	42	81	43	3	1	2	0
0.041000	29.154759	16	43	90	44	0	0	0	0
0.035000	30.000000	8	30	65	40	0	0	0	0
0.030000	32.918896	18	43	115	13	1	0	1	0
0.047000	32.717886	30	49	112	31	3	1	2	0
0.025000	32.649655	12	41	97	12	0	0	0	0
0.081000	31.080305	50	67	222	26	3	0	3	0
0.029000	31.320920	14	42	100	10	0	0	0	0
0.046000	30.533651	20	43	99	42	1	0	1	0
0.048000	33.541020	18	45	104	41	0	0	0	0
0.029000	30.233593	13	41	92	25	1	0	0	1
0.032000	30.251695	13	38	85	26	3	1	2	0
0.034000	31.320920	13	38	93	40	0	0	0	0
0.028000	36.000000	10	36	84	10	0	0	0	0
0.082000	33.426847	58	84	255	11	3	0	3	0
0.029000	35.902646	15	47	109	12	0	0	0	0
0.029000	35.649886	39	58	166	14	2	0	2	0
0.047000	36.069378	21	53	128	25	0	0	0	0
0.045000	36.364649	20	50	137	29	1	0	1	0
0.050000	36.215648	32	54	195	12	1	0	1	0
0.040000	36.055513	18	46	116	27	0	0	0	0
0.047000	36.643317	25	53	153	29	1	0	1	0
0.039000	35.341617	16	42	104	42	1	1	0	0
0.049000	39.426739	16	41	77	32	3	0	3	0
0.059000	39.941627	33	52	145	39	3	2	1	0
0.090000	39.719321	53	92	268	29	2	0	2	0
0.050000	42.107007	21	53	136	31	0	0	0	0
0.051000	40.379448	25	58	161	13	1	0	1	0
0.042000	40.311289	24	53	137	28	0	0	0	0
0.051000	38.205635	22	55	143	28	2	0	2	0
0.045000	40.968982	20	54	137	29	1	0	1	0
0.045000	39.981209	18	47	119	14	2	0	2	0
0.058000	38.134553	27	57	142	29	4	0	4	0
0.054000	45.861739	23	59	157	29	1	1	0	0
0.070000	46.124784	34	68	221	34	1	0	1	0
0.066000	46.317351	31	65	199	32	1	0	1	0
0.047000	46.690470	27	67	193	17	0	0	0	0
0.046000	42.638498	25	52	133	28	2	0	2	0
0.069000	43.914198	28	58	170	44	2	1	1	0
0.085000	39.774893	55	93	266	45	3	0	3	0
0.043000	44.147480	20	50	120	46	0	0	0	0
0.047000	42.850566	25	60	167	11	1	0	1	0
0.046000	41.690647	25	58	173	31	1	1	0	0
0.099000	46.140523	64	57	227	33	4	0	4	0
0.059000	44.149577	51	48	207	16	4	1	3	0
0.061000	46.690470	24	60	165	38	0	0	0	0
0.059000	47.314640	26	68	183	30	1	0	1	0
0.084000	45.851037	63	78	284	31	2	0	2	0
0.060000	47.650034	29	66	184	13	1	1	0	0
0.107000	48.648694	77	82	411	34	3	0	2	1
0.086000	50.160453	76	81	469	18	1	0	1	0
0.065000	46.186126	35	65	207	33	1	0	1	0
0.049000	48.351424	28	63	181	34	1	0	1	0
0.073000	49.956830	50	61	193	37	4	1	3	0
0.057000	51.313723	29	64	202	35	1	0	1	0
0.052000	51.333715	30	71	220	35	1	0	1	0
0.066000	50.068884	45	71	277	35	1	0	1	0
0.074000	50.791941	42	71	258	14	1	0	1	0
0.059000	50.131395	39	72	245	16	2	1	1	0
0.057000	50.283733	37	73	251	31	1	0	1	0
0.065000	50.672425	35	67	236	31	1	0	1	0
0.049000	50.544236	23	65	175	15	2	1	1	0
0.069000	51.579739	47	73	200	35	3	0	3	0
0.060000	53.645095	33	61	157	40	4	1	3	0
0.060000	55.077192	40	60	184	40	3	1	2	0
0.084000	57.384667	38	82	283	37	0	0	0	0
0.103000	55.286447	74	108	311	33	3	0	3	0
0.063000	55.901699	31	65	166	41	0	0	0	0
0.040000	54.244289	21	59	178	18	1	0	1	0
0.062000	57.245158	31	71	215	36	1	0	1	0
0.075000	55.784902	36	79	269	34	1	1	0	0
0.085000	50.910216	63	88	261	33	2	0	2	0
0.067000	54.424259	37	74	239	32	0	0	0	0
0.065000	61.152946	36	82	250	38	1	0	1	0
0.066000	57.706152	38	73	207	45	0	0	0	0
0.094000	54.680701	73	89	348	34	5	0	5	0
0.000000	59.641062	54	79	215	48	2	0	2	0
0.000000	57.992438	89	98	428	20	5	0	5	0
0.002000	60.990966	37	66	186	39	2	0	2	0
0.076000	59.841698	35	76	255	36	1	0	1	0
0.069000	57.397734	28	73	233	20	1	1	0	0
0.125000	57.295818	97	94	553	33	3	1	2	0
0.056000	60.016664	28	69	207	27	0	0	0	0
0.091000	61.029648	51	87	366	16	1	0	1	0
0.078000	62.698291	54	84	304	21	2	0	2	0
0.078000	63.853721	52	81	282	38	1	0	1	0
0.070000	65.192799	36	85	294	38	1	1	0	0
0.141000	58.895083	111	137	505	22	4	1	3	0
0.074000	60.888361	44	84	279	37	2	1	1	0
0.081000	61.522354	36	80	243	48	0	0	0	0
0.152000	60.409400	125	126	627	36	4	1	3	0
0.110000	59.939280	91	116	425	18	2	0	2	0
0.091000	62.401618	72	99	372	18	4	0	4	0
0.083000	67.438041	52	79	223	52	5	1	3	1
0.064000	63.788714	25	69	190	33	0	0	0	0
0.088000	63.193112	64	100	313	36	3	0	3	0
0.123000	64.467080	68	96	364	43	2	0	2	0
0.069000	66.732605	44	79	252	37	1	0	1	0
0.089000	65.686720	70	99	369	19	2	0	2	0
0.603000	64.792164	33	80	232	39	3	0	3	0
0.074000	71.028163	28	66	201	36	0	0	0	0
0.143000	67.868843	107	114	625	22	1	0	1	0
0.068000	66.525275	39	71	239	39	3	1	2	0
0.091000	69.183981	53	72	249	50	3	1	2	0
0.089000	71.224146	54	97	288	52	2	0	2	0
0.158000	66.193690	123	166	544	37	4	1	3	0
0.127000	66.108503	105	125	544	40	6	1	5	0
0.078000	69.524124	45	92	333	39	1	1	0	0
0.085000	71.021124	53	100	393	36	0	0	0	0
0.121000	68.534520	96	117	522	39	3	1	2	0
0.151000	67.784340	115	137	583	21	5	1	4	0
0.149000	69.563835	122	157	564	36	2	0	2	0
0.103000	68.046955	63	93	395	37	2	0	2	0
0.093000	72.744421	69	85	327	42	5	1	4	0
0.270000	71.374413	219	196	1186	38	5	1	4	0
0.120000	71.093393	89	113	478	23	7	0	7	0
0.081000	74.681329	53	91	289	42	2	0	2	0
0.098000	72.125584	58	96	315	56	2	0	2	0
0.108000	72.860028	78	100	486	26	2	0	2	0
0.096000	77.610767	68	108	321	27	3	0	3	0
0.198000	70.601386	152	204	718	39	4	0	4	0
0.071000	71.897034	36	89	287	23	2	0	2	0
0.087000	74.542221	51	98	378	42	1	0	0	1
0.078000	75.784061	51	85	248	40	3	0	3	0
0.085000	74.674629	56	87	295	66	6	1	5	0
0.133000	76.063679	85	111	455	39	2	0	2	0
0.108000	76.394741	77	112	433	43	2	0	2	0
0.150000	74.020598	123	148	630	26	6	2	4	0
0.091000	80.386830	57	104	453	24	2	0	2	0
0.183000	74.094110	144	174	724	40	4	1	3	0
0.260000	75.612708	225	226	1074	27	7	0	7	0
0.130000	77.242181	91	111	560	39	2	0	2	0
0.102000	76.073986	66	103	503	39	2	1	1	0
0.113000	84.066144	57	106	363	34	1	0	1	0
0.311000	78.341371	254	217	1464	43	5	0	5	0
0.105000	82.975422	77	121	374	42	4	1	3	0
0.119000	82.129336	73	117	414	47	3	0	3	0
0.122000	80.856600	82	128	410	40	3	0	3	0
0.257000	79.046509	213	267	1074	29	6	0	6	0
0.110000	82.064372	78	120	463	45	3	1	2	0
0.100000	83.207956	61	105	340	58	2	0	2	0
0.097000	80.218223	62	107	390	39	2	1	1	0
0.163000	80.199117	116	164	539	23	4	1	3	0
0.086000	82.098748	59	87	280	44	3	0	2	1
0.147000	84.111250	115	119	567	57	6	1	5	0
0.127000	86.480538	96	126	544	24	2	1	0	1
0.332000	80.827653	271	236	1547	25	4	0	4	0
0.152000	84.228230	108	130	522	46	4	0	4	0
0.126000	83.454428	93	122	547	45	6	0	6	0
0.300000	83.366562	238	287	1257	46	6	0	6	0
0.138000	82.107537	103	138	567	46	6	1	5	0
0.113000	84.946969	75	108	485	24	1	0	1	0
0.122000	84.367714	68	121	435	41	2	1	1	0
0.070000	89.604695	50	77	275	63	2	0	1	1
0.089000	87.543604	68	89	336	85	3	1	1	1
0.123000	88.285975	115	114	492	73	9	2	6	1
0.000000	89.190901	70	123	448	32	2	0	2	0
0.088000	86.592447	154	209	898	45	6	1	5	0
0.120000	91.530385	70	118	344	73	4	0	4	0
0.104000	88.028225	66	119	440	44	4	1	3	0
0.107000	88.557335	74	115	358	54	3	0	3	0
0.548000	85.680291	177	229	1007	29	5	0	5	0
0.148000	86.798179	83	134	448	42	3	0	3	0
0.128000	93.593149	76	110	406	80	5	2	3	0
0.141000	88.880499	88	103	456	56	7	1	5	1
0.071000	91.782351	54	115	382	37	0	0	0	0
0.521000	95.132776	308	290	1604	46	4	0	4	0
0.205000	89.539825	124	137	693	24	2	1	0	1
0.284000	90.091989	202	165	1167	31	3	1	2	0
0.133000	94.814763	56	108	360	48	3	1	2	0
0.191000	89.829041	138	171	762	30	8	1	7	0
0.286000	91.395725	229	246	1202	44	4	0	4	0
0.124000	90.582152	80	122	570	42	2	2	0	0
0.281000	96.464761	223	207	1268	34	2	0	2	0
0.132000	97.691127	71	131	464	42	1	1	0	0
0.117000	95.115969	80	123	412	39	3	1	2	0
0.164000	93.528205	123	188	672	43	3	0	3	0
0.219000	93.975053	165	224	879	46	4	1	3	0
0.110000	97.306572	68	116	439	47	2	2	0	0
0.165000	95.959718	117	151	689	29	4	1	3	0
0.353000	94.789305	239	249	1263	45	4	0	4	0
0.187000	93.685234	66	122	473	41	3	2	1	0
0.227000	98.097909	136	153	630	33	4	0	4	0
0.132000	99.509784	80	117	425	72	5	2	3	0
0.112000	102.401754	36	85	276	94	2	0	2	0
0.647000	96.175200	382	310	2162	32	5	0	5	0
0.184000	97.854267	94	154	517	30	4	1	3	0
0.131000	102.405793	84	131	417	41	3	0	3	0
0.210000	97.569288	157	233	914	46	4	1	3	0
0.096000	102.561385	71	122	383	39	4	1	3	0
0.159000	98.745128	112	182	648	44	3	0	3	0
0.395000	99.003022	303	330	1337	49	6	1	5	0
0.289000	97.813827	257	251	1366	30	4	0	4	0
0.000000	103.967337	112	131	627	57	4	1	3	0
0.116000	102.616709	143	125	612	35	6	0	6	0
0.130000	101.651365	58	124	494	43	0	0	0	0
0.524000	100.894734	447	341	2571	48	4	0	4	0
0.444000	100.599234	352	302	2010	49	5	0	5	0
0.122000	107.293225	84	132	425	56	4	1	3	0
0.395000	103.437817	337	281	2007	31	4	0	4	0
0.112000	103.525430	75	130	431	50	3	1	2	0
0.250000	101.695218	223	182	1368	31	4	2	2	0
0.186000	105.212286	139	166	867	31	4	1	3	0
0.189000	106.070528	163	138	637	51	7	0	6	1
0.079000	109.447115	35	93	319	110	3	0	3	0
0.479000	109.549538	416	333	2172	36	3	0	3	0
1.476000	109.371105	602	467	3168	33	5	0	5	0
0.243000	106.369656	127	168	765	48	4	1	3	0
0.633000	105.887806	337	382	1812	33	5	2	3	0
0.270000	105.490228	171	215	990	51	7	1	6	0
0.222000	105.428633	151	180	900	52	4	1	3	0
0.185000	108.508034	123	169	739	48	4	2	2	0
0.298000	105.627992	234	225	1259	49	6	0	6	0
0.258000	115.649321	192	188	1037	49	7	1	5	1
0.148000	109.142275	93	150	676	53	1	0	1	0
0.128000	111.208034	92	147	515	35	5	1	4	0
0.470000	109.545028	340	391	1932	40	4	1	3	0
0.239000	113.471251	137	170	746	36	6	0	6	0
0.441000	110.588144	308	323	1610	32	4	0	4	0
0.574000	107.778934	357	238	2048	37	3	1	2	0
0.600000	111.782221	363	334	1819	46	3	1	2	0
0.568000	110.500558	372	387	1902	32	4	2	2	0
0.545000	109.898886	424	428	2170	53	3	0	3	0
0.208000	112.690292	142	140	625	38	4	0	4	0
0.304000	118.721584	212	203	1174	80	5	1	4	0
0.187000	115.036974	136	158	769	53	5	0	5	0
0.133000	115.658576	88	148	535	53	1	0	1	0
0.734000	113.297672	513	401	2784	49	3	0	3	0
0.176000	112.663115	101	171	588	48	3	0	3	0
0.256000	113.038110	172	254	998	50	3	0	3	0
0.464000	116.895990	343	389	1931	40	5	2	3	0
0.131000	114.713432	88	135	598	36	2	1	1	0
0.390000	112.350748	332	338	1742	43	4	0	4	0
0.181000	117.651418	131	144	608	50	5	1	4	0
0.196000	122.132108	151	184	958	65	4	1	3	0
0.176000	118.301285	88	137	513	65	5	2	3	0
0.139000	115.550268	97	142	556	40	7	0	7	0
0.634000	118.357032	505	380	3032	41	6	0	6	0
0.563000	117.119109	137	179	911	40	4	0	4	0
0.194000	121.529454	145	185	805	59	5	1	4	0
0.233000	121.580510	197	219	1058	40	5	1	4	0
0.124000	118.536502	95	144	654	37	2	1	1	0
0.323000	121.943405	265	298	1452	37	4	1	3	0
0.153000	122.030713	108	148	560	56	4	0	4	0
0.126000	120.798695	101	145	555	39	4	0	4	0
0.179000	122.765757	122	165	784	85	6	1	5	0
0.199000	123.036152	169	169	866	65	6	1	5	0
0.139000	124.172365	96	157	520	56	5	1	4	0
0.239000	126.128237	150	179	799	59	3	0	3	0
0.206000	123.545304	161	195	953	61	4	2	2	0
0.298000	122.128327	225	269	1282	51	4	1	3	0
0.166000	120.533737	131	182	819	34	5	4	1	0
0.347000	119.285421	309	290	1935	34	5	1	4	0
0.305000	127.811967	178	168	832	69	8	1	7	0
0.220000	129.902273	181	202	1076	68	4	1	3	0
0.180000	123.449480	147	153	719	71	4	0	3	1
0.150000	127.271057	109	151	667	83	8	3	4	1
0.373000	127.479578	330	265	1841	74	8	0	7	1
0.141000	127.492095	102	160	628	69	3	1	2	0
0.439000	124.250278	360	329	2048	38	7	0	7	0
0.258000	127.377144	212	218	1377	58	4	0	4	0
0.348000	122.101047	278	340	1654	35	4	1	3	0
0.150000	123.788640	438	364	2253	37	5	2	3	0
0.186000	130.931050	173	193	1005	74	6	1	4	1
0.175000	136.158292	113	182	635	34	3	0	3	0
0.153000	130.473766	112	178	652	42	6	2	4	0
0.226000	131.717397	175	217	1051	60	5	1	4	0
0.227000	131.336327	192	229	1145	40	4	1	3	0
0.954000	127.094812	497	418	3096	58	5	1	4	0
0.451000	126.177822	329	367	1948	55	5	2	3	0
0.297000	128.045694	416	424	2207	53	4	0	4	0
0.268000	129.264154	244	213	1538	56	4	2	2	0
0.502000	127.334891	475	414	2391	54	5	1	4	0
0.179000	135.087270	123	170	658	71	4	0	4	0
0.316000	133.492689	310	226	1886	62	6	0	6	0
0.168000	130.785622	124	171	773	72	4	2	2	0
0.114000	135.656620	76	138	562	87	4	2	2	0
0.232000	135.266521	184	227	1105	41	4	1	3	0
0.209000	132.230593	164	209	1060	38	5	2	3	0
0.350000	133.669230	313	306	1797	43	5	0	5	0
0.306000	131.037054	364	332	2092	57	6	1	5	0
0.163000	130.291896	125	169	926	38	3	2	1	0
0.275000	131.778153	195	226	1150	51	2	1	1	0
0.438000	137.227768	425	308	2189	75	6	0	5	1
0.180000	132.691910	161	166	732	54	5	0	4	1
0.237000	137.725149	204	184	1245	54	8	3	4	1
0.243000	140.285508	215	223	1202	72	6	2	4	0
0.232000	136.166022	216	183	970	61	8	2	6	0
0.148000	137.506882	103	160	682	72	3	2	1	0
0.298000	138.071371	202	263	1283	45	4	1	3	0
1.020000	137.505504	837	708	4999	42	8	0	8	0
0.201000	143.006893	161	208	964	53	4	1	3	0
0.815000	140.735369	290	259	1898	60	4	0	4	0
0.450000	140.745450	380	278	2078	61	8	1	6	1
0.427000	138.530066	389	284	2134	79	7	0	5	2
0.411000	141.853054	385	286	2071	76	6	0	5	1
0.137000	145.543261	86	149	589	154	2	1	1	0
0.709000	137.514295	626	486	3503	44	6	0	6	0
0.178000	143.911640	124	201	688	62	5	1	4	0
0.451000	140.363612	273	231	1901	41	5	0	5	0
0.839000	143.270919	936	799	5663	67	7	1	6	0
0.350000	142.696519	274	346	1714	68	4	1	3	0
0.253000	142.591885	199	241	1204	44	4	1	3	0
0.222000	142.504346	180	184	936	62	7	1	6	0
0.211000	144.102944	179	186	905	77	7	0	7	0
0.181000	147.228297	141	186	800	74	4	0	4	0
0.362000	149.892938	310	272	1811	89	4	1	2	1
0.464000	142.472072	460	331	2397	76	8	1	5	2
0.284000	144.991109	249	221	1549	76	5	0	5	0
0.173000	144.079245	124	174	810	73	8	1	7	0
0.246000	142.567960	189	248	1079	57	5	1	4	0
0.402000	142.483361	347	357	2105	55	4	0	4	0
1.005000	143.965034	407	340	2672	64	6	0	6	0
0.455000	147.401751	415	314	2271	61	6	0	5	1
0.101000	151.200245	143	187	876	87	4	1	3	0
0.171000	146.512001	136	172	712	64	3	1	1	1
0.193000	150.235145	133	196	851	137	4	1	3	0
0.240000	151.480573	160	218	976	66	4	1	3	0
0.325000	152.153166	244	340	1561	46	6	2	4	0
0.212000	150.073149	154	215	1015	64	5	1	4	0
0.651000	149.591203	570	506	3495	44	5	0	5	0
0.295000	150.126920	232	274	1542	65	5	1	4	0
0.509000	149.507568	476	378	3096	66	6	1	5	0
0.000000	155.791950	109	181	763	75	6	2	3	1
0.195000	154.114125	168	197	1126	75	8	2	5	1
0.186000	152.932856	145	193	933	90	6	2	4	0
0.186000	148.453411	140	187	977	91	8	2	6	0
0.253000	156.086209	167	247	1069	108	4	2	2	0
0.331000	149.794697	467	349	2381	49	9	0	9	0
0.586000	149.297888	471	407	2883	41	5	0	5	0
0.419000	154.761381	338	303	2252	51	5	1	4	0
0.572000	151.009074	493	411	3100	64	6	1	5	0
0.591000	152.796816	449	390	2493	101	3	1	2	0
0.301000	158.246548	172	203	1134	78	8	3	5	0
0.259000	156.595838	180	206	1153	78	6	1	5	0
0.253000	159.329923	151	195	822	112	3	1	1	1
0.570000	157.658444	413	377	2604	61	3	1	2	0
0.265000	155.904613	173	222	1186	50	5	1	4	0
0.237000	155.511288	198	227	1312	53	6	1	5	0
0.760000	157.055976	640	470	3960	68	7	1	6	0
0.221000	157.968350	172	213	1222	63	3	1	2	0
1.051000	159.738415	843	693	5235	63	4	1	3	0
0.252000	155.047410	201	217	1504	46	3	1	2	0
0.151000	167.482912	95	168	658	62	3	1	2	0
0.144000	166.880609	99	169	665	82	6	2	4	0
0.461000	163.935757	417	276	2425	96	6	1	5	0
0.809000	158.574741	678	523	3803	52	6	0	6	0
0.731000	164.578878	475	370	2604	90	7	1	6	0
0.388000	161.152441	323	306	2172	52	5	1	4	0
1.137000	160.265390	805	672	5193	66	5	1	4	0
0.797000	157.522915	723	551	4423	65	5	0	5	0
0.692000	158.849778	581	472	3662	49	5	0	5	0
0.587000	160.912860	438	325	2448	72	6	0	6	0
0.358000	164.497726	237	231	1529	78	7	3	4	0
0.385000	168.494403	271	243	1753	66	7	2	5	0
0.263000	166.739254	282	254	1600	89	7	2	5	0
0.365000	161.741293	554	428	2646	49	6	0	6	0
0.620000	164.379989	573	461	2602	53	7	0	7	0
1.521000	163.831199	1067	791	6481	84	5	1	4	0
0.349000	162.450341	198	233	1417	65	4	0	4	0
1.609000	162.380873	739	534	4131	70	6	0	6	0
0.943000	164.434764	831	573	5038	69	7	1	6	0
1.011000	164.549506	1033	759	6237	103	4	1	3	0
0.994000	171.463721	408	349	2598	65	6	2	4	0
0.338000	164.235794	267	233	1685	59	5	2	2	1
0.343000	169.775900	294	282	1835	94	6	1	5	0
0.817000	169.441422	637	514	3784	64	5	2	3	0
1.122000	172.212606	747	553	4460	49	3	1	2	0
0.900000	167.861993	564	464	2652	66	7	0	7	0
0.334000	167.871360	152	224	1077	69	5	1	4	0
2.129000	168.057464	1222	940	7464	71	7	1	6	0
1.244000	168.417163	911	683	5636	74	5	0	5	0
1.278000	168.014178	932	694	5592	59	5	1	4	0
0.586000	175.160817	439	309	2484	88	8	1	6	1
0.413000	170.420981	324	272	2039	76	7	2	5	0
0.482000	169.840099	267	241	1615	75	5	1	3	1
0.286000	172.886091	149	220	1021	92	4	2	2	0
0.211000	173.822688	118	199	797	94	5	2	3	0
0.425000	170.570333	314	262	1925	81	6	1	5	0
0.832000	172.599373	610	498	3671	50	5	2	3	0
0.371000	172.092572	260	264	1702	72	4	1	3	0
1.603000	170.563546	1310	976	7919	75	8	1	7	0
0.323000	169.794095	225	240	1482	74	4	3	1	0
0.479000	177.417229	402	282	2392	83	5	1	3	1
0.423000	179.396351	384	287	2280	100	5	1	4	0
0.710000	176.020074	638	469	3749	87	7	0	7	0
0.109000	175.841865	310	273	1810	77	5	1	4	0
0.084000	175.844044	182	229	1016	113	3	1	2	0
0.514000	178.009730	420	303	2438	69	7	1	5	1
0.178000	175.914468	129	203	866	63	5	2	3	0
0.565000	175.322766	523	414	3314	86	9	2	7	0
0.696000	172.468881	588	436	3116	83	10	2	8	0
1.563000	177.360970	1345	965	8108	76	7	0	7	0
0.399000	179.241416	291	273	1714	83	7	1	5	1
0.609000	182.100947	571	431	3378	74	6	1	5	0
0.657000	179.741283	618	473	3745	81	6	1	4	1
0.216000	179.041184	156	212	1095	80	7	2	5	0
0.395000	179.222547	359	278	2142	83	6	1	5	0
0.311000	178.221875	275	262	1776	86	6	0	6	0
0.249000	181.379469	186	248	1154	134	4	1	3	0
0.783000	180.700883	757	562	4478	77	10	1	9	0
1.321000	181.054180	557	443	3137	77	8	2	6	0
0.524000	175.477583	443	379	2516	53	6	2	4	0
0.715000	185.268136	682	507	4034	57	6	0	6	0
0.318000	180.627115	301	262	1872	54	6	1	5	0
0.243000	185.175749	166	239	1143	98	6	2	3	1
0.601000	186.514511	586	455	3643	74	5	0	4	1
0.935000	186.626843	711	513	3748	109	8	0	8	0
0.721000	182.985363	640	487	3208	72	9	0	9	0
0.607000	182.852927	499	386	3122	88	4	1	3	0
0.505000	182.648036	442	337	2563	91	5	0	5	0
0.556000	178.714016	552	415	2733	74	8	0	8	0
1.193000	183.497202	661	536	4014	107	6	2	4	0
0.240000	192.641970	131	215	907	87	8	3	4	1
0.425000	185.750971	323	272	1887	60	8	1	6	1
0.704000	188.517225	626	484	3935	78	7	1	6	0
0.765000	188.739721	674	530	4144	56	6	2	4	0
0.678000	184.792619	563	466	2972	76	7	2	5	0
0.552000	184.883049	544	381	3503	53	5	2	3	0
0.621000	183.175797	540	391	3208	59	6	3	3	0
0.427000	186.086128	367	334	2391	100	4	2	2	0
0.613000	188.915255	578	436	3565	75	5	2	3	0
1.020000	188.523293	862	632	5027	73	5	2	3	0
0.633000	192.363701	515	419	3394	74	6	2	4	0
0.368000	192.910642	275	320	1683	99	6	2	4	0
0.388000	194.324856	336	341	2129	83	6	2	4	0
1.513000	194.348246	1269	933	7502	76	6	2	4	0
0.719000	187.322180	564	457	2969	72	6	2	4	0
0.568000	187.762320	486	394	3080	99	4	2	2	0
0.615000	190.514869	560	531	3715	74	9	3	6	0
0.308000	193.721057	287	292	1927	60	6	1	5	0
0.364000	191.453619	491	393	3190	89	4	1	3	0
0.753000	187.874392	608	448	3086	77	8	0	8	0
0.931000	197.121291	764	582	4507	90	9	2	7	0
0.386000	194.354008	323	306	1945	83	5	2	3	0
0.591000	198.788750	427	383	2626	116	8	2	5	1
0.287000	195.843246	207	272	1349	120	5	2	3	0
0.930000	199.091584	323	358	2043	140	5	2	3	0
0.855000	196.969239	769	593	4568	90	6	0	6	0
0.597000	195.078672	581	438	3497	77	4	0	4	0
0.344000	198.883643	634	475	3873	78	7	1	6	0
0.173000	196.417206	174	264	1210	99	4	2	2	0
0.946000	194.072532	799	623	4819	54	3	1	2	0
0.312000	198.101666	224	283	1390	107	5	1	3	1
0.591000	201.437815	521	433	3179	101	8	2	5	1
0.597000	200.111486	524	421	2624	95	7	1	6	0
0.279000	200.856292	191	279	1358	131	7	3	4	0
1.522000	200.375783	1308	961	7635	59	5	2	3	0
1.043000	199.704320	909	730	5385	74	5	2	3	0
2.130000	202.238597	1406	1029	8335	103	6	2	4	0
1.344000	200.582570	1140	839	6856	73	8	2	6	0
0.808000	198.808195	694	603	4872	75	7	2	5	0
0.653000	199.611685	598	478	3273	80	8	2	6	0
0.526000	204.788000	426	435	2550	124	5	1	3	1
0.173000	209.003963	203	280	1396	106	8	3	4	1
1.261000	206.322108	1075	772	6184	125	8	1	6	1
0.558000	203.367520	595	480	2989	92	10	2	7	1
0.201000	203.191883	229	288	1335	124	5	1	4	0
1.017000	201.637739	936	734	5559	85	3	1	2	0
1.136000	204.322098	1027	773	5745	70	9	2	7	0
0.645000	200.427240	566	473	3025	59	6	2	4	0
0.663000	198.532489	620	447	3928	73	5	1	4	0
1.577000	199.480972	748	622	4033	60	8	3	5	0
0.615000	202.530459	475	409	2528	77	8	3	5	0
0.822000	205.170348	732	581	4406	77	6	3	3	0
0.610000	202.223831	568	445	3650	77	5	2	3	0
1.132000	204.689535	916	638	5026	66	8	0	8	0
1.119000	203.193187	750	568	4580	91	5	2	3	0
1.283000	208.752458	824	689	4548	85	7	3	4	0
1.139000	204.895992	1106	835	6301	101	9	3	6	0
1.264000	204.058767	625	495	3499	83	9	3	6	0
1.224000	206.432167	1006	765	5906	83	8	3	5	0
1.471000	206.384938	1188	894	7544	95	8	2	6	0
0.835000	211.717120	735	607	4564	64	9	2	7	0
1.551000	210.067790	1360	981	8879	87	7	1	6	0
1.206000	209.846736	1194	870	6954	92	8	2	6	0
1.551000	211.289321	1258	904	8407	86	6	1	5	0
1.365000	211.987123	1226	913	6828	70	7	2	5	0
1.570000	211.664505	922	762	5008	86	7	2	5	0
0.800000	208.023959	688	582	3425	83	7	2	5	0
1.534000	212.572557	1158	925	6506	82	7	3	4	0
1.516000	212.231191	1213	919	7723	64	6	3	3	0
1.484000	211.825603	1205	896	7305	126	9	3	6	0
0.386000	216.220410	254	323	1483	144	6	1	4	1
0.337000	219.202054	253	331	1594	144	4	1	3	0
0.374000	218.382769	295	369	1884	106	6	3	3	0
1.719000	219.864124	1501	1105	8807	130	7	3	4	0
1.634000	213.624270	1358	907	8055	122	8	1	7	0
1.455000	214.402244	1247	909	8494	67	6	1	5	0
1.198000	214.541182	1213	929	6630	87	8	2	6	0
1.040000	216.067728	1119	873	6151	73	7	2	5	0
0.836000	212.482472	701	524	3591	68	10	2	8	0
2.080000	217.761469	1348	987	8636	84	6	3	3	0
2.103000	221.579801	1465	1035	8868	110	7	3	4	0
1.105000	214.745245	594	405	4049	63	7	1	6	0
0.817000	214.061557	580	409	3886	64	6	3	3	0
1.263000	216.666392	1211	881	8329	74	7	3	4	0
1.872000	217.423895	1393	1017	9246	71	8	3	5	0
2.129000	220.895757	1804	1281	11314	86	8	2	6	0
0.590000	216.393064	502	424	3206	84	6	1	5	0
0.672000	217.433411	738	632	3732	97	7	3	3	1
1.520000	218.180316	1273	998	7256	105	9	3	6	0
1.617000	219.013145	1440	1070	8290	89	9	3	6	0
0.827000	224.099078	241	329	1651	82	6	3	2	1
1.823000	223.676168	1446	1062	8783	119	7	3	4	0
0.987000	219.928771	823	470	5448	73	8	2	6	0
1.508000	221.628836	1137	848	6705	95	8	2	6	0
2.152000	223.081194	1833	1269	11892	90	7	1	6	0
1.303000	221.848103	1100	846	6211	75	10	3	7	0
1.510000	226.076932	1245	985	6907	77	8	2	6	0
1.019000	221.171480	888	751	4961	88	8	3	5	0
0.756000	218.369423	729	590	3507	72	7	2	5	0
0.858000	216.374243	693	579	3497	82	6	3	3	0
1.933000	228.070458	1418	1046	8614	132	10	5	5	0
6.314000	225.505166	1873	1291	12196	90	7	1	6	0
0.909000	222.661456	655	462	4301	83	5	2	3	0
0.811000	220.107499	626	506	3258	63	7	3	4	0
1.182000	223.304723	751	616	3717	59	5	2	3	0
1.236000	224.353802	744	644	3741	87	6	3	3	0
0.967000	220.813229	700	598	3662	83	7	3	4	0
2.737000	224.151494	1549	1127	9332	71	7	4	3	0
1.487000	222.902161	1235	909	7346	69	8	3	5	0
2.331000	228.416054	1775	1249	11267	87	8	2	6	0
1.536000	228.164893	1205	956	6611	89	8	2	6	0
1.239000	224.499861	1121	875	6004	88	7	2	5	0
0.934000	224.995664	765	636	3864	76	5	2	3	0
1.213000	227.877199	1040	825	6045	71	8	3	5	0
1.456000	231.272513	1279	1002	7402	91	8	3	5	0
1.387000	232.569399	1534	1064	9230	126	7	3	4	0
1.625000	230.227505	733	624	3576	94	10	2	8	0
0.913000	227.602943	882	549	5483	93	9	2	7	0
0.833000	225.582405	705	594	3858	92	8	3	5	0
1.087000	226.524706	954	755	5599	106	8	3	5	0
0.439000	234.916046	297	348	1976	87	8	3	5	0
2.100000	237.653529	1678	1238	9893	103	6	2	4	0
1.909000	237.550671	1631	1237	9408	134	10	3	7	0
1.410000	234.422137	1238	976	6986	95	10	3	7	0
1.172000	232.239922	1061	850	5974	94	10	3	7	0
1.584000	232.457485	1326	1082	7250	91	7	2	5	0
1.335000	232.654488	1153	936	6258	87	8	3	5	0
1.916000	232.243438	1307	1015	7651	75	8	3	5	0
3.051000	233.059598	1900	1288	12348	75	8	3	5	0
2.598000	236.401918	1539	1140	9154	126	6	2	4	0
1.370000	236.713490	1139	867	7924	78	6	1	5	0
0.965000	236.817843	730	623	3460	89	10	2	8	0
1.706000	236.279358	1423	1033	9330	77	10	4	6	0
1.705000	239.120830	1563	1091	9517	118	8	3	5	0
1.540000	237.161266	1202	917	7167	144	9	3	6	0
1.937000	234.765541	1127	820	7874	69	6	1	5	0
0.985000	232.108768	767	464	5275	103	7	1	6	0
1.629000	235.627118	1141	949	6084	106	8	3	5	0
1.725000	238.810721	1575	1163	10462	119	7	4	3	0
0.777000	233.580620	646	516	3192	100	9	2	7	0
0.476000	245.923331	334	408	2210	91	6	3	3	0
2.450000	242.503213	1590	1230	9176	139	11	3	8	0
1.633000	242.142675	1524	1198	8575	137	10	3	7	0
1.129000	241.058161	996	673	5826	74	9	2	7	0
1.053000	242.428546	1204	967	6804	96	10	3	7	0
1.623000	245.362846	1369	1103	7548	100	8	2	6	0
0.753000	236.928534	624	499	3167	105	9	2	7	0
1.545000	242.502432	1314	1002	7575	98	12	3	9	0
1.324000	238.310138	1165	976	6497	107	7	2	5	0
1.131000	239.598881	1208	1018	6607	90	8	2	6	0
0.993000	241.661753	900	584	5436	94	10	3	7	0
1.612000	245.261684	974	651	5744	77	9	2	7	0
1.349000	246.639622	1148	901	6531	98	9	3	6	0
0.814000	240.086749	739	657	3548	78	9	3	6	0
1.920000	241.236673	1695	1189	10807	89	7	3	4	0
2.253000	244.780604	1949	1355	12734	96	6	3	3	0
1.904000	244.924005	1704	1293	9735	135	11	3	8	0
1.083000	243.601070	1001	694	5836	93	8	4	4	0
1.665000	246.216446	1374	1074	8030	103	9	3	6	0
2.537000	247.360175	1697	1135	10295	78	8	3	5	0
1.865000	250.058612	1597	1150	9821	133	9	3	6	0
2.070000	247.496766	1731	1238	11524	72	7	2	5	0
1.332000	250.745495	1112	901	6311	84	9	4	5	0
1.391000	246.998175	1179	1004	6412	93	8	3	5	0
1.624000	245.573707	1084	917	5902	95	8	4	4	0
1.245000	245.171294	986	837	5363	90	9	4	5	0
1.196000	245.282773	1074	735	6384	77	9	4	5	0
2.808000	250.728545	1939	1351	12147	78	8	2	6	0
2.563000	248.943848	1651	1279	9342	141	10	3	7	0
2.891000	248.405818	1527	1145	10333	102	7	2	5	0
1.918000	253.604171	1451	1127	8228	127	13	4	9	0
1.700000	252.086737	1370	1057	7877	85	11	3	8	0
1.420000	254.348580	1272	1032	7160	90	10	3	7	0
1.649000	253.605968	1224	985	6938	100	11	3	8	0
2.270000	252.395094	1238	1003	6923	80	9	3	6	0
1.823000	250.775354	1254	940	7213	81	10	3	7	0
1.426000	249.651102	1010	846	5671	97	10	3	7	0
2.667000	255.361829	1777	1254	12034	124	7	4	3	0
1.170000	251.752795	960	640	5754	79	9	3	6	0
2.529000	252.203061	1991	1327	13142	92	9	4	5	0
0.951000	259.583063	780	651	5076	88	9	4	5	0
1.882000	257.820936	1681	1324	9290	127	10	3	7	0
1.454000	255.206654	1360	1073	7951	102	11	3	8	0
1.413000	257.216830	1242	1010	6945	99	8	4	4	0
1.350000	253.761835	1177	1003	6259	82	7	2	5	0
1.519000	252.906502	691	557	3359	73	9	2	7	0
1.050000	254.744707	1061	805	6542	79	8	4	4	0
1.400000	253.957046	1274	925	8204	93	11	5	5	1
2.583000	253.238756	2001	1348	13049	81	8	4	4	0
1.710000	255.078216	1159	928	6595	115	10	3	7	0
1.120000	265.547618	1143	854	7284	108	12	6	6	0
1.238000	258.947104	1054	757	6064	96	9	2	7	0
1.634000	261.146987	1291	976	7469	117	11	3	8	0
1.756000	256.435452	1141	815	6937	93	11	5	6	0
1.661000	257.182914	1402	1009	9061	127	9	4	5	0
1.135000	258.191651	1023	665	6150	100	12	3	9	0
1.689000	261.348496	1123	900	6457	101	9	3	6	0
1.025000	258.130974	870	732	4366	101	10	4	6	0
1.312000	260.041763	1229	919	7225	88	10	4	6	0
0.786000	258.080288	1031	733	6051	83	9	3	6	0
1.831000	263.506609	1532	1174	8865	128	14	4	10	0
2.557000	266.744505	1633	1302	9152	146	10	3	7	0
1.247000	260.842080	1040	733	6065	85	9	2	7	0
1.302000	260.668078	1083	878	6185	85	10	3	7	0
1.130000	260.428565	1085	870	6100	83	11	5	6	0
1.776000	262.037947	1080	761	6418	97	8	4	4	0
1.584000	259.469375	1372	967	8701	96	9	4	5	0
1.274000	262.286800	1146	844	6538	98	9	2	7	0
2.009000	267.482444	1610	1208	9334	150	13	4	9	0
2.014000	261.450022	1985	1363	12584	117	8	4	4	0
1.144000	270.591616	958	747	6072	108	7	3	4	0
2.170000	266.563461	1352	1031	7815	106	12	3	9	0
1.559000	263.352275	1345	955	8487	78	9	4	5	0
1.405000	267.794110	1139	904	6655	113	9	3	6	0
1.323000	264.662049	1089	779	6258	97	9	2	7	0
2.377000	267.980527	1922	1329	13052	104	11	4	7	0
2.580000	268.017753	2115	1407	14071	119	11	4	7	0
1.825000	268.483885	1604	1202	9108	91	12	3	9	0
1.013000	267.226139	972	696	5766	96	10	3	7	0
1.139000	266.329890	1110	699	6547	117	12	3	9	0
2.058000	274.185002	1286	936	8140	90	8	4	4	0
1.242000	274.138490	1065	805	6914	125	9	3	6	0
2.051000	271.396446	1445	1136	8136	93	11	3	8	0
1.308000	270.676199	1123	904	6415	85	11	4	7	0
1.546000	272.114873	1370	1076	7924	123	11	3	8	0
1.575000	268.722711	1140	817	6421	115	9	2	7	0
1.390000	268.780642	1185	814	7198	98	9	4	5	0
1.056000	271.174690	978	670	5822	116	11	4	7	0
1.298000	269.161292	969	664	5834	87	11	3	8	0
1.054000	270.328268	961	664	5661	116	10	3	7	0
1.758000	275.358160	1251	916	7891	88	6	3	3	0
1.269000	275.946741	1094	859	7235	107	11	4	7	0
2.503000	276.830011	2083	1426	13515	118	11	4	7	0
1.549000	274.620464	1609	1207	9210	148	13	4	9	0
2.026000	269.295499	1150	785	6989	103	9	4	5	0
0.933000	272.681404	1196	861	6803	102	9	2	7	0
3.253000	277.169841	2040	1396	13154	117	10	3	7	0
1.829000	279.227097	1461	1135	8490	107	11	3	8	0
1.412000	272.538622	1210	742	7345	103	12	3	9	0
1.208000	273.946020	1216	756	7450	118	13	4	9	0
1.915000	284.563091	1661	1112	10280	113	7	3	4	0
2.461000	284.762307	1765	1186	10683	114	12	5	7	0
1.424000	279.956987	1179	901	7499	107	9	3	5	1
1.539000	280.718622	1362	983	8544	123	7	3	4	0
1.202000	278.668896	1064	695	6431	86	11	3	8	0
1.175000	277.963671	1124	724	6886	120	12	4	8	0
1.294000	279.974981	1236	766	7666	107	12	3	9	0
1.243000	278.646268	1065	717	6510	119	11	3	8	0
1.241000	277.345517	1114	717	6647	89	12	4	8	0
1.470000	280.540955	1479	1031	9460	96	9	4	5	0
2.451000	283.453545	1498	1036	9334	92	7	3	4	0
2.212000	287.013617	1759	1181	10706	102	12	4	7	1
2.029000	284.388199	1455	1031	9372	131	11	4	7	0
2.477000	287.221208	1868	1280	11537	115	10	4	6	0
2.693000	285.745647	2035	1423	13048	85	10	3	7	0
1.396000	281.108116	1187	751	7322	105	12	3	9	0
1.096000	279.878274	1071	689	6461	121	11	3	8	0
1.114000	280.811760	1051	753	6134	99	10	3	7	0
2.779000	284.992993	2162	1456	14060	107	11	3	8	0
1.185000	281.484248	1095	723	6668	117	11	3	8	0
1.138000	289.193680	1168	910	7551	96	11	4	7	0
2.005000	290.529059	1710	1129	10627	118	10	4	5	1
1.816000	287.725279	1087	848	7149	129	14	5	8	1
2.040000	289.740903	1860	1250	11253	114	8	3	4	1
2.264000	284.061636	1054	762	6142	116	10	3	7	0
4.333000	287.562295	2142	1438	14055	127	10	4	6	0
4.378000	287.717807	2174	1438	14427	111	11	5	6	0
1.298000	284.949617	1153	731	7165	104	12	4	8	0
2.304000	291.593743	2057	1364	12268	132	9	3	6	0
1.375000	285.265986	1078	811	6911	130	12	3	9	0
1.739000	292.810679	1100	823	6973	115	11	3	7	1
2.446000	292.274795	1866	1246	11283	119	11	3	8	0
2.772000	289.313891	2122	1445	13793	121	11	3	8	0
1.192000	288.088762	1212	756	7422	89	12	3	9	0
1.668000	286.790108	1178	740	7316	123	12	4	8	0
2.729000	294.869309	1663	1148	10590	98	11	4	7	0
2.418000	291.071621	1696	1141	10513	102	12	4	8	0
1.911000	297.317166	1763	1238	10821	131	9	4	5	0
1.680000	292.446512	1281	960	8170	126	8	3	5	0
2.511000	290.650312	1540	1067	9686	128	9	4	4	1
1.772000	296.249781	1297	966	8402	120	13	5	7	1
2.037000	294.830731	1528	1060	9675	110	8	4	4	0
1.994000	297.232382	1533	1073	9740	119	9	4	5	0
2.109000	295.199055	1620	1096	9984	93	6	3	3	0
1.796000	294.594276	1519	1053	9723	110	9	4	5	0
1.767000	292.548045	1586	1097	9986	131	12	4	8	0
1.457000	295.562088	1643	1138	10521	132	10	4	6	0
2.339000	295.932198	2065	1390	12180	114	8	3	5	0
1.931000	294.954936	1550	1100	9927	133	9	4	5	0
2.203000	297.663889	1948	1309	11845	131	8	3	4	1
1.933000	301.421239	1713	1180	10500	117	10	4	6	0
2.155000	302.215442	1909	1317	11651	104	12	4	7	1
1.668000	298.561967	1487	1054	9465	116	10	4	5	1
2.363000	298.871767	1577	1080	9833	114	7	3	4	0
2.003000	300.599772	1691	1194	10622	129	9	4	5	0
1.954000	299.851754	1705	1172	10578	132	11	4	7	0
1.738000	299.908325	1765	1220	10877	135	12	5	7	0
2.139000	298.205737	1469	1043	9357	96	9	4	5	0
2.011000	300.032394	1700	1155	10574	118	12	4	8	0
1.557000	299.897699	1663	1187	10468	97	9	4	5	0
2.016000	304.543406	1640	1136	10332	130	9	4	5	0
2.692000	306.611595	2049	1394	12113	121	9	3	6	0
2.079000	301.925580	1629	1134	10280	136	12	4	8	0
3.716000	303.725080	2053	1398	12217	102	8	3	4	1
2.507000	303.215018	2054	1393	12165	101	7	3	4	0
2.522000	298.710862	1540	1073	9689	114	10	3	7	0
2.752000	305.804978	1983	1377	11782	119	9	3	6	0
1.060000	304.480513	697	719	4540	107	8	3	5	0
1.081000	306.127904	731	731	4741	93	8	3	5	0
0.590000	304.906446	610	677	3666	106	8	2	6	0
3.080000	307.488562	1924	1337	11523	121	7	4	3	0
2.368000	308.491847	1962	1370	11781	104	8	3	5	0
2.067000	304.678745	1940	1311	11527	103	9	3	6	0
1.636000	304.739353	1648	1141	10339	119	12	4	8	0
2.761000	309.446457	1949	1322	11748	111	9	4	5	0
2.280000	308.938651	2021	1403	11658	138	7	3	4	0
1.091000	312.354217	804	790	5096	127	7	3	4	0
0.854000	310.088145	665	698	3987	108	7	3	4	0
0.971000	309.299709	776	782	4828	105	7	3	4	0
2.107000	307.590150	1770	1300	11576	113	12	4	7	1
2.080000	314.552767	1792	1239	10783	120	8	4	4	0
1.889000	312.674397	1662	1156	10395	102	11	4	7	0
2.586000	314.245174	1762	1235	10705	107	9	4	5	0
1.909000	311.543606	1677	1163	10374	115	8	4	4	0
1.785000	311.948856	1930	1345	11815	138	11	4	7	0
2.338000	309.709393	2070	1395	11954	124	11	3	8	0
3.035000	311.878627	2039	1417	11866	120	8	3	5	0
2.319000	315.384488	2033	1413	11813	125	8	3	5	0
1.764000	309.385999	1566	1083	9831	119	10	3	7	0
2.538000	312.504921	2101	1407	12211	139	12	4	7	1
2.273000	314.460479	2001	1376	11741	124	10	3	7	0
2.063000	315.020338	1880	1291	11308	108	12	5	7	0
2.420000	316.381537	2101	1424	12083	124	11	3	8	0
2.016000	317.089595	2031	1398	11975	124	10	3	7	0
2.778000	314.171367	1978	1346	11727	141	11	3	8	0
1.902000	311.356630	1668	1158	10466	120	12	4	8	0
2.343000	318.192978	2006	1363	12128	124	10	4	6	0
3.153000	316.417266	2047	1393	12332	140	11	4	6	1
2.878000	314.899584	2002	1368	12152	123	11	5	5	1
2.423000	315.253961	1944	1334	11475	123	10	3	7	0
2.197000	318.222955	1610	1122	10157	117	11	5	6	0
2.397000	320.203986	1961	1331	11889	139	10	4	6	0
3.354000	319.749327	2050	1399	12464	126	11	4	7	0
1.820000	314.938591	1692	1198	10466	119	11	4	7	0
2.400000	318.291602	2054	1403	11882	107	8	3	5	0
2.688000	321.265925	1953	1367	11472	138	8	4	4	0
2.525000	319.862339	2088	1407	12085	142	11	3	8	0
1.086000	319.967777	727	740	4715	95	8	3	5	0
1.248000	317.498545	889	839	5711	123	7	3	4	0
1.068000	319.359809	857	822	5470	113	11	4	6	1
2.060000	321.309988	2023	1406	11826	111	11	3	8	0
2.784000	326.703095	2040	1427	11753	143	9	3	6	0
2.997000	326.150191	2007	1422	11730	127	8	3	5	0
2.016000	321.094464	1893	1311	11434	127	12	4	8	0
2.444000	322.685068	2065	1415	11914	111	11	3	8	0
2.239000	320.788472	2042	1396	11964	112	11	3	8	0
2.659000	322.422625	2063	1398	12503	142	11	5	6	0
2.220000	326.364846	1950	1361	11517	130	9	4	5	0
1.410000	323.666588	1100	922	6839	132	12	4	7	1
1.105000	324.239248	835	776	5086	110	10	3	7	0
2.430000	326.701085	2061	1411	12593	141	11	4	7	0
2.359000	325.979892	2021	1404	11780	144	11	3	7	1
1.957000	326.336765	2012	1391	11676	127	11	3	7	1
2.098000	323.895134	1900	1322	11549	113	13	4	9	0
2.620000	321.327965	1665	1175	10459	102	11	5	6	0
2.180000	329.395919	1964	1363	11618	126	10	4	6	0
2.471000	328.167093	2028	1405	11653	126	8	3	4	1
2.118000	327.465722	1968	1379	11622	123	8	4	4	0
1.429000	331.441063	1116	930	7132	103	11	4	6	1
0.965000	327.528170	747	766	4758	98	8	3	5	0
2.049000	333.311688	2075	1402	12292	130	13	5	8	0
3.401000	331.664709	2153	1448	13102	116	11	4	7	0
2.568000	333.700846	1970	1372	11677	125	9	4	5	0
2.968000	331.966901	1987	1394	11836	127	9	5	4	0
1.857000	327.937575	2014	1378	12050	128	12	4	8	0
2.122000	332.330227	2165	1466	13255	130	11	4	6	1
1.014000	334.210338	781	808	4865	134	10	5	5	0
1.227000	331.269233	995	884	6402	100	8	3	5	0
1.758000	328.215051	1671	1277	10749	99	12	4	7	1
1.471000	330.311512	950	865	5954	128	8	4	4	0
2.557000	339.016845	2039	1424	11595	146	9	3	6	0
2.128000	334.246527	2002	1391	11693	145	8	4	4	0
2.838000	337.776098	2217	1464	13620	130	10	4	6	0
2.316000	336.730183	1975	1367	11824	131	10	5	5	0
2.164000	336.209640	2007	1388	12120	129	10	4	6	0
2.494000	337.073818	2140	1431	12874	127	11	5	6	0
3.242000	332.746790	2114	1431	12940	129	10	4	6	0
2.650000	334.927824	1942	1335	11352	129	10	5	5	0
3.512000	331.269600	1765	1295	11606	114	8	3	5	0
2.337000	333.360461	1685	1209	10406	135	14	4	9	1
2.784000	338.847625	1953	1366	11416	130	9	4	4	1
2.079000	340.297000	1953	1345	11519	130	12	5	7	0
2.724000	337.970517	2112	1428	12971	131	11	5	6	0
2.902000	339.521332	1574	1185	10160	116	8	3	5	0
1.128000	337.854519	957	869	6158	98	8	4	4	0
0.984000	339.624950	771	786	4765	133	9	4	5	0
1.564000	336.135807	1374	1047	8719	111	9	4	5	0
0.952000	341.316559	811	805	4792	111	8	3	5	0
1.339000	338.689304	1191	944	7285	120	13	4	8	1
0.971000	341.796909	838	788	5063	134	11	4	7	0
2.810000	341.919628	2141	1447	13062	147	11	4	7	0
3.221000	344.989005	1959	1356	11458	147	11	5	6	0
1.095000	342.632286	762	777	4563	129	9	3	6	0
0.994000	343.093530	788	787	4773	118	10	4	6	0
1.147000	344.304098	947	860	5756	134	12	4	7	1
0.884000	342.198951	936	858	5663	133	12	4	7	1
0.844000	344.059985	878	809	5389	117	11	5	6	0
1.353000	343.811039	1222	947	7472	102	12	4	7	1
1.719000	341.039213	966	848	5928	118	10	4	6	0
1.028000	343.234293	898	814	5582	134	12	5	7	0
2.677000	346.429391	2113	1442	12887	135	11	5	6	0
2.349000	345.436489	1973	1390	11648	149	12	5	7	0
1.814000	344.179550	1604	1198	9802	121	13	5	7	1
1.441000	346.844016	1546	1118	9518	120	13	4	8	1
1.638000	344.902656	1337	1013	8122	138	13	4	8	1
2.121000	346.946698	1831	1276	11461	122	14	4	9	1
2.024000	347.155386	1144	910	6987	121	13	4	8	1
2.071000	345.539482	1561	1115	9690	140	14	4	9	1
1.301000	346.375644	909	814	5609	137	12	5	7	0
1.436000	345.364439	1061	870	6740	101	11	4	7	0
2.831000	350.249331	2106	1427	12597	134	12	5	7	0
3.357000	349.279957	2136	1443	13055	136	13	5	8	0
2.437000	346.725235	1981	1386	11656	130	11	4	6	1
2.394000	348.382375	1987	1395	11639	144	9	4	4	1
2.372000	346.696494	1828	1331	11309	106	13	5	7	1
2.549000	346.470776	2103	1484	13255	105	13	5	7	1
1.674000	349.067225	1350	963	8425	123	13	4	8	1
2.454000	348.469848	1769	1278	11094	123	15	4	10	1
1.055000	351.084260	853	787	5277	121	12	4	8	0
1.045000	349.398747	914	780	5537	132	10	3	7	0
6.993000	349.878859	2137	1438	13002	135	13	4	8	1
6.340000	350.381641	2142	1444	13164	135	14	4	10	0
11.494000	351.229201	2004	1376	11959	135	13	4	9	0
3.091000	356.044310	2119	1430	12797	152	11	5	6	0
10.017000	353.196503	984	870	6134	99	9	4	5	0
1.349000	353.942385	919	816	5599	135	9	3	6	0
3.719000	355.342444	1094	865	6746	126	14	4	9	1
1.946000	351.693211	1667	1198	10265	140	15	4	10	1
3.785000	358.095520	1031	848	6334	127	13	4	8	1

