0.017000	5.099020	5	21	40	33	0	0	0	0
0.012000	6.385165	6	25	50	42	1	0	1	0
0.006000	4.242641	3	18	18	22	0	0	0	0
0.009000	5.000000	6	22	27	37	1	0	1	0
0.007000	5.000000	5	16	19	25	1	0	1	0
0.009000	6.656854	6	25	46	37	1	0	0	1
0.009000	6.767829	7	27	40	42	1	0	1	0
0.007000	4.000000	4	18	27	28	0	0	0	0
0.006000	4.472136	4	17	29	25	0	0	0	0
0.005000	3.236068	3	15	18	22	1	0	1	0
0.009000	4.828427	7	19	23	35	3	0	3	0
0.011000	6.019765	10	27	49	51	2	0	2	0
0.010000	8.062258	8	30	62	52	0	0	0	0
0.014000	9.236068	14	41	90	73	2	0	2	0
0.013000	8.621233	12	35	77	66	2	0	2	0
0.014000	9.245165	13	33	75	65	2	0	2	0
0.009000	7.828427	9	29	53	50	3	0	2	1
0.013000	7.812559	15	38	75	73	3	0	3	0
0.011000	6.650282	12	31	57	55	2	0	2	0
0.013000	9.300563	11	36	79	61	3	0	3	0
0.022000	14.414214	22	54	128	110	3	0	3	0
0.018000	12.786644	16	48	115	89	1	0	1	0
0.024000	10.708204	27	55	139	115	2	0	2	0
0.022000	13.236068	18	50	123	99	1	1	0	0
0.019000	10.892922	21	51	124	94	4	0	4	0
0.030000	10.990705	47	75	219	167	4	0	4	0
0.023000	12.152982	30	54	149	118	5	0	5	0
0.015000	12.162278	21	43	92	87	3	0	3	0
0.023000	11.537319	37	57	144	128	3	0	3	0
0.030000	10.699597	44	69	180	159	4	0	4	0
0.023000	13.042019	25	54	129	113	4	1	3	0
0.034000	16.333231	37	76	227	165	2	0	2	0
0.030000	15.604339	41	62	176	143	4	0	3	1
0.026000	17.236068	27	65	187	141	1	1	0	0
0.056000	15.570276	86	124	369	307	5	0	5	0
0.062000	18.513233	96	143	505	339	2	1	1	0
0.037000	16.957417	50	90	258	192	5	1	3	1
0.043000	15.341660	55	98	359	244	4	0	4	0
0.043000	14.796691	72	101	346	242	4	0	4	0
0.059000	13.576491	93	134	432	338	5	0	5	0
0.037000	18.969501	48	82	219	193	3	0	3	0
0.040000	18.099941	58	93	304	218	7	0	6	1
0.040000	17.503938	56	100	334	227	4	0	4	0
0.055000	17.656104	85	118	384	300	6	0	6	0
0.034000	17.291268	49	80	184	181	6	0	6	0
0.040000	18.053212	68	97	252	219	4	0	4	0
0.049000	17.067020	71	111	399	258	5	0	5	0
0.073000	18.877054	123	164	545	415	7	0	7	0
0.025000	16.073950	26	67	181	135	5	0	4	1
0.037000	16.498474	52	88	216	197	6	0	6	0
0.053000	20.015340	79	121	400	297	8	0	8	0
0.054000	24.286564	73	127	465	302	4	0	4	0
0.075000	20.430241	57	110	325	241	6	0	5	1
0.035000	18.073856	39	85	229	170	5	0	5	0
0.067000	21.861875	106	139	441	350	6	0	6	0
0.037000	21.368629	56	98	299	226	6	0	5	1
0.084000	20.611938	145	200	794	494	7	0	7	0
0.050000	19.965542	76	113	363	266	6	0	6	0
0.043000	20.451308	62	108	340	249	4	0	4	0
0.079000	22.214999	131	165	641	443	5	0	5	0
0.079000	24.666309	123	175	680	438	5	0	4	1
0.054000	25.621691	72	128	432	295	5	0	5	0
0.146000	25.966401	286	345	1433	891	8	0	7	1
0.094000	23.874332	145	203	792	502	7	0	7	0
0.047000	25.242641	68	112	303	253	3	0	3	0
0.052000	22.009455	84	117	378	285	6	0	5	1
0.066000	23.011707	109	160	601	396	9	0	8	1
0.053000	23.487476	81	133	476	313	6	0	6	0
0.102000	25.355763	154	209	947	546	8	0	8	0
0.129000	25.724743	144	186	714	485	5	0	5	0
0.156000	28.353681	271	323	1203	861	6	0	6	0
0.107000	25.196698	191	238	947	579	6	0	5	1
0.065000	26.500998	105	143	511	359	7	0	7	0
0.178000	29.518041	315	387	1843	1040	9	0	8	1
0.089000	26.743903	156	195	725	497	11	0	11	0
0.130000	27.512156	216	273	1047	705	7	0	7	0
0.085000	26.687574	132	187	686	456	6	0	6	0
0.115000	27.358288	197	254	1108	655	9	0	9	0
0.053000	29.368908	68	125	460	286	5	1	4	0
0.052000	26.377277	88	129	337	306	6	0	6	0
0.112000	31.648978	191	248	1181	654	7	0	6	1
0.153000	30.908950	287	350	1378	914	8	0	8	0
0.109000	28.812719	186	240	877	608	9	1	8	0
0.109000	30.501356	201	248	847	646	6	0	5	1
0.067000	32.347957	103	145	526	352	7	0	7	0
0.064000	34.648816	92	157	621	383	5	0	5	0
0.131000	30.999472	225	298	1306	745	8	0	7	1
0.143000	30.161714	249	295	1242	786	9	0	9	0
0.072000	30.254978	122	162	480	397	8	0	8	0
0.099000	27.451854	161	217	955	544	7	1	5	1
0.205000	35.672069	370	447	1996	1170	10	0	9	1
0.155000	30.861151	283	342	1348	882	11	0	11	0
0.048000	34.895322	75	144	532	325	7	0	7	0
0.183000	39.494048	319	385	1883	994	6	2	4	0
0.228000	35.772574	416	463	2234	1257	8	0	8	0
0.146000	30.235540	254	315	1249	811	13	0	13	0
0.153000	33.000709	267	321	1511	850	10	0	9	1
0.104000	30.941549	176	224	845	571	13	0	13	0
0.093000	34.881993	147	219	894	532	10	0	10	0
0.082000	34.320130	133	180	781	446	8	0	8	0
0.155000	37.854586	258	329	1309	851	8	0	8	0
0.131000	38.893883	217	273	1150	702	12	0	11	1
0.241000	37.191039	430	503	2597	1383	11	1	10	0
0.152000	39.361335	247	334	1508	841	9	0	9	0
0.119000	39.615006	192	255	1031	645	8	0	8	0
0.195000	38.283747	366	432	2040	1127	11	0	11	0
0.247000	38.306213	432	517	2567	1341	8	0	8	0
0.131000	36.197884	214	267	1167	701	15	0	15	0
0.066000	37.888435	102	172	640	387	9	0	8	1
0.074000	38.831579	131	205	908	505	7	0	6	1
0.726000	39.832064	410	499	2396	1323	9	1	8	0
0.372000	41.771751	654	752	3504	1975	11	0	11	0
0.268000	41.155714	456	523	2270	1409	11	1	10	0
0.232000	42.230508	412	458	2180	1233	11	0	10	1
0.159000	40.179134	270	327	1314	855	9	0	9	0
0.158000	44.276212	262	321	1371	827	10	0	9	1
0.159000	41.535001	247	328	1604	851	7	0	7	0
0.340000	43.039602	579	650	3247	1751	11	0	11	0
0.136000	38.747536	233	288	1125	731	13	0	13	0
0.234000	38.366233	400	484	2181	1260	12	0	12	0
0.248000	45.429296	400	489	2694	1261	10	0	10	0
0.295000	46.426189	515	599	3074	1565	11	1	10	0
0.257000	45.862423	437	501	2134	1346	16	1	14	1
0.145000	45.569013	211	295	1140	752	9	0	9	0
0.446000	44.989006	787	878	4490	2394	10	0	10	0
0.211000	43.096663	374	437	1971	1186	13	0	13	0
0.291000	46.194347	531	607	2867	1581	11	0	11	0
0.244000	43.645731	296	364	1634	938	12	0	12	0
0.162000	43.037161	306	332	1244	876	14	0	14	0
0.348000	45.124829	606	684	3404	1871	11	0	10	1
0.271000	47.703991	448	520	2473	1410	8	0	8	0
0.455000	50.569355	823	901	4447	2454	8	0	8	0
0.346000	47.690058	618	711	3436	1876	7	0	7	0
0.304000	44.879123	542	581	2786	1602	14	0	13	1
0.373000	44.530676	651	754	4273	2044	15	0	15	0
0.224000	46.647559	391	462	2273	1216	9	0	9	0
0.252000	47.175054	463	537	2532	1386	13	0	13	0
0.370000	45.238090	658	774	4031	2031	12	0	12	0
0.208000	47.452499	359	428	2266	1128	11	0	11	0
0.176000	49.115646	312	384	1674	990	12	0	12	0
0.374000	49.376423	687	746	3502	2046	16	0	16	0
0.265000	53.475135	449	548	2847	1423	9	0	9	0
0.249000	46.791578	430	516	2521	1335	13	0	13	0
0.351000	50.543627	680	757	4015	2050	16	0	16	0
0.165000	52.726187	255	363	1806	921	10	0	9	1
0.276000	53.464046	484	581	2856	1524	14	0	14	0
0.165000	49.639887	286	349	1286	895	11	0	11	0
0.256000	50.491921	423	515	2607	1358	14	0	14	0
0.236000	52.999503	387	501	2668	1299	12	0	11	1
0.284000	51.973351	520	605	3193	1592	14	0	13	1
0.452000	56.033619	853	942	4570	2584	16	0	16	0
0.609000	54.174611	1107	1206	6727	3302	16	0	15	1
0.475000	52.248642	835	910	4422	2524	16	0	16	0
0.304000	52.594812	539	632	3308	1675	11	0	11	0
0.262000	53.464419	455	507	2443	1403	16	0	16	0
0.361000	53.673042	649	711	3724	1949	15	0	15	0
0.253000	53.480043	439	505	2254	1344	18	0	18	0
0.390000	50.649753	708	777	3937	2065	16	0	16	0
0.379000	53.801778	631	720	3202	1906	16	0	16	0
0.617000	54.486071	1090	1203	6759	3287	15	1	14	0
0.668000	58.507017	534	618	3172	1637	14	0	14	0
0.685000	56.341209	1191	1267	6721	3445	19	0	19	0
0.329000	56.266171	579	656	3530	1750	18	0	18	0
0.493000	54.257452	853	935	5161	2501	18	0	18	0
0.197000	58.535642	313	398	1780	1007	16	0	15	1
0.398000	56.828137	685	824	4325	2146	16	0	15	1
0.550000	59.087969	952	1099	6164	2935	12	1	10	1
0.247000	57.439856	426	522	2307	1362	15	0	14	1
0.219000	53.926039	396	443	1507	1181	14	0	14	0
0.536000	58.265880	840	945	5390	2499	16	0	14	2
0.526000	61.921079	988	1056	5314	2893	20	0	19	1
0.467000	57.408809	831	914	5074	2497	13	0	13	0
0.366000	56.554358	665	756	4193	2019	17	0	16	1
0.289000	58.371985	460	567	2706	1477	16	0	15	1
0.654000	62.989837	746	821	4019	2175	14	1	13	0
0.378000	60.436010	634	738	3834	1996	19	0	18	1
0.317000	60.499870	555	644	3318	1685	17	0	16	1
0.633000	55.939318	846	920	4269	2447	19	1	18	0
0.407000	63.281180	734	861	4740	2265	14	0	14	0
0.341000	60.356751	616	701	3335	1855	20	0	19	1
0.499000	64.590757	884	975	5556	2649	21	0	21	0
0.643000	65.361057	1115	1244	7374	3328	14	0	13	1
0.316000	63.204230	543	643	3188	1689	20	0	19	1
0.253000	64.705320	473	529	2551	1409	13	0	12	1
0.574000	64.649743	880	991	5431	2610	17	0	15	2
0.797000	59.710775	1188	1312	6775	3487	18	0	18	0
0.374000	63.172350	692	770	3471	2021	16	0	16	0
0.333000	62.964845	580	664	3311	1804	13	1	12	0
0.437000	63.802669	774	899	4889	2400	13	0	13	0
0.739000	60.819841	1405	1524	7872	4105	18	0	17	1
0.551000	69.830643	920	1025	5966	2749	14	0	14	0
0.354000	68.909610	671	777	4279	2054	16	0	14	2
0.415000	67.533945	726	817	4401	2200	16	0	16	0
0.678000	68.663568	1052	1125	6810	3050	14	0	14	0
0.726000	66.862190	830	960	5004	2519	16	0	16	0
0.715000	67.585638	643	721	3864	1971	17	1	16	0
0.829000	69.359898	430	523	2711	1377	15	0	14	1
0.641000	68.407673	1124	1278	6747	3390	18	0	18	0
0.302000	68.915854	467	592	3233	1547	13	0	12	1
0.987000	69.875245	1708	1857	10842	5021	17	0	17	0
0.420000	72.906651	686	787	4699	2096	20	0	19	1
0.517000	73.868621	916	1018	5101	2751	19	0	19	0
0.637000	69.317878	1089	1166	6184	3150	19	0	19	0
0.382000	66.402527	617	723	3684	1922	20	0	20	0
1.181000	72.460325	2142	2280	12933	6221	18	0	18	0
0.443000	70.023174	757	875	4917	2326	23	0	22	1
0.395000	70.808872	664	745	3692	1985	17	0	16	1
0.485000	67.802942	860	946	5167	2670	18	0	18	0
0.333000	71.998704	599	692	2909	1818	19	2	17	0
0.561000	67.920509	1012	1103	5464	2970	16	0	16	0
0.393000	72.688397	680	767	4177	2043	21	0	19	2
0.325000	71.521607	550	647	3524	1708	16	0	16	0
0.328000	71.387561	557	661	2892	1745	19	0	19	0
0.574000	72.046793	1036	1140	6716	3127	22	1	20	1
0.498000	72.044922	825	975	5579	2551	24	0	24	0
0.587000	70.265290	983	1089	5433	2897	24	0	24	0
0.645000	71.109980	1140	1267	7332	3354	23	1	22	0
0.397000	75.746898	735	821	4137	2203	21	1	19	1
0.556000	76.725754	1007	1130	5180	3015	17	0	17	0
0.461000	72.283875	834	917	4996	2481	21	0	20	1
0.465000	78.470825	794	878	4791	2368	19	1	18	0
0.566000	79.261834	1007	1082	5377	2914	18	0	18	0
0.681000	80.427520	1126	1254	7550	3384	17	0	17	0
0.901000	75.513549	1181	1263	6008	3472	22	0	22	0
0.494000	78.962101	880	1026	5497	2687	20	0	20	0
1.186000	77.954448	1337	1465	9011	4001	17	0	17	0
0.508000	79.109863	882	1015	5234	2703	25	1	24	0
0.399000	75.511530	732	808	4363	2214	22	0	22	0
0.579000	75.292755	1060	1181	6889	3191	23	1	22	0
0.674000	77.888059	1263	1395	7577	3774	21	0	20	1
0.465000	81.754952	866	965	4892	2615	18	0	18	0
0.445000	82.109038	762	913	5285	2441	19	1	18	0
0.744000	79.574306	1292	1460	8526	3859	22	0	22	0
0.337000	79.297724	607	728	3120	1901	22	0	21	1
0.731000	84.042798	1345	1447	8457	3902	18	0	16	2
0.542000	80.309650	970	1082	5547	2952	22	0	22	0
0.994000	80.494346	1881	2026	11691	5544	26	2	23	1
0.878000	82.563709	1599	1722	9561	4730	20	0	20	0
0.674000	75.541127	1257	1365	7710	3707	21	0	21	0
0.699000	83.148916	1404	1475	7657	3997	18	0	18	0
1.810000	83.617323	2309	2493	14788	6782	25	1	24	0
0.853000	81.095756	1643	1765	10588	4759	23	1	22	0
0.513000	84.151221	885	1076	6133	2849	16	0	15	1
0.912000	84.271317	1675	1821	11459	4980	23	0	23	0
0.831000	79.192957	1581	1682	9286	4555	18	0	18	0
0.586000	82.709552	1098	1163	6050	3112	23	0	22	1
0.515000	84.343723	1007	1108	5891	2974	22	0	21	1
0.943000	83.255697	1929	2049	12508	5593	23	1	22	0
1.076000	89.054473	2037	2167	13016	5985	23	0	23	0
0.939000	84.524459	1757	1896	10983	5159	24	1	22	1
0.381000	85.429838	699	864	5101	2278	24	0	23	1
0.960000	87.511328	1986	2109	12777	5728	24	1	23	0
0.504000	84.630273	979	1052	4560	2830	24	0	24	0
1.386000	87.182452	1272	1398	7619	3807	23	0	23	0
0.866000	83.009413	1498	1596	8466	4399	28	0	28	0
0.694000	82.489871	1331	1464	8048	3901	25	0	24	1
0.943000	87.842506	1748	1869	11377	5167	20	0	20	0
1.041000	85.700081	1865	1984	12903	5409	20	0	20	0
0.697000	87.745456	1262	1391	8209	3784	22	0	22	0
0.874000	87.229690	1671	1787	10847	4896	22	0	22	0
1.134000	89.129581	2371	2479	14776	6871	24	0	24	0
0.664000	88.687031	775	882	4752	2343	23	0	23	0
2.057000	86.905170	1763	1894	11482	5143	21	0	19	2
0.996000	89.635719	1491	1623	9743	4420	23	1	20	2
1.114000	88.146124	1567	1709	9740	4682	30	0	28	2
0.963000	92.484397	1599	1763	9894	4809	22	0	21	1
1.224000	91.274969	1551	1687	10281	4639	22	0	21	1
1.097000	87.017212	1609	1695	10249	4576	29	1	28	0
0.744000	89.773331	1071	1160	5797	3121	24	0	21	3
1.412000	92.069727	2007	2143	13729	5860	24	0	23	1
1.549000	89.592891	2499	2602	15561	7191	26	0	26	0
1.464000	96.741708	2506	2646	13627	7273	24	1	23	0
0.888000	92.652383	1600	1715	9875	4715	23	1	20	2
1.550000	93.132153	2772	2924	16999	7926	20	0	19	1
0.814000	91.782683	1536	1616	8863	4444	28	0	28	0
0.609000	92.987627	957	1014	4645	2774	25	1	24	0
5.798000	96.327876	3501	3680	23266	10086	24	0	24	0
0.936000	95.348931	1766	1867	11339	5083	25	0	25	0
0.991000	93.100629	1901	2015	11084	5457	25	0	25	0
0.978000	96.025291	1748	1907	11583	5185	24	0	24	0
0.731000	97.485087	1260	1407	8957	3779	29	1	28	0
0.600000	93.190957	1086	1216	6800	3261	28	0	28	0
0.569000	96.934070	1074	1160	5752	3184	26	0	26	0
0.881000	92.989180	1586	1723	9306	4642	23	0	22	1
0.815000	92.380806	1587	1718	10005	4633	27	0	26	1
0.943000	94.373916	1733	1864	11651	5085	26	0	25	1
0.762000	96.122995	1563	1746	10280	4704	25	2	22	1
0.572000	91.974500	1004	1162	7071	3107	16	2	14	0
1.268000	94.509929	2538	2685	16551	7368	29	0	28	1
0.709000	96.065393	1519	1648	10576	4491	25	0	25	0
0.734000	96.977263	1331	1472	9194	4038	26	1	25	0
0.808000	100.697503	1506	1628	9837	4416	21	0	21	0
0.714000	98.998707	1308	1445	8064	3906	24	0	23	1
0.995000	101.940812	1910	2093	11325	5616	23	1	22	0
0.773000	97.800119	1376	1513	8453	4033	32	0	32	0
0.516000	100.771052	890	1035	5854	2790	25	1	23	1
0.605000	96.893955	1113	1225	6205	3280	25	0	24	1
0.589000	98.465976	1066	1249	6992	3244	22	0	21	1
1.344000	99.020458	2651	2747	16469	7524	27	0	27	0
1.154000	99.970531	2140	2368	14536	6354	26	1	24	1
0.837000	101.093361	1847	1971	11226	5336	24	0	24	0
1.145000	104.120274	2066	2306	13743	6250	30	0	30	0
1.601000	100.705812	3041	3209	18668	8762	29	0	29	0
1.192000	105.414714	2191	2348	14901	6387	25	0	24	1
0.797000	106.161329	1426	1557	8191	4268	25	0	24	1
1.510000	102.137806	2004	2110	11442	5803	31	1	30	0
1.026000	98.159851	898	979	4659	2617	28	0	27	1
1.329000	103.264138	1941	2066	11702	5571	29	1	28	0
1.087000	106.539311	2106	2182	12717	5988	19	0	18	1
1.016000	104.831669	1951	2080	11626	5728	26	0	24	2
1.247000	111.937130	2327	2489	15168	6863	26	1	25	0
1.259000	106.544699	2371	2494	15542	6854	23	1	22	0
1.530000	105.532790	2855	3030	18030	8280	30	1	29	0
1.106000	105.324378	2237	2377	15290	6543	27	0	26	1
3.361000	105.834829	3868	3996	24387	11031	29	1	28	0
2.128000	107.220306	3042	3181	19815	8772	35	0	35	0
2.179000	103.651512	2482	2679	16944	7239	31	0	31	0
2.014000	104.478556	2801	2972	19746	8217	28	0	28	0
2.403000	107.724832	3375	3542	22777	9773	25	0	23	2
1.286000	105.740851	1835	1941	12101	5347	29	0	29	0
2.385000	108.633189	3213	3435	21925	9404	27	1	24	2
0.700000	106.482350	1100	1221	6621	3322	30	0	30	0
1.107000	108.416065	1663	1885	12053	5081	29	2	27	0
1.340000	109.444647	2290	2450	15689	6811	31	0	30	1
0.635000	113.396735	1133	1308	7787	3474	24	0	18	6
0.753000	110.509017	1362	1487	8092	4040	32	0	32	0
1.325000	109.222311	2466	2588	16437	7102	25	1	23	1
1.302000	110.887196	2452	2648	18312	7253	30	0	29	1
1.018000	105.937952	1945	2041	10078	5573	33	0	33	0
1.115000	104.635924	2055	2262	13710	6075	28	0	27	1
1.080000	112.989313	2120	2223	13273	6176	31	1	30	0
0.657000	114.852317	1210	1344	7299	3595	26	1	24	1
1.069000	111.734595	1909	2094	12846	5771	27	1	26	0
1.374000	107.848406	2574	2693	15669	7421	31	0	31	0
1.228000	111.216776	2343	2429	13722	6684	31	0	31	0
1.702000	113.638064	3189	3295	21795	9119	32	1	31	0
0.909000	109.296647	1706	1847	11221	5030	31	0	30	1
0.882000	115.434882	1548	1704	10621	4688	29	1	27	1
1.027000	107.482241	1954	2064	12200	5710	28	0	28	0
1.387000	115.718816	2603	2793	18839	7678	30	1	28	1
0.961000	110.397933	1689	1875	10979	5044	31	1	28	2
1.631000	112.458872	3076	3272	19313	8958	31	0	31	0
1.586000	114.583552	2925	3110	21163	8491	33	0	32	1
1.712000	113.659539	3135	3300	22987	9036	31	0	30	1
1.141000	116.807324	2313	2488	15483	6836	27	1	25	1
1.092000	119.493973	1927	2139	12974	5789	29	1	28	0
1.165000	116.305967	2226	2324	13448	6410	30	0	28	2
1.129000	116.498347	2072	2281	14435	6115	28	0	25	3
1.327000	116.843052	2453	2650	17491	7263	33	2	30	1
1.288000	120.003881	2418	2621	14572	7135	30	0	29	1
1.726000	115.559110	3178	3340	20235	9161	29	0	29	0
1.445000	117.768441	2827	2950	17550	8105	38	0	37	1
0.805000	121.033208	1469	1660	9283	4501	33	2	31	0
1.341000	114.109793	2558	2700	14991	7350	29	0	29	0
1.473000	120.883514	2780	2925	19459	8093	31	0	31	0
0.801000	117.894623	1482	1617	8839	4407	29	0	28	1
1.701000	117.445213	3076	3292	21949	9058	31	0	31	0
0.895000	116.395256	1751	1829	10184	4971	28	0	28	0
0.982000	117.352113	1869	2003	11320	5385	33	1	31	1
0.865000	120.232526	1583	1712	9101	4678	32	0	32	0
1.575000	119.928950	2895	3049	18445	8304	33	0	33	0
1.112000	120.185687	2322	2426	12563	6795	35	0	35	0
1.047000	121.870091	2092	2207	11618	6003	33	0	32	1
1.542000	120.214500	2839	3027	18825	8224	34	0	34	0
1.031000	122.785686	1930	2060	11755	5561	31	0	31	0
1.574000	119.951103	2934	3069	17781	8391	36	0	35	1
0.876000	116.248930	1612	1756	11044	4744	31	0	29	2
0.827000	120.463974	1551	1660	8587	4579	34	0	34	0
1.875000	122.488910	3567	3764	26306	10244	28	1	26	1
1.360000	120.709687	2665	2750	16627	7592	32	1	31	0
2.419000	122.304320	4365	4574	31087	12631	36	1	34	1
1.303000	126.185593	2490	2601	16087	7194	32	1	29	2
1.476000	127.372993	2607	2802	18779	7745	26	0	26	0
2.363000	126.647249	4672	4890	30703	13413	35	0	35	0
1.920000	130.187886	3708	3840	23726	10556	33	0	32	1
1.955000	127.299826	3480	3656	23429	10037	33	1	31	1
1.429000	126.324253	2682	2817	16294	7755	38	0	34	4
1.224000	122.362922	2369	2524	14473	6861	38	0	37	1
1.142000	124.919013	2087	2247	14406	6155	34	1	33	0
1.418000	121.799544	2256	2335	13222	6473	41	0	40	1
2.954000	126.519992	3523	3644	22654	10017	36	1	35	0
1.399000	125.203568	2034	2172	12641	5870	35	0	34	1
1.887000	124.191420	2745	2908	16973	7961	41	0	41	0
1.228000	126.171505	1891	1969	9628	5362	32	1	31	0
1.214000	133.665209	1656	1848	11076	4987	31	1	29	1
1.303000	126.158234	2040	2176	11981	5964	38	0	37	1
2.955000	131.512789	4574	4856	34020	13277	34	0	32	2
1.359000	126.138657	2640	2760	14347	7481	39	1	38	0
1.332000	128.065574	2650	2741	15350	7553	31	2	29	0
2.163000	128.647603	4056	4215	25606	11683	36	0	36	0
1.496000	135.210646	2870	2998	17348	8169	34	1	32	1
1.712000	133.050458	3084	3229	20542	8866	34	1	32	1
2.164000	136.421103	4031	4189	26371	11629	35	0	35	0
1.897000	133.284068	3510	3704	22139	10107	37	0	35	2
1.454000	132.206431	2663	2825	18402	7745	34	1	33	0
1.035000	130.660681	2026	2180	11216	5919	41	0	39	2
1.103000	131.343914	2044	2175	12184	5954	34	0	33	1
1.391000	128.081291	2826	2966	19298	8188	40	1	38	1
1.601000	130.470796	2934	3104	20351	8402	40	1	37	2
2.264000	134.633567	3357	3508	23527	9597	34	2	32	0
2.451000	140.246989	2642	2835	17234	7809	35	0	35	0
3.435000	137.768770	4822	5064	32012	13937	32	1	30	1
2.406000	140.685544	4086	4288	30391	11814	35	1	33	1
3.016000	136.123457	5075	5219	35113	14371	40	1	39	0
2.732000	132.551741	4096	4329	27877	11889	36	0	36	0
1.450000	136.880347	2650	2814	16817	7680	37	0	37	0
1.339000	132.945254	2470	2575	15354	7078	38	1	37	0
1.724000	132.984238	3097	3238	22027	8857	38	2	36	0
1.986000	131.689267	3762	3924	21859	10772	40	0	40	0
1.159000	132.114133	2296	2525	15890	6814	39	0	38	1
1.728000	139.183601	3391	3519	21027	9625	36	0	35	1
1.127000	140.936168	2101	2281	13763	6185	37	1	34	2
2.113000	138.386914	3978	4140	25702	11424	42	0	42	0
1.729000	138.390958	3252	3471	24814	9589	40	0	38	2
1.104000	137.945632	2258	2420	15164	6557	44	1	41	2
5.694000	137.252228	3563	3793	25979	10363	41	1	40	0
2.101000	139.685290	2046	2151	12201	5880	33	0	33	0
1.985000	143.453103	3748	3908	25535	10736	32	0	31	1
1.506000	136.841758	2680	2860	17242	7806	35	1	33	1
2.675000	141.006815	5149	5284	34036	14669	39	1	38	0
2.376000	140.731267	4648	4776	27053	13077	40	0	40	0
1.315000	147.196410	2410	2602	16280	7076	36	1	34	1
1.127000	138.242915	2164	2245	12906	6141	34	1	32	1
1.558000	142.914571	2957	3054	19570	8428	35	1	33	1
2.732000	138.242613	5022	5256	34780	14476	49	2	46	1
3.450000	139.858659	3672	3829	24804	10488	46	1	45	0
1.818000	140.906870	3259	3493	24578	9479	34	0	34	0
1.583000	145.515930	2831	3036	19878	8332	36	0	33	3
2.462000	147.174016	4588	4798	32542	13235	35	0	33	2
1.566000	143.488048	2911	3103	21557	8533	38	0	37	1
2.466000	144.622650	4625	4797	30667	13307	39	0	39	0
2.107000	143.746867	3980	4126	25658	11372	35	2	33	0
1.531000	148.955682	2883	3091	19929	8431	36	1	35	0
2.097000	143.790562	4045	4195	25316	11576	36	0	36	0
2.795000	144.300757	4890	5061	30634	13918	41	0	41	0
2.546000	148.108213	3902	4174	29802	11466	36	1	35	0
1.902000	146.424992	2409	2650	18507	7207	40	0	39	1
2.442000	141.818961	3482	3645	22083	9941	37	0	37	0
2.045000	141.380138	3302	3489	21801	9643	46	2	43	1
2.040000	148.084862	3701	3881	23710	10638	36	0	35	1
3.470000	147.954548	6149	6354	42267	17688	42	1	41	0
2.636000	148.221574	4860	5019	35836	13808	41	0	39	2
1.158000	145.874669	2218	2317	13037	6321	35	1	33	1
2.438000	150.775807	4594	4884	32632	13470	40	0	40	0
1.833000	145.800341	3531	3641	21336	10021	40	0	40	0
2.112000	148.787835	3902	4036	25979	11131	41	1	40	0
2.964000	142.894294	5378	5565	37632	15342	47	0	47	0
2.815000	148.849593	5234	5425	36082	14823	40	0	39	1
2.263000	153.812556	4226	4406	27354	12184	32	0	32	0
1.546000	142.676280	3081	3172	16560	8754	38	0	37	1
2.242000	153.793380	4059	4241	25901	11760	44	2	42	0
1.794000	152.752696	3137	3341	20526	9196	35	0	35	0
1.987000	152.768253	3767	3967	24379	10900	38	0	37	1
3.526000	148.834500	6704	6891	44294	18940	39	0	39	0
1.829000	152.976529	3390	3566	21396	9793	44	1	43	0
1.766000	157.508401	3416	3585	22078	9885	39	0	35	4
1.788000	155.821392	3261	3394	19777	9329	46	1	41	4
2.582000	150.548101	4828	4984	34865	13714	41	0	39	2
1.152000	152.137145	2165	2328	13173	6378	44	0	43	1
1.972000	150.547616	3686	3805	22072	10570	38	2	36	0
2.745000	153.361357	4486	4663	27931	12762	39	0	39	0
2.418000	156.749740	4453	4629	30163	12808	40	0	40	0
3.020000	154.853361	5335	5488	35597	15233	42	0	42	0
4.194000	155.458935	7139	7312	46678	20196	39	0	38	1
1.992000	154.955710	3581	3798	24301	10438	44	0	43	1
3.063000	154.176404	5346	5577	37145	15405	39	0	37	2
3.170000	156.239329	5702	5970	44470	16505	35	1	32	2
3.772000	153.870308	6431	6664	46168	18347	43	0	43	0
3.395000	153.897029	6326	6510	41831	17859	40	0	40	0
2.659000	156.512711	4708	4858	27289	13388	38	0	38	0
1.815000	156.872247	3463	3525	21321	9757	47	1	44	2
1.611000	161.742467	2918	3093	17232	8449	34	1	33	0
1.766000	156.267523	3113	3349	21641	9211	39	0	38	1
2.483000	160.112185	4472	4649	28670	12821	45	0	43	2
1.950000	154.743623	3117	3274	19766	9084	43	0	43	0
2.194000	157.558372	3509	3725	23977	10194	40	0	39	1
2.621000	158.325054	4775	4945	30739	13659	43	2	41	0
4.000000	154.383402	5530	5687	38960	15772	51	0	51	0
2.237000	157.560144	3864	4004	25924	10981	40	0	40	0
3.009000	162.448960	5175	5354	37118	14778	37	3	34	0
2.250000	163.923290	4046	4216	27886	11623	43	1	42	0
3.207000	160.302461	6081	6245	40902	17294	45	0	45	0
3.025000	163.494659	5166	5373	36811	14937	47	0	46	1
2.832000	163.621774	4692	5004	37520	13714	42	2	40	0
5.417000	166.874206	9236	9494	62168	26210	41	0	40	1
2.128000	161.999114	3941	4150	27849	11403	42	2	40	0
1.708000	162.383566	3058	3264	20178	8901	44	0	43	1
4.819000	163.540514	8322	8513	54723	23535	50	2	47	1
2.585000	163.031770	4390	4613	33323	12750	40	0	39	1
3.508000	165.276956	4241	4489	28836	12337	46	1	44	1
3.178000	160.308737	5150	5313	35833	14741	44	1	43	0
1.857000	168.295107	3194	3378	21764	9233	36	0	35	1
2.367000	163.012170	4419	4599	28399	12609	46	0	46	0
3.655000	164.464968	6698	6870	44175	19001	48	0	47	1
1.674000	158.585694	3089	3237	20117	8873	49	0	48	1
3.284000	166.896980	5876	6069	42405	16813	43	1	41	1
2.718000	167.394793	4977	5120	35377	14159	40	1	37	2
1.695000	166.523930	3116	3287	19835	8921	49	2	45	2
3.924000	166.166624	6767	6984	48520	19363	43	1	41	1
1.934000	164.149517	3378	3573	21597	9818	42	0	41	1
4.926000	165.553796	8355	8533	61836	23669	45	0	43	2
6.379000	171.036969	8847	9128	61227	25244	41	0	41	0
3.135000	167.544250	5523	5729	39292	15801	47	1	44	2
2.861000	169.780084	4904	5124	33439	14122	46	1	45	0
3.761000	162.596297	6558	6757	45177	18774	46	0	46	0
2.392000	168.725057	3762	3901	23373	10714	49	0	48	1
3.046000	168.491335	5282	5539	39040	15267	43	0	41	2
3.194000	169.961474	5722	5903	38301	16261	43	1	41	1
2.689000	169.347085	4950	5133	32068	14124	43	1	40	2
3.637000	168.904587	6314	6526	41761	17941	43	0	43	0
2.480000	165.915011	4639	4845	34702	13327	53	0	53	0
2.911000	168.614402	5140	5362	33606	14710	46	1	43	2
4.543000	173.718893	6781	7028	50663	19340	43	0	41	2
3.150000	169.912935	5733	5923	39441	16480	44	0	44	0
2.476000	169.068313	4398	4601	30818	12586	50	1	49	0
3.035000	170.184102	5720	5870	39506	16377	50	0	48	2
2.850000	175.889132	5222	5504	39630	15101	45	0	45	0
3.023000	165.422036	5854	5985	38692	16449	44	0	43	1
5.225000	169.330959	6902	7069	46316	19497	49	0	49	0
3.093000	167.929203	4630	4879	33597	13449	45	0	45	0
4.040000	171.374243	5727	5930	41329	16313	49	1	47	1
3.110000	174.200337	4385	4547	29447	12480	42	0	41	1
3.927000	179.425372	5822	6031	43247	16652	45	1	44	0
4.374000	177.347482	7885	8061	56403	22405	43	1	41	1
2.188000	174.870016	3923	4231	26889	11508	46	0	45	1
2.477000	172.898522	4523	4761	32580	13093	46	0	44	2
2.626000	172.033431	4932	5074	32363	13870	45	1	42	2
4.671000	176.298796	5692	5861	35965	16163	46	0	46	0
3.473000	171.477129	4971	5139	34433	14167	48	0	48	0
4.085000	172.172056	4606	4725	28815	12957	47	0	46	1
4.702000	175.056522	6585	6727	49028	18739	51	0	49	2
2.948000	173.236168	4267	4427	27703	12235	52	0	52	0
3.771000	176.277431	6233	6410	43542	17722	58	0	58	0
3.494000	180.583823	6056	6319	47014	17420	46	2	44	0
1.940000	178.827938	3596	3748	20998	10310	51	1	49	1
2.841000	175.088392	5158	5417	38018	14935	46	0	44	2
2.266000	176.240604	4307	4537	28828	12458	53	1	51	1
2.021000	183.296106	3709	4044	25693	10976	44	0	42	2
3.669000	175.241106	6220	6459	42328	17754	43	0	43	0
4.582000	178.574299	8405	8600	62453	23791	48	1	47	0
1.518000	182.084577	2903	3056	18838	8402	36	2	33	1
3.259000	182.851829	5943	6120	42948	16937	47	0	45	2
2.270000	176.269282	4315	4399	24766	12197	50	0	50	0
2.576000	179.596585	5019	5143	31179	14234	56	0	56	0
3.952000	180.315907	7189	7420	53695	20573	52	1	51	0
3.063000	179.815917	5906	6028	36788	16652	51	0	51	0
2.609000	177.728369	4834	4983	31398	13793	52	1	50	1
2.771000	179.864406	5087	5236	33430	14370	47	1	45	1
3.430000	177.177723	6585	6775	43030	18676	51	0	51	0
1.927000	179.166003	3636	3754	20267	10368	50	1	49	0
5.105000	181.813012	8893	9168	65933	25311	51	0	51	0
1.303000	180.657706	2245	2418	14623	6656	46	1	42	3
2.088000	187.106579	3731	3984	28768	10879	40	0	39	1
2.360000	186.565803	4144	4415	30790	12120	47	1	44	2
2.145000	177.915692	4011	4203	27603	11574	59	0	58	1
5.176000	180.565038	9652	9861	70827	27319	49	0	48	1
3.491000	185.655574	6752	7013	49790	19350	50	0	50	0
3.867000	183.854766	6900	7151	49745	19592	44	1	42	1
3.970000	179.014960	7548	7738	51058	21413	55	0	53	2
3.062000	181.478249	5645	5860	41484	16108	49	0	47	2
3.683000	197.649368	6359	6514	49167	18043	49	4	45	0
3.202000	187.322303	5944	6089	41516	16838	51	0	50	1
1.951000	190.455344	3580	3778	25154	10383	41	2	37	2
4.065000	184.595880	7373	7603	50982	21096	58	0	58	0
5.966000	188.157762	7635	7787	50511	21594	50	0	50	0
3.875000	186.828854	5643	5844	35457	16089	49	0	49	0
7.511000	184.968013	9407	9602	61146	26443	47	0	45	2
3.901000	185.957343	5427	5651	40447	15599	53	3	49	1
6.669000	192.931398	10539	10800	75227	29863	51	1	49	1
2.608000	185.582186	4937	5124	30545	14024	52	0	50	2
5.112000	188.907983	9491	9720	70202	26794	53	0	52	1
3.621000	188.507009	6406	6712	45716	18498	56	1	55	0
4.919000	187.281542	9159	9305	64639	25821	49	0	48	1
2.697000	191.041762	4893	5184	35002	14155	47	0	46	1
5.849000	190.703390	9770	9998	62174	27676	49	0	49	0
5.298000	188.764717	9724	10034	67195	27732	51	1	50	0
7.458000	190.025843	9038	9254	65656	25541	48	1	47	0
4.347000	188.976127	6350	6527	41779	18070	56	0	56	0
2.825000	195.289184	4810	5029	31938	13899	51	1	50	0
4.234000	186.579909	7726	8011	52805	21992	55	0	54	1
4.233000	192.830225	8100	8283	61099	22849	50	0	48	2
7.365000	194.244911	8904	9213	67699	25351	53	2	49	2
3.555000	193.698087	5338	5524	33575	15229	48	0	48	0
3.089000	188.788463	5189	5427	33597	14873	54	1	53	0
5.257000	195.035618	9439	9699	66156	26882	48	1	45	2
2.959000	196.015431	5527	5744	37366	15777	50	0	49	1
2.997000	196.816362	5675	5906	36824	16359	58	1	56	1
4.042000	194.299435	7647	7861	50773	21663	58	0	56	2
3.374000	198.935315	6299	6495	44028	18019	49	0	48	1
5.307000	190.133546	9607	9850	70284	27209	48	1	46	1
3.017000	199.821591	5698	5863	38226	16234	51	1	48	2
3.763000	196.278553	6958	7189	46405	19884	53	0	52	1
4.324000	195.647801	8114	8355	57929	23246	48	0	48	0
3.124000	197.453206	6014	6166	39198	17098	50	0	48	2
4.459000	195.378474	8060	8316	56269	22774	52	0	50	2
4.657000	197.043360	8527	8743	60995	24248	53	0	51	2
3.318000	192.019017	6452	6683	38951	18358	57	0	56	1
2.664000	192.539789	4819	5013	32977	13853	61	1	59	1
6.160000	198.850146	7577	7958	59508	21894	51	0	49	2
5.459000	200.031482	7658	7881	54610	21880	56	1	55	0
3.985000	196.329272	6699	6839	45872	18941	55	0	55	0
4.803000	197.939693	8768	8973	56768	24736	52	0	52	0
3.794000	197.102139	6169	6330	39777	17389	50	0	50	0
4.433000	200.870601	7921	8142	58409	22499	58	0	57	1
7.237000	205.240862	12752	13020	91432	36082	53	0	53	0
3.861000	201.595714	4623	4809	29393	13253	53	0	52	1
3.365000	204.835702	5848	6058	39635	16696	54	1	50	3
4.158000	202.183524	7574	7897	56007	21754	54	1	51	2
2.753000	205.064519	2981	3241	20124	8695	44	3	36	5
8.376000	205.511809	11772	12053	85350	33401	52	2	50	0
3.625000	203.362776	6656	6787	43179	18789	57	1	55	1
5.723000	207.489811	10196	10482	76671	28831	55	1	53	1
4.421000	200.660295	8402	8550	51990	23632	58	0	57	1
2.383000	205.145420	4648	4784	26372	13208	63	0	63	0
3.780000	199.407838	7135	7358	49554	20430	63	0	62	1
4.350000	206.042523	8032	8195	56436	22711	53	0	53	0
7.087000	202.875363	13120	13378	98631	37104	55	1	53	1
4.244000	207.952638	7862	8133	56198	22519	57	1	54	2
4.961000	200.703947	9314	9525	69937	26422	51	1	50	0
4.579000	206.754109	8183	8517	60736	23616	52	0	50	2
4.059000	205.452952	7470	7704	50109	21268	52	0	49	3
6.098000	208.443982	8855	9087	66236	25249	57	0	55	2
4.810000	207.229567	6723	6954	48029	19237	57	0	55	2
5.944000	202.435746	9030	9228	62287	25416	59	1	57	1
4.085000	204.594703	8047	8226	47281	22714	55	0	55	0
2.294000	209.453869	4625	4776	26587	13174	52	0	52	0
5.565000	210.789978	9684	9919	71767	27482	47	0	47	0
4.792000	203.642767	8551	8824	62583	24246	52	2	48	2
6.383000	209.320790	11553	11891	88661	32945	50	0	50	0
5.022000	204.377622	8778	8999	65699	24814	56	1	54	1
3.975000	206.233542	7438	7606	50711	21022	58	0	58	0
2.293000	206.729453	4017	4183	25864	11487	56	1	52	3
6.501000	210.102925	8276	8558	57106	23640	54	1	52	1
6.768000	206.199468	10254	10485	71124	28973	66	1	65	0
3.300000	211.589403	5823	6115	44530	16802	50	1	49	0
3.991000	207.818211	7425	7637	49649	21033	58	2	55	1
2.181000	218.207322	4180	4371	27390	11989	45	1	42	2
4.888000	209.044952	8417	8742	62170	24240	58	0	57	1
3.047000	205.671822	5815	5909	36900	16411	63	1	62	0
2.492000	212.704262	4430	4671	32299	12811	54	0	51	3
2.900000	209.337924	5137	5350	35168	14664	46	0	45	1
5.180000	220.094545	9511	9730	69642	26969	51	1	50	0
3.599000	207.632301	6711	6847	44009	19046	62	0	61	1
7.194000	207.839841	13082	13337	95433	37048	62	0	62	0
5.517000	216.345224	10313	10442	68098	28964	58	1	57	0
5.290000	210.174507	8176	8428	54784	23313	58	0	57	1
7.139000	216.535342	10408	10690	76856	29487	57	0	56	1
3.519000	213.258846	6077	6291	42792	17452	56	0	56	0
5.961000	209.054381	10851	11062	80176	30653	65	0	65	0
4.520000	215.467938	8371	8703	63072	23866	57	1	56	0
5.628000	217.003329	10537	10719	71345	29733	55	1	54	0
4.684000	218.798659	8148	8252	59217	22915	61	1	56	4
7.071000	217.870685	9189	9351	59926	26036	55	0	53	2
5.015000	219.638701	7888	8104	53349	22400	55	1	54	0
5.698000	217.419081	9971	10275	73224	28322	63	2	60	1
5.019000	222.017999	9050	9336	70661	25787	53	2	48	3
4.558000	216.084805	5352	5531	34212	15259	58	0	57	1
7.008000	216.794047	9869	10100	75148	28045	61	0	59	2
3.045000	212.112429	5321	5539	36420	15175	58	0	54	4
2.132000	213.723819	4212	4394	26661	12085	55	1	51	3
3.765000	214.913835	6817	7113	47975	19548	65	0	64	1
6.357000	223.563368	11181	11570	85778	31970	55	1	53	1
7.289000	223.586422	11752	11891	86900	32950	57	3	54	0
6.466000	220.234923	8751	8934	62221	24754	63	1	61	1
4.737000	224.538437	7357	7501	53149	20835	57	2	54	1
3.313000	223.134958	6138	6262	41320	17288	55	1	52	2
2.750000	217.108849	5015	5159	32080	14202	58	1	56	1
4.681000	220.572895	8132	8401	61460	23274	58	0	58	0
5.270000	222.549297	9674	9993	72384	27644	56	0	55	1
7.090000	216.785365	12492	12701	95754	35283	66	0	66	0
5.438000	227.120079	9962	10198	70653	28193	52	1	49	2
5.513000	223.168537	10347	10657	80355	29535	56	0	56	0
3.220000	219.347288	6059	6228	41931	17227	59	0	58	1
6.644000	225.012105	12067	12280	88573	33995	58	0	57	1
5.818000	229.215671	10848	11065	76340	30903	61	0	58	3
5.274000	227.345400	10183	10494	78116	29090	60	1	56	3
9.211000	225.229041	13057	13411	100352	37121	61	0	61	0
3.863000	222.724993	5453	5705	39006	15736	56	0	55	1
4.753000	225.618264	7702	7894	58583	21822	52	2	50	0
6.503000	226.150808	11804	12155	83911	33565	61	0	59	2
6.970000	230.569764	12893	13106	94170	36443	58	1	54	3
3.085000	227.921798	6072	6313	39618	17341	60	1	57	2
4.932000	232.647592	8919	9239	66860	25425	53	2	48	3
2.763000	228.527510	5012	5217	32837	14398	60	1	56	3
5.553000	226.194606	10240	10445	68143	28870	64	1	63	0
4.236000	226.353074	7939	8170	55987	22763	61	0	60	1
3.958000	231.342957	7019	7319	52684	20105	58	2	53	3
4.840000	225.583387	9020	9315	63419	25587	63	1	61	1
8.021000	228.493068	14658	14895	107365	41248	54	1	51	2
5.116000	222.715056	6264	6502	43270	17869	67	0	66	1
7.619000	228.862101	10528	10891	82508	29967	60	0	58	2
4.629000	236.163986	8083	8340	59518	23161	54	1	53	0
4.249000	226.636947	8085	8184	52849	22698	71	1	70	0
6.457000	236.195757	11774	11971	86861	33204	62	0	62	0
10.014000	232.126572	18161	18654	133423	51644	61	1	59	1
7.585000	232.323767	13876	14067	103397	38989	62	1	61	0
7.313000	233.324362	13365	13638	105423	37912	62	2	59	1
4.165000	227.940839	7884	8129	56049	22274	66	0	64	2
3.120000	230.669661	5769	5933	35917	16413	59	0	59	0
3.108000	225.301487	6140	6319	39321	17559	61	2	57	2
5.075000	230.249702	9333	9661	70040	26511	61	0	60	1
7.746000	236.038504	13796	14078	98593	38994	65	1	63	1
4.303000	236.261160	7932	8209	59000	22687	66	0	65	1
6.298000	231.616491	11143	11513	84710	31715	62	0	58	4
3.946000	234.993054	7472	7670	52088	21299	65	1	64	0
6.346000	233.111953	11517	11814	92522	32709	64	2	61	1
8.028000	235.723733	12613	12857	94881	35623	57	1	56	0
6.040000	234.598347	8272	8600	59281	23760	62	0	61	1
4.985000	236.837002	7737	7934	53285	21972	62	1	60	1
6.781000	233.439598	12086	12370	91175	34199	66	1	64	1
4.665000	235.341463	8608	8817	61790	24354	62	1	59	2
6.049000	235.139014	11012	11354	76792	31279	60	1	59	0
7.636000	231.699764	13517	13702	90743	37942	66	0	65	1
6.034000	239.305741	10972	11314	77559	31163	57	0	57	0
5.303000	233.162240	6615	6939	48300	18923	70	1	68	1
10.857000	238.744855	15945	16343	120956	45149	60	1	54	5
7.628000	234.945778	14113	14402	106019	39988	66	0	66	0
7.545000	230.470633	10243	10508	74672	29045	67	0	67	0
5.222000	241.191995	7156	7435	55688	20680	54	2	49	3
6.248000	234.853149	10393	10657	82181	29476	65	2	63	0
4.508000	235.929853	8116	8310	52179	22919	67	1	65	1
8.896000	239.455315	15308	15612	118009	43299	67	2	65	0
8.676000	240.886606	15203	15512	110869	42985	62	1	61	0
7.759000	238.568450	14275	14511	99483	40247	61	0	60	1
9.221000	237.855837	16397	16728	117638	46271	60	0	60	0
4.683000	236.825140	6968	7134	45717	19804	64	3	61	0
6.336000	239.365534	8517	8720	65167	24165	64	0	62	2
7.998000	236.888211	14376	14641	102441	40504	65	1	62	2
6.778000	238.633927	12763	13070	90347	35965	61	2	56	3
3.983000	241.945426	6321	6548	42531	18197	63	0	62	1
3.700000	240.237153	6952	7233	45989	19898	65	0	63	2
5.738000	246.683041	10488	10823	79308	29914	62	0	61	1
3.962000	238.527100	7381	7532	46360	20834	72	0	71	1
6.207000	236.792885	11506	11737	82427	32408	71	0	70	1
5.899000	243.328537	11104	11366	79926	31434	67	2	64	1
7.063000	237.693309	13166	13372	93689	36948	72	0	71	1
4.854000	238.845721	9522	9792	70046	26984	63	2	59	2
5.338000	244.962191	9680	9968	73495	27668	73	2	69	2
8.758000	248.254346	11102	11372	81637	31458	58	1	55	2
9.334000	243.768138	14076	14363	99386	39851	63	0	63	0
4.456000	247.168798	7722	7995	56784	22129	64	2	61	1
5.504000	246.929277	9482	9752	75202	26969	63	1	61	1
6.747000	249.166226	12249	12508	94117	34635	61	1	58	2
3.374000	246.335650	6404	6619	42338	18131	68	0	67	1
4.471000	244.311155	8204	8488	58971	23310	73	0	71	2
3.762000	246.640617	6988	7229	50253	19985	65	0	64	1
8.462000	252.708358	12087	12353	82495	34166	59	0	58	1
8.620000	244.113687	13555	13881	101990	38442	75	0	75	0
4.288000	239.197307	8145	8347	53595	23083	73	1	71	1
3.982000	245.244693	7315	7606	49123	20844	66	1	62	3
7.812000	248.450964	14236	14554	101262	40316	65	0	65	0
4.952000	244.387363	9341	9540	60285	26415	73	1	71	1
9.538000	248.621638	12774	13069	93234	36107	71	0	71	0
4.282000	250.635746	6227	6407	36580	17750	70	3	67	0
8.720000	248.174670	14143	14350	101503	39882	71	0	70	1
5.186000	248.723619	9512	9604	63216	26710	73	0	72	1
3.678000	249.854754	7094	7291	40836	19998	65	1	64	0
4.937000	253.360239	8844	9192	66006	25214	67	2	65	0
7.445000	249.524112	12561	12876	89077	35699	67	0	67	0
8.833000	250.873955	14775	15111	118224	41878	65	1	63	1
4.545000	257.766783	7854	8077	55978	22245	64	3	59	2
6.783000	254.871608	11873	12171	88844	33684	64	1	62	1
6.911000	257.323943	12191	12445	89995	34318	62	1	57	4
4.587000	252.991706	8548	8685	54817	24122	73	1	71	1
5.029000	256.077882	9591	9870	62711	27170	65	2	62	1
7.805000	248.073664	14225	14477	102993	40226	71	1	70	0
5.696000	252.475001	10168	10391	76636	28585	65	0	62	3
4.018000	256.307446	7584	7826	57443	21625	64	0	63	1
6.465000	252.282395	11750	12043	87232	33202	69	2	64	3
5.316000	255.438715	9335	9652	70614	26692	70	2	64	4
3.289000	253.974293	5962	6155	39134	16967	70	0	69	1
5.794000	255.621084	9646	9975	74485	27537	66	1	65	0
6.119000	255.833597	10955	11177	81252	30993	66	0	64	2
9.521000	253.310557	16804	17246	125409	47739	70	0	69	1
6.152000	246.878479	11226	11366	73198	31617	74	0	73	1
5.949000	257.793006	10593	10828	78384	30077	66	0	64	2
5.633000	253.524526	8828	9028	60363	24917	70	1	68	1
11.175000	257.313197	15870	16095	126190	44702	65	1	64	0
9.109000	260.737578	16004	16239	121290	45069	64	0	62	2
9.619000	258.634483	17360	17673	131357	48944	64	0	64	0
3.912000	254.773697	7420	7576	45556	20980	71	2	69	0
6.628000	265.264328	11916	12268	93697	33927	64	0	61	3
3.318000	266.105946	6637	6773	41933	18787	65	3	60	2
6.378000	257.032668	11888	12117	82620	33430	76	1	71	4
9.960000	263.421504	14485	14807	113506	41015	67	2	63	2
7.643000	256.639376	10789	10942	81051	30427	72	1	69	2
5.075000	261.818781	9062	9212	57093	25492	74	0	71	3
3.958000	255.519905	7393	7607	50489	20944	78	1	74	3
3.916000	259.608498	6988	7408	51940	20273	72	1	70	1
6.703000	264.753761	12616	12810	93806	35545	62	1	60	1
7.167000	266.159401	13137	13424	96213	37210	74	1	71	2
7.961000	254.472712	14460	14753	110954	40895	76	1	74	1
5.918000	263.994966	11240	11574	82443	32056	75	2	72	1
3.797000	258.580436	7272	7462	49075	20698	70	2	66	2
7.199000	266.960039	12849	13217	99941	36679	59	2	55	2
7.248000	263.938492	10382	10723	82714	29560	71	0	69	2
5.550000	255.990233	8053	8275	56020	22806	72	0	70	2
6.572000	259.741459	9886	10267	80972	28245	76	1	73	2
5.022000	260.480741	9453	9675	66355	26794	71	0	68	3
5.002000	264.761316	8991	9251	67089	25601	71	0	71	0
3.960000	264.408999	7488	7799	53047	21437	69	2	64	3
6.022000	258.924649	10859	11181	80267	30802	78	0	77	1
6.509000	267.033467	10298	10544	73408	29327	74	0	72	2
8.421000	259.386470	14966	15237	110819	42077	69	2	67	0
5.557000	265.638654	10089	10515	77022	29121	73	0	71	2
6.874000	265.121406	10621	10926	76709	30146	68	1	65	2
5.494000	259.821515	9132	9344	58499	25739	70	2	67	1
9.427000	264.948146	14468	14685	105654	40642	70	1	69	0
8.022000	268.538224	14133	14557	105004	40142	65	0	65	0
5.617000	272.001007	10619	10890	75164	30298	73	1	70	2
7.445000	272.716632	13579	13832	106347	38386	72	0	72	0
6.531000	261.272024	9844	10111	70073	28054	76	1	74	1
10.235000	263.617373	14175	14444	98907	39885	81	0	78	3
4.445000	271.621728	7308	7585	50402	20921	68	2	66	0
5.233000	265.463967	9620	9929	68654	27450	70	0	70	0
8.219000	269.387096	15069	15356	114030	42555	75	1	74	0
6.026000	265.114847	10755	11033	80432	30445	81	0	79	2
3.626000	274.988266	7240	7351	47537	20437	68	1	66	1
5.266000	260.565935	9903	10110	71058	28125	82	0	82	0
6.387000	270.392107	11575	11914	88873	33009	68	1	66	1
7.770000	267.682422	12188	12509	97097	34835	81	4	75	2
8.235000	265.978412	15590	15723	113888	43768	72	0	72	0
7.032000	271.211645	12709	12984	95429	35969	81	1	79	1
3.893000	275.452354	7564	7756	50666	21500	76	2	72	2
9.852000	274.681938	13747	14075	97729	38875	73	0	73	0
9.774000	269.177967	16049	16291	106292	45282	74	0	73	1
9.857000	273.158103	17334	17710	125524	49128	66	0	65	1
4.079000	273.476822	7389	7667	57034	21101	76	0	75	1
6.003000	271.050449	11168	11451	77706	31516	73	1	72	0
3.471000	270.026225	6717	6862	37744	19050	80	1	77	2
8.779000	278.178727	14040	14265	95378	39513	79	0	78	1
8.420000	278.234740	14213	14534	105627	40337	70	1	69	0
10.686000	273.448275	15973	16235	117826	44843	72	0	70	2
9.306000	273.899345	16280	16643	132308	46094	71	0	68	3
10.431000	268.550096	16130	16387	117583	45229	78	0	78	0
6.537000	266.162126	9386	9605	62341	26468	78	0	77	1
10.509000	275.251185	16466	16721	123313	46313	73	0	73	0
14.748000	275.880331	21633	22018	175143	61125	80	0	79	1
8.187000	272.090263	15248	15419	104493	42594	77	1	76	0
7.295000	283.877561	13479	13834	108035	38322	72	1	69	2
7.312000	288.124275	13278	13481	96007	37334	65	2	61	2
9.392000	286.059772	15879	16435	129960	45410	66	1	62	3
8.994000	268.815572	16209	16458	117465	45624	85	1	84	0
8.095000	273.364638	11589	11911	86177	32848	85	1	83	1
11.323000	277.171812	17148	17411	132941	48370	75	0	75	0
10.878000	273.517190	18090	18331	128091	51016	80	1	78	1
8.988000	278.322944	13458	13759	97618	38022	78	0	76	2
10.082000	283.705113	14498	14697	97584	40697	71	0	70	1
6.376000	284.625368	10504	10661	69697	29585	70	3	65	2
3.894000	278.389393	7144	7323	47335	20277	81	2	78	1
7.347000	281.493839	13314	13592	97617	37629	77	1	74	2
8.704000	279.750620	15519	15837	115487	43820	78	0	76	2
7.581000	277.453865	13527	13837	103885	38288	75	0	73	2
7.110000	279.583018	12215	12556	90103	34630	74	1	72	1
7.245000	285.922714	13953	14145	102758	39344	76	1	74	1
11.063000	292.212394	19137	19522	146598	54147	67	0	66	1
9.276000	278.201614	16776	17135	127052	47317	69	1	68	0
5.546000	276.670774	10885	11078	70412	30672	78	1	77	0
4.985000	287.693507	9926	10066	66053	27939	79	3	75	1
4.408000	290.115737	8081	8493	64326	23398	72	2	68	2
9.025000	284.028265	12734	13129	101979	36369	76	0	75	1
9.350000	284.554292	12992	13420	104475	37157	79	1	78	0
8.032000	286.844830	14759	15085	107068	41761	79	0	79	0
9.369000	284.635537	17281	17630	128243	48599	77	0	76	1
6.561000	281.710899	11145	11344	72015	31319	77	1	76	0
7.503000	281.504626	12656	12957	95465	35740	85	0	83	2
7.304000	286.836914	13084	13426	100667	37136	80	0	77	3
10.115000	286.105968	17736	18078	133705	50266	75	1	72	2
12.060000	288.786590	18933	19156	135438	53195	79	1	78	0
7.693000	289.238360	13822	14023	95013	38839	68	0	66	2
5.132000	284.485033	9773	9971	69087	27670	83	2	77	4
9.948000	289.547681	12964	13339	97986	36713	76	2	71	3
6.182000	285.541333	9775	10027	68480	27853	77	2	75	0
10.667000	291.137060	18833	19229	149718	53162	78	1	75	2
9.102000	283.547704	16769	17067	115598	47160	73	0	72	1
8.998000	277.482516	16215	16522	115101	45470	79	0	77	2
8.693000	287.747841	12560	12778	94449	35549	87	1	83	3
5.950000	287.164476	9309	9406	53509	26091	73	0	72	1
11.258000	285.802713	20046	20282	150353	56482	75	1	74	0
8.147000	290.947018	14245	14652	116071	40509	76	0	74	2
5.309000	297.751661	10207	10379	65227	28816	77	1	73	3
8.957000	298.240773	12507	12796	91874	35530	73	0	68	5
7.491000	286.998374	10565	10811	77838	29980	89	1	84	4
10.272000	294.147732	16665	17146	132127	47415	74	1	70	3
11.636000	287.135082	17529	17757	123351	49044	78	0	77	1
13.247000	282.911769	22052	22362	164532	61943	84	1	81	2
14.918000	287.609060	21030	21287	160929	59060	79	0	79	0
7.302000	285.632001	12130	12412	90843	34266	88	0	86	2
12.902000	294.011547	22201	22723	176534	62980	87	2	82	3
7.869000	292.491474	14583	14981	106251	41588	78	1	75	2
10.559000	298.621006	17762	18276	133216	50429	72	1	70	1
4.174000	295.736404	7956	8223	53945	22855	84	0	82	2
9.902000	293.770432	18449	18839	137066	52376	79	1	78	0
10.607000	297.153133	13515	13885	104632	38252	78	0	75	3
7.465000	291.747354	12502	12788	97749	35242	78	2	72	4
8.399000	297.867948	14976	15300	117422	42328	81	1	76	4
8.107000	289.593589	14781	15047	104112	41523	75	1	72	2
7.670000	296.375542	14354	14586	104564	40703	82	0	80	2
10.433000	296.139945	18071	18468	141074	51263	80	0	76	4
14.096000	296.214967	21303	21824	163296	60403	79	0	79	0
11.330000	298.378126	16754	17064	126003	47261	85	0	84	1
7.892000	303.196806	14770	15057	112121	41756	71	0	71	0
12.186000	298.267161	21562	21928	168764	60730	78	0	78	0
8.062000	299.164850	14527	14784	107601	40968	77	0	76	1
5.316000	302.221697	9694	9948	71188	27581	75	2	73	0
8.659000	298.057171	14357	14675	112592	40731	84	2	81	1
8.749000	301.419101	16706	16928	110052	46827	74	0	73	1
10.110000	301.525889	17279	17737	141664	49084	79	1	77	1
10.015000	301.529583	14078	14411	103838	39861	70	0	69	1
11.802000	296.619538	18061	18372	141907	50918	83	1	79	3
9.339000	302.268782	17045	17379	129556	47955	71	0	67	4
8.896000	302.531113	16931	17124	119793	47653	87	1	84	2
14.444000	300.446211	22620	22974	173355	63858	86	1	85	0
11.590000	297.894357	16811	17109	128845	47431	93	1	91	1
8.930000	307.242239	16131	16646	132206	45912	72	0	71	1
12.740000	300.490651	21772	22247	178273	61696	93	0	92	1
5.884000	298.448504	10444	10846	79765	29899	85	0	83	2
8.909000	300.079690	13631	13859	85811	38505	85	1	83	1
6.420000	299.099015	9762	10041	65615	27625	92	0	90	2
8.438000	303.372189	13840	14089	98847	39086	79	1	76	2
8.235000	303.467171	14287	14515	101745	40168	85	0	84	1
3.687000	302.470579	7014	7248	43102	20020	75	0	72	3
6.132000	307.972528	11190	11478	87144	31792	78	0	77	1
10.079000	306.797488	19063	19456	140349	53755	80	0	77	3
13.904000	309.834490	24856	25107	186275	69871	82	0	80	2
14.209000	309.366127	24319	24603	179363	68223	80	1	79	0
13.489000	305.880752	20585	20997	168266	58221	80	2	77	1
9.966000	301.253845	15378	15620	104375	43446	74	1	73	0
7.892000	307.320599	14046	14281	105090	39527	79	2	76	1
13.820000	308.285642	24217	24591	179393	68378	75	1	74	0
5.285000	311.566122	9833	9988	73390	27723	75	2	71	2
11.646000	309.934741	20947	21319	168839	59166	81	0	80	1
5.054000	304.458519	9582	9759	66793	27073	81	3	75	3
11.262000	306.639318	14970	15274	113795	42454	84	1	80	3
9.025000	306.436722	15334	15620	113629	43230	85	2	82	1
10.645000	308.691235	18397	18809	150170	51996	85	2	81	2
5.891000	311.192510	10698	11016	81898	30504	83	1	80	2
9.889000	299.567174	17663	18144	135598	50080	95	1	93	1
11.856000	309.366476	21011	21360	158036	59180	82	1	81	0
9.332000	302.143266	16943	17272	123311	47881	96	0	96	0
7.399000	308.042339	13181	13474	98532	37134	79	2	75	2
5.944000	309.068351	10659	11169	81633	30858	89	0	87	2
12.236000	308.255742	21408	21788	173241	60263	86	1	79	6
10.102000	312.686722	17598	18048	141946	50038	87	1	82	4
11.679000	315.693766	16314	16614	118715	45956	77	1	74	2
10.139000	315.771443	16149	16246	114856	45146	80	1	79	0
10.460000	311.103817	14449	14808	115391	40994	93	1	89	3
5.251000	309.668431	8173	8400	53998	23272	86	2	81	3
7.791000	316.529736	13763	14107	101033	38990	74	4	70	0
19.202000	315.295755	27522	27922	217168	77385	78	2	75	1
9.664000	316.996284	17330	17559	131272	48533	81	1	77	3
15.652000	311.769608	26756	27204	219296	75384	92	0	90	2
14.556000	318.048041	19697	20236	156728	55866	91	1	89	1
9.261000	319.205173	15786	16172	128727	44712	87	1	84	2
10.702000	315.933801	15214	15573	121011	43142	79	0	77	2
8.206000	313.522324	13360	13678	97158	37989	86	1	84	1
6.936000	312.320910	12572	12872	93134	35833	100	2	97	1
13.376000	314.323799	22793	23286	178472	64349	84	1	83	0
13.255000	311.195486	17344	17841	139296	49290	84	1	82	1
13.549000	315.668396	23845	24183	185439	67231	82	0	80	2
10.262000	322.036057	14029	14312	103782	39738	78	3	74	1
5.543000	317.164736	8951	9302	61101	25623	82	0	81	1
14.122000	317.057944	23189	23543	179798	65431	90	1	88	1
5.062000	312.352062	9530	9725	62708	26989	92	1	89	2
10.383000	316.731256	15882	16162	111082	44684	88	0	86	2
6.422000	318.622707	9351	9471	58991	26303	88	0	88	0
11.180000	317.455404	18085	18487	145735	51210	90	1	88	1
9.996000	311.331373	17360	17689	122513	49133	85	0	83	2
17.115000	318.574234	27687	28129	222269	77945	84	2	75	7
8.831000	325.854646	15992	16473	130388	45569	73	0	73	0
13.592000	321.452241	23767	24160	179211	66745	82	1	81	0
8.459000	318.952118	14797	15080	113381	41744	88	3	85	0
6.873000	325.333206	12580	13065	97879	35946	78	0	76	2
6.750000	319.557536	12569	12849	88463	35418	95	0	90	5
4.498000	317.420195	9073	9295	58568	25623	101	0	100	1
8.640000	320.787433	15206	15642	120751	43088	83	0	79	4
8.725000	316.349197	15119	15463	117459	42879	90	0	89	1
6.477000	321.022484	12101	12298	83644	33997	75	2	72	1
9.468000	318.064931	15604	15888	117773	44137	93	3	89	1
14.589000	320.309267	25940	26216	190849	72693	89	0	88	1
7.739000	322.042292	12331	12510	78612	34571	86	1	84	1
14.169000	333.742386	25512	25851	198131	71650	79	0	77	2
9.623000	323.904762	14947	15347	117550	42399	89	1	87	1
13.757000	326.146586	19096	19413	149212	53816	81	0	78	3
12.730000	317.996502	21787	22224	168652	61447	97	2	93	2
9.251000	318.299474	16418	16742	129382	46377	87	1	83	3
9.424000	322.019383	14892	15321	112231	42301	92	0	92	0
6.733000	326.151207	10553	10717	64270	29782	86	1	85	0
9.872000	324.991425	17662	17996	133982	49799	89	1	85	3
11.893000	324.167910	21788	22008	169445	61135	91	1	88	2
9.100000	324.483359	16926	17094	119555	47394	89	0	88	1
13.483000	326.292853	19019	19455	148784	53924	83	1	76	6
9.921000	323.888228	11936	12380	89832	34041	99	3	94	2
7.635000	331.335933	12727	13097	100522	36083	93	3	89	1
13.969000	320.999913	20417	20664	143078	57515	98	2	96	0
11.262000	324.290620	18531	18964	142764	52584	95	0	93	2
5.160000	320.389285	8400	8579	56196	23778	98	3	94	1
12.207000	329.862517	17739	17976	134484	49692	82	2	78	2
9.095000	324.872263	15970	16368	121720	45299	88	1	85	2
11.393000	321.875430	20117	20670	155467	57005	95	1	94	0
12.355000	328.955641	19652	19850	142437	55065	88	0	87	1
9.356000	325.031844	17172	17535	131255	48401	94	0	91	3
20.340000	330.396228	30027	30346	240482	84330	88	0	87	1
8.212000	327.415485	13795	14122	102482	39177	99	2	96	1
7.947000	328.198964	14711	15090	102459	41696	91	0	90	1
6.984000	329.659833	13064	13330	98276	37146	91	1	89	1
14.793000	332.061268	22309	22698	179338	62764	88	2	81	5
13.919000	325.750569	20013	20412	163502	56696	90	2	87	1
8.389000	330.534111	14719	15041	111226	41486	90	1	87	2
9.861000	326.999204	16771	17321	133639	47912	99	1	98	0
8.182000	339.650397	14991	15419	110655	42821	89	0	87	2
10.874000	330.092612	19949	20217	140121	56153	97	0	96	1
14.898000	340.874477	25573	25913	210213	71899	82	0	81	1
13.012000	331.016375	17911	18202	133178	50557	88	1	85	2
12.404000	329.600338	21630	21976	165371	60756	98	0	95	3
5.737000	332.193323	10409	10717	73191	29475	91	0	91	0
12.422000	336.880188	21344	21737	172043	60244	80	0	78	2
21.374000	326.627521	32539	32783	246533	91122	101	0	101	0
16.343000	338.563817	28873	29317	216166	81341	79	0	79	0
9.332000	336.201009	13135	13301	90120	36887	92	3	85	4
10.678000	335.774127	17100	17480	136603	48534	91	3	86	2
15.444000	340.000745	26289	26590	213076	74118	81	1	79	1
10.525000	329.425823	16447	16738	111225	46423	100	0	100	0
10.118000	337.662853	14978	15280	116866	42572	94	3	88	3
6.936000	342.468059	12712	12900	96245	35763	80	2	75	3
14.352000	340.155724	21824	22087	174535	61438	83	1	81	1
9.453000	338.559431	15909	16214	110324	44902	88	0	87	1
16.403000	339.991617	28320	28764	229366	79742	87	1	82	4
11.889000	333.545715	15786	16158	121006	44748	91	1	88	2
10.092000	336.283882	16902	17167	132905	47653	91	1	89	1
11.359000	341.931298	19789	20139	157169	55983	84	1	82	1
5.509000	338.361217	10322	10513	70506	29230	101	1	100	0
13.326000	343.030350	21309	21631	162900	59807	83	1	79	3
7.425000	342.700283	11964	12300	79840	34020	96	1	94	1
14.258000	347.320169	21767	22085	160581	61150	92	0	90	2
11.701000	336.044056	19645	19948	157512	55440	101	1	95	5
12.503000	342.746531	19348	19667	149015	54429	83	1	81	1
9.683000	339.502614	14759	15012	101817	41449	88	2	84	2
8.583000	336.549510	15700	16131	118840	44594	100	0	100	0
9.332000	344.186723	17518	17792	130362	49493	92	0	89	3
8.997000	348.903411	15957	16445	127163	45447	82	1	79	2
12.369000	342.904537	19303	19663	145123	54454	91	1	89	1
9.773000	339.779633	17446	17827	134177	49364	89	0	87	2
15.862000	346.779434	21655	22156	180453	61278	95	1	91	3
8.518000	343.835002	14663	15126	107400	41894	92	0	89	3
18.569000	345.423449	33631	34044	260850	94608	93	0	93	0
9.720000	348.954448	16333	16699	124124	46321	81	1	79	1
13.574000	346.186965	18921	19262	147093	53444	89	1	87	1
18.970000	345.422780	32941	33317	268954	92534	96	0	95	1
11.322000	347.471735	20459	20705	151635	57526	95	1	93	1
9.752000	352.827810	12928	13068	92374	36350	90	1	88	1
7.227000	351.149431	11841	12190	77746	33680	97	0	96	1
10.825000	348.467087	18516	18890	143197	52206	93	2	90	1
11.246000	346.319575	20026	20393	162351	56668	97	2	93	2
7.160000	344.197737	9999	10197	66346	28340	103	0	102	1
13.421000	342.035338	20410	20692	149662	57263	95	1	93	1
11.333000	349.312802	19981	20345	159435	56490	90	1	87	2
12.734000	348.278124	22445	22814	183103	63423	88	0	86	2
16.977000	345.864525	28324	28720	230484	79813	88	1	85	2
6.614000	350.718774	12196	12559	93533	34766	102	3	96	3
15.118000	346.629585	23072	23409	191224	64918	91	0	87	4
14.828000	346.090375	21179	21455	159081	59371	93	1	92	0
19.537000	348.629688	30407	30933	240137	85861	98	0	96	2
10.253000	348.388717	18083	18500	140453	51221	95	1	92	2
15.941000	353.742485	28171	28435	214062	78941	98	0	97	1
13.221000	352.733819	21536	21860	164752	60632	101	0	100	1
12.011000	352.798740	20455	20927	158043	58042	93	0	89	4
10.130000	350.669271	17650	18036	143038	49959	99	2	95	2
7.364000	343.943279	13045	13519	99942	37199	103	3	99	1
15.636000	343.485154	23726	24145	188409	66839	95	0	90	5
11.726000	365.969153	18891	19453	155792	53629	83	0	80	3
15.239000	353.417322	26070	26555	213915	73608	91	0	87	4
9.299000	354.374098	16812	17105	118667	47470	95	2	93	0
10.144000	353.068901	13126	13462	86358	37361	96	1	92	3
14.001000	350.593293	24635	24967	185175	69405	103	2	100	1
8.594000	353.533955	15748	16087	113449	44530	99	2	96	1
12.675000	354.984821	21751	22089	170436	61071	96	1	92	3
23.487000	355.385402	33270	33830	278263	93794	98	0	96	2
14.533000	355.759174	21719	22117	176946	61336	92	3	87	2
18.111000	350.564653	28100	28476	230794	79097	95	2	88	5
7.677000	362.225363	13679	14053	106127	38911	89	0	86	3
8.608000	357.641916	15448	15869	120574	44010	100	1	97	2
14.826000	363.217434	19370	19817	158396	55070	85	1	82	2
18.701000	350.597100	25029	25280	180377	70420	104	0	104	0
11.074000	353.099339	18045	18608	145448	51420	107	0	104	3
21.260000	357.289811	36804	37315	280681	103551	96	0	95	1
6.611000	355.431331	12478	12723	89414	35200	98	1	93	4
17.646000	359.624157	27524	28023	215675	77764	93	0	93	0
19.019000	362.413545	31158	31683	247507	87805	90	1	88	1
18.383000	354.012883	25737	26089	202306	72336	93	1	91	1
4.256000	361.763613	8104	8304	49067	23017	96	4	92	0
7.679000	357.496640	14323	14599	95759	40294	85	1	83	1
10.970000	352.574280	20272	20529	156019	56871	96	0	95	1
20.775000	354.211915	30966	31252	234144	86895	101	0	101	0
13.728000	364.519084	20716	21124	167422	58588	94	0	92	2
9.971000	357.946216	18079	18447	130322	51041	92	0	89	3
10.473000	362.463473	18471	18786	140649	52137	89	0	84	5
10.511000	350.301201	19046	19302	145567	53759	103	0	100	3
10.900000	358.217526	20539	20766	143093	57679	94	0	91	3
6.448000	361.353755	12420	12628	76437	35196	101	0	100	1
19.380000	364.767321	31033	31406	237339	87023	93	0	92	1
15.025000	361.390924	23188	23491	182182	65296	105	0	100	5
17.185000	371.154275	31097	31356	237499	87136	97	1	94	2
19.399000	364.912703	28335	28810	227463	79661	99	0	99	0
12.181000	358.331642	20770	21101	156012	58175	97	2	94	1
20.881000	365.354456	30256	30562	222631	84914	92	0	91	1
9.356000	360.420793	17230	17558	120397	48680	97	0	94	3
16.242000	358.825856	24532	24976	195281	69351	104	0	104	0
17.347000	363.477872	28663	29083	231401	80522	99	1	98	0
6.878000	370.826048	12434	12568	89593	34931	91	2	88	1
10.478000	363.818652	18636	19061	151697	52880	97	4	91	2
24.765000	374.784705	35921	36394	299221	101021	89	3	84	2
11.687000	362.559002	21818	22085	166371	61068	94	0	88	6
16.902000	367.390083	29161	29617	237018	82376	98	1	94	3
12.670000	358.793129	22465	22723	166076	62929	95	2	91	2
4.727000	361.567006	8929	9109	59050	25292	112	1	110	1
15.604000	366.787356	28031	28411	217594	78818	101	0	97	4
10.249000	369.743595	15382	15705	112343	43418	96	2	93	1
15.458000	359.281313	23679	23985	185753	66584	112	0	110	2
9.832000	362.876772	18546	18814	128020	52224	109	1	107	1
13.429000	369.909530	24033	24474	189403	67552	103	1	98	4
9.404000	371.000729	17395	17664	128113	48950	100	2	95	3
12.026000	366.317259	21971	22223	151134	61575	99	0	99	0
15.790000	370.715353	22737	23115	174928	63918	95	1	90	4
16.595000	364.356408	25830	26139	199974	72551	99	0	95	4
17.359000	371.162629	27440	27892	214825	77261	88	1	86	1
14.770000	371.596355	23697	23999	184645	66664	99	0	97	2
6.762000	369.241396	12504	12840	88171	35630	105	1	102	2
9.353000	369.285947	13375	13532	88957	37493	98	2	94	2
17.019000	363.607056	28163	28522	221425	79080	101	0	98	3
7.368000	370.170709	13949	14104	92149	39238	108	1	106	1
22.010000	372.601580	31711	32085	238241	89285	113	2	108	3
12.890000	371.162125	21762	22460	174017	62088	92	1	91	0
17.573000	378.319666	30084	30398	235636	84230	97	0	95	2
13.037000	369.272435	22295	22629	176367	62786	110	1	108	1
15.315000	378.292682	24415	24928	195436	69059	91	0	91	0
22.543000	377.819303	34959	35455	284057	98495	96	0	95	1
12.009000	377.619020	20879	21250	168215	58799	97	0	97	0
14.258000	367.625812	22711	22983	159881	63680	109	0	105	4
13.681000	373.089153	21189	21580	167348	59838	103	0	102	1
9.541000	381.500522	17697	18050	124461	50041	95	0	93	2
11.773000	372.653810	22002	22249	152817	61646	107	0	106	1
7.622000	373.807308	13791	14169	97745	38952	97	2	92	3
10.658000	376.472545	19720	19976	137801	55408	106	0	105	1
18.610000	369.252214	28382	28753	239480	79790	111	0	106	5
9.582000	378.633986	16927	17325	134356	48017	95	0	93	2
12.562000	369.410369	22989	23238	161460	64404	106	1	105	0
18.191000	376.820662	31105	31402	262120	87293	100	1	98	1
23.045000	378.679837	33917	34237	263422	95011	103	4	96	3
12.227000	379.737446	21852	22203	178264	61575	89	0	87	2
13.989000	374.498817	25856	26103	192569	72135	98	0	96	2
19.968000	385.920497	34694	35174	289690	97495	101	0	97	4
10.806000	384.224471	19284	19572	144802	54046	100	2	95	3
12.009000	380.551169	22267	22520	172817	62586	109	2	104	3
15.339000	390.527376	27318	27707	227322	76798	95	0	95	0
14.882000	378.233841	22406	22854	181905	63387	102	3	95	4
25.928000	374.252508	34122	34584	261571	95972	102	0	100	2
14.216000	381.341894	23820	24247	191540	67096	101	1	94	6
19.391000	379.791826	32794	33097	266632	92142	96	0	94	2
14.821000	370.051770	21794	21991	149028	60959	99	1	96	2
19.883000	380.659364	34960	35398	277619	98058	97	1	94	2
17.431000	392.114655	25971	26308	194720	72780	100	0	99	1
27.078000	382.074330	41710	42137	319667	117210	101	0	101	0
12.868000	380.843710	22466	22807	175854	63301	109	1	107	1
17.480000	374.468633	27696	28217	219078	78099	107	0	105	2
17.770000	384.576168	26626	27104	219815	75185	107	1	104	2
24.571000	377.019561	35816	36292	297922	100539	108	0	106	2
11.307000	388.411888	19054	19427	141957	53867	106	1	99	6
14.304000	395.323977	24755	25365	210118	70052	95	0	91	4
10.945000	389.384553	20036	20337	158797	56587	93	0	91	2
12.711000	391.085985	20604	21001	162940	58520	100	0	98	2
13.213000	374.480148	20421	20667	141651	57136	117	0	116	1
13.318000	390.946199	20514	20891	158242	57931	90	4	83	3
13.830000	386.514176	21231	21464	156384	59518	107	0	105	2
9.197000	394.019186	15982	16306	124941	45200	89	3	82	4
11.334000	392.196234	17051	17416	136005	48115	98	1	92	5
24.952000	381.624737	35975	36418	287764	101124	115	1	114	0
12.125000	394.750889	20159	20536	152693	57021	100	1	97	2
17.148000	391.383380	27373	27830	224355	77315	95	0	91	4
21.320000	388.775886	29984	30616	256025	84780	98	0	95	3
8.421000	388.976366	14904	15266	114586	42380	105	1	103	1
13.131000	385.649852	17141	17579	135801	48716	109	2	104	3
19.751000	390.660108	33425	33928	276278	94087	107	2	102	3
23.315000	380.484376	38776	39184	319469	108830	111	3	105	3
22.426000	379.685848	36265	36596	285999	101679	120	0	118	2
17.569000	391.870292	24673	25289	202571	69773	103	3	96	4
8.253000	384.810035	14930	15296	108260	42327	114	1	112	1
19.189000	388.792369	34272	34745	276005	96511	104	0	103	1
13.940000	392.213863	25690	25970	187315	71916	103	0	101	2
18.494000	390.335045	31764	32129	262609	89173	97	0	96	1
13.793000	390.636481	21974	22387	163258	62147	108	1	106	1
19.127000	385.924915	30508	30958	247056	85802	108	2	103	3
10.914000	399.883167	17859	18328	143661	50793	109	2	103	4
23.022000	389.991738	33513	33914	282291	94074	105	0	104	1
19.123000	390.346382	30928	31305	251262	86851	111	0	109	2
20.217000	394.139625	34093	34544	270893	95975	107	0	106	1
14.834000	393.990828	25448	25753	192660	71456	105	0	102	3
11.412000	397.207893	15160	15468	111619	42888	102	0	101	1
17.946000	387.584725	30752	31138	248078	86413	113	0	111	2
12.269000	397.151034	16912	17431	136341	48390	97	0	94	3
25.549000	395.118411	41194	41566	332528	115427	110	1	106	3
20.108000	395.989744	32853	33246	251836	92327	100	0	98	2
9.048000	395.342864	14150	14343	92871	39815	117	3	112	2
8.071000	388.452576	15012	15463	106691	42581	108	0	106	2
11.595000	393.389584	19905	20321	161056	56386	108	0	105	3
18.605000	396.247265	27994	28376	217020	78615	105	1	104	0
12.622000	390.877770	22445	22721	169086	62989	108	1	103	4
13.709000	389.210938	24704	24916	179650	69010	106	2	100	4
13.938000	392.547539	24450	24825	188910	68875	107	2	104	1
9.430000	392.159394	17423	17786	131614	49161	107	0	106	1
28.830000	397.718856	41550	42093	348004	116593	111	0	111	0
18.975000	402.341246	30141	30527	245382	84738	107	3	100	4
19.173000	395.818818	33028	33634	261846	93207	99	2	96	1
16.992000	390.497933	27365	27632	200303	76521	111	1	107	3
16.067000	400.628170	25048	25496	193877	70865	104	0	101	3
13.851000	405.480676	19307	19752	157730	54665	97	0	94	3
6.977000	397.690396	13048	13257	86126	36742	115	0	113	2
18.099000	391.170386	32835	33252	254043	92563	111	0	109	2
16.788000	407.436952	23750	24130	165633	66705	106	3	102	1
11.507000	394.198089	20770	21205	164811	58527	117	2	111	4
16.979000	405.139112	28270	28813	235615	79829	105	2	95	8
11.213000	397.054788	20169	20644	156143	57205	126	1	125	0
16.526000	400.123497	22718	23426	182174	64531	113	2	107	4
11.112000	394.429080	18288	18585	135676	51741	109	1	104	4
11.641000	399.806017	20709	21106	164777	58636	114	1	111	2
11.963000	399.797682	21518	21881	163334	60662	107	1	106	0
10.756000	401.428242	15409	15799	115972	43776	112	4	107	1
20.231000	402.693051	32049	32410	268060	90083	95	3	90	2
18.768000	402.291298	28143	28484	232984	79242	99	1	97	1
17.990000	401.051523	29585	29996	242903	83184	107	1	105	1
13.232000	404.951242	20917	21192	169194	59020	118	2	113	3
15.226000	394.769898	27373	27957	216129	77327	115	1	109	5
16.405000	403.756075	23282	23747	176808	65624	108	1	104	3
19.661000	399.358120	34085	34534	279419	95771	115	0	114	1
17.607000	407.958864	31183	31587	224394	87576	103	0	103	0
9.432000	403.681187	17861	17929	119487	49837	113	1	110	2
11.486000	405.657043	19358	19623	134662	54426	114	1	112	1
16.477000	405.456726	25045	25364	202253	70583	111	0	109	2
16.764000	407.213931	30644	31032	227774	85915	106	0	105	1
22.023000	401.010867	37486	37902	303373	105191	119	0	119	0
24.813000	413.851577	37956	38412	315867	106424	111	1	109	1
12.657000	408.466279	19378	19553	129726	54280	111	0	111	0
21.785000	410.559134	38002	38461	296586	106736	116	2	114	0
14.325000	406.528051	23536	23889	168781	66188	105	1	102	2
23.665000	399.087587	37018	37474	309277	103981	113	1	110	2
15.252000	409.162004	27144	27453	190866	76309	105	0	103	2
10.540000	411.513545	15578	16052	118657	44231	109	5	100	4
14.517000	411.805895	19925	20356	157057	56638	114	3	110	1
22.757000	407.917208	37046	37301	301799	103446	113	2	110	1
6.783000	411.510214	12767	13039	86627	36167	112	0	111	1
14.254000	404.021705	24783	25093	176805	69789	117	0	114	3
17.472000	405.875055	27467	27809	193634	77300	124	1	121	2
18.100000	416.723500	31238	31654	252326	88028	98	2	93	3
12.929000	421.196318	23935	24177	183993	67331	112	0	106	6
24.966000	405.760668	37237	37572	286349	104350	122	2	120	0
16.297000	410.816671	28892	29139	236062	80987	104	1	101	2
18.200000	415.115606	29261	29458	218809	81951	107	2	105	0
16.338000	415.699322	25609	25800	195139	71772	115	2	110	3
18.778000	415.392867	31934	32556	273772	90066	104	1	98	5
20.076000	415.884228	34017	34467	280309	95667	112	0	107	5
14.778000	413.728194	27283	27622	196294	76555	110	0	110	0
14.874000	410.860311	21990	22342	170619	61965	116	2	110	4
8.360000	414.700241	13276	13647	93448	37761	108	1	106	1
12.633000	412.196997	22520	22835	174054	63370	115	0	112	3
15.066000	411.762740	26561	26921	210866	74757	121	0	120	1
12.352000	420.331463	21796	22361	163215	61939	106	0	101	5
15.405000	422.409263	21486	21797	163027	60408	104	4	99	1
25.535000	419.895216	38533	39182	325768	108611	99	1	94	4
22.519000	416.693358	32267	32636	271725	90513	112	1	108	3
26.456000	423.602488	40218	40612	336727	112596	107	0	104	3
19.819000	421.389679	28880	29361	240610	81574	104	1	100	3
15.577000	423.518687	23520	23928	183733	66032	108	0	107	1
12.325000	423.732939	22750	23008	156373	64018	112	0	112	0
21.169000	412.231116	37358	37691	295776	104667	120	0	119	1
15.560000	418.607628	27488	27722	212076	76765	109	3	103	3
23.465000	418.183376	34506	34912	267531	97039	109	0	108	1
14.266000	415.357195	26445	26739	188994	74073	116	5	109	2
11.506000	412.725533	20685	21087	167136	58672	123	2	118	3
18.141000	420.402115	31991	32376	244798	89953	107	1	101	5
15.166000	428.499953	23398	23766	178215	65850	108	3	102	3
14.134000	417.362542	22180	22461	175298	62539	124	2	120	2
16.962000	422.000025	26492	26913	216085	74633	115	1	113	1
15.715000	418.822697	26012	26452	197824	73221	115	0	114	1
21.882000	430.180521	32197	32616	273549	90599	101	2	95	4
19.969000	420.553027	34651	35049	266887	97371	123	2	121	0
13.138000	417.762484	23195	23679	175483	65526	118	0	112	6
11.584000	419.873052	15542	15874	106415	43950	119	0	118	1
17.369000	418.075534	29091	29510	233081	81846	118	1	115	2
8.860000	406.467099	16753	17031	115662	47045	131	0	129	2
23.206000	413.094798	33665	34100	270620	94481	124	0	121	3
29.635000	428.952843	44384	44924	366721	124814	111	0	109	2
20.181000	430.097452	29255	29732	237165	82471	98	0	96	2
21.456000	423.804359	37217	37553	302597	104467	118	1	117	0
9.642000	422.594331	17979	18331	124268	50885	121	0	119	2
15.797000	420.323783	27051	27426	217953	76089	115	1	108	6
13.509000	429.816262	22639	23127	182906	64083	105	2	100	3
13.304000	423.718952	23129	23681	183962	65457	113	1	111	1
32.613000	422.132366	49322	50015	408754	138611	126	0	124	2
14.744000	414.061139	27355	27559	193674	76473	121	1	118	2
16.921000	419.903596	29544	29919	239931	83018	123	0	122	1
19.285000	433.984641	29385	29806	243048	82933	109	0	107	2
33.031000	429.662280	49281	49695	409458	138046	120	1	115	4
13.798000	433.481358	23848	24290	186741	67218	117	2	111	4
24.750000	429.375117	36338	36878	306529	102205	115	1	111	3
31.227000	428.667081	45314	45739	360208	127067	101	1	96	4
20.325000	431.491174	29948	30362	247746	84425	117	2	112	3
10.314000	439.567795	17595	17928	136680	49816	101	3	95	3
18.621000	426.261634	25614	26018	205347	72073	120	1	116	3
11.911000	426.599205	20629	21018	161001	58301	115	1	112	2
17.127000	431.350691	30844	31124	230282	86236	119	3	114	2
11.878000	436.101059	22427	22679	165644	62961	116	2	110	4
18.625000	431.894779	26796	27369	224391	75962	116	3	111	2
28.697000	428.275441	41897	42441	348657	117554	115	1	113	1
19.685000	429.122139	34678	35141	281883	97544	122	0	117	5
18.174000	426.742415	31821	32104	236842	89115	118	1	116	1
11.334000	424.373258	20248	20672	149020	57332	123	1	121	1
13.987000	435.105356	26460	26784	202253	74606	118	1	114	3
8.783000	433.057689	16276	16580	120289	45852	115	1	110	4
17.785000	428.837150	32193	32500	246253	90040	126	0	124	2
